25
1 2
1 3
1 5
1 6
1 7
1 8
1 9
1 10
1 11
1 12
1 15
1 16
1 17
1 18
1 19
1 20
1 21
1 22
1 24
1 25
2 1
2 4
2 5
2 6
2 7
2 8
2 9
2 10
2 12
2 13
2 14
2 15
2 17
2 18
2 19
2 20
2 21
2 22
2 23
2 24
2 25
3 1
3 5
3 6
3 7
3 9
3 10
3 11
3 13
3 14
3 16
3 19
3 20
3 21
3 23
4 2
4 5
4 6
4 7
4 8
4 10
4 11
4 12
4 13
4 14
4 15
4 16
4 17
4 18
4 20
4 21
4 23
4 24
4 25
5 1
5 2
5 3
5 4
5 7
5 8
5 9
5 10
5 11
5 14
5 17
5 18
5 19
5 20
5 21
5 22
5 23
5 24
5 25
6 1
6 2
6 3
6 4
6 7
6 8
6 9
6 10
6 11
6 12
6 13
6 14
6 15
6 17
6 18
6 19
6 20
6 21
6 22
6 23
6 25
7 1
7 2
7 3
7 4
7 5
7 6
7 10
7 11
7 14
7 15
7 16
7 18
7 19
7 20
7 21
7 22
7 23
7 24
7 25
8 1
8 2
8 4
8 5
8 6
8 9
8 10
8 11
8 12
8 13
8 14
8 15
8 16
8 17
8 18
8 20
8 22
8 23
8 24
8 25
9 1
9 2
9 3
9 5
9 6
9 8
9 10
9 11
9 12
9 13
9 14
9 15
9 16
9 17
9 18
9 19
9 20
9 21
9 24
9 25
10 1
10 2
10 3
10 4
10 5
10 6
10 7
10 8
10 9
10 11
10 13
10 14
10 15
10 16
10 19
10 20
10 21
10 23
10 24
10 25
11 1
11 3
11 4
11 5
11 6
11 7
11 8
11 9
11 10
11 12
11 13
11 14
11 15
11 16
11 17
11 18
11 19
11 20
11 21
11 24
11 25
12 1
12 2
12 4
12 6
12 8
12 9
12 11
12 13
12 14
12 16
12 17
12 19
12 20
12 24
13 2
13 3
13 4
13 6
13 8
13 9
13 10
13 11
13 12
13 15
13 16
13 17
13 18
13 19
13 20
13 21
13 23
13 25
14 2
14 3
14 4
14 5
14 6
14 7
14 8
14 9
14 10
14 11
14 12
14 16
14 17
14 18
14 21
14 22
14 23
14 24
15 1
15 2
15 4
15 6
15 7
15 8
15 9
15 10
15 11
15 13
15 16
15 17
15 18
15 19
15 21
15 22
15 23
15 24
16 1
16 3
16 4
16 7
16 8
16 9
16 10
16 11
16 12
16 13
16 14
16 15
16 18
16 20
16 23
17 1
17 2
17 4
17 5
17 6
17 8
17 9
17 11
17 12
17 13
17 14
17 15
17 18
17 19
17 22
17 23
17 25
18 1
18 2
18 4
18 5
18 6
18 7
18 8
18 9
18 11
18 13
18 14
18 15
18 16
18 17
18 19
18 20
18 21
18 22
18 24
18 25
19 1
19 2
19 3
19 5
19 6
19 7
19 9
19 10
19 11
19 12
19 13
19 15
19 17
19 18
19 20
19 21
19 22
19 25
20 1
20 2
20 3
20 4
20 5
20 6
20 7
20 8
20 9
20 10
20 11
20 12
20 13
20 16
20 18
20 19
20 21
20 22
20 23
20 24
20 25
21 1
21 2
21 3
21 4
21 5
21 6
21 7
21 9
21 10
21 11
21 13
21 14
21 15
21 18
21 19
21 20
21 22
21 23
22 1
22 2
22 5
22 6
22 7
22 8
22 14
22 15
22 17
22 18
22 19
22 20
22 21
22 23
22 24
22 25
23 2
23 3
23 4
23 5
23 6
23 7
23 8
23 10
23 13
23 14
23 15
23 16
23 17
23 20
23 21
23 22
24 1
24 2
24 4
24 5
24 7
24 8
24 9
24 10
24 11
24 12
24 14
24 15
24 18
24 20
24 22
25 1
25 2
25 4
25 5
25 6
25 7
25 8
25 9
25 10
25 11
25 13
25 17
25 18
25 19
25 20
25 22
