100
1 9
1 11
1 12
1 16
1 17
1 18
1 19
1 20
1 21
1 25
1 26
1 28
1 30
1 31
1 32
1 38
1 40
1 42
1 43
1 45
1 46
1 50
1 52
1 53
1 54
1 56
1 61
1 63
1 65
1 66
1 67
1 68
1 70
1 72
1 73
1 74
1 77
1 78
1 79
1 80
1 82
1 83
1 84
1 94
1 95
1 98
1 99
1 100
2 3
2 6
2 8
2 10
2 13
2 15
2 17
2 18
2 19
2 22
2 23
2 28
2 30
2 31
2 40
2 41
2 43
2 44
2 48
2 49
2 50
2 54
2 58
2 59
2 60
2 61
2 62
2 64
2 65
2 66
2 68
2 70
2 71
2 72
2 73
2 75
2 76
2 77
2 79
2 84
2 86
2 90
2 92
2 93
2 99
3 2
3 4
3 7
3 8
3 9
3 11
3 13
3 14
3 18
3 19
3 27
3 29
3 32
3 33
3 35
3 37
3 39
3 45
3 48
3 50
3 55
3 57
3 58
3 66
3 68
3 70
3 71
3 76
3 78
3 83
3 84
3 87
3 88
3 89
4 3
4 5
4 8
4 9
4 11
4 13
4 14
4 15
4 17
4 25
4 26
4 27
4 31
4 32
4 33
4 37
4 38
4 40
4 41
4 42
4 44
4 47
4 51
4 53
4 55
4 56
4 57
4 60
4 62
4 66
4 70
4 72
4 73
4 78
4 80
4 83
4 86
4 88
4 90
4 91
4 93
4 94
4 100
5 4
5 6
5 7
5 8
5 12
5 13
5 14
5 17
5 20
5 21
5 26
5 27
5 29
5 30
5 32
5 39
5 42
5 43
5 45
5 48
5 54
5 55
5 56
5 57
5 58
5 60
5 62
5 67
5 69
5 71
5 72
5 77
5 80
5 82
5 84
5 85
5 86
5 87
5 89
5 97
5 98
5 99
6 2
6 5
6 8
6 10
6 12
6 13
6 15
6 16
6 21
6 24
6 27
6 28
6 30
6 31
6 32
6 37
6 38
6 39
6 40
6 43
6 44
6 48
6 49
6 50
6 51
6 54
6 55
6 57
6 59
6 65
6 68
6 70
6 72
6 75
6 76
6 81
6 84
6 87
6 92
6 95
6 97
6 100
7 3
7 5
7 9
7 10
7 11
7 16
7 19
7 20
7 21
7 32
7 35
7 36
7 37
7 38
7 41
7 42
7 45
7 48
7 49
7 51
7 52
7 53
7 61
7 62
7 65
7 66
7 70
7 73
7 74
7 76
7 78
7 79
7 81
7 82
7 83
7 84
7 85
7 98
7 99
7 100
8 2
8 3
8 4
8 5
8 6
8 9
8 15
8 16
8 19
8 21
8 22
8 23
8 24
8 25
8 27
8 28
8 29
8 30
8 31
8 32
8 34
8 35
8 36
8 37
8 38
8 39
8 40
8 41
8 42
8 46
8 49
8 52
8 53
8 56
8 59
8 64
8 65
8 72
8 73
8 77
8 80
8 85
8 89
8 92
8 93
8 95
8 96
8 99
8 100
9 1
9 3
9 4
9 7
9 8
9 10
9 16
9 17
9 26
9 27
9 31
9 32
9 33
9 34
9 35
9 40
9 41
9 42
9 43
9 44
9 45
9 47
9 48
9 49
9 51
9 54
9 56
9 58
9 62
9 66
9 70
9 72
9 73
9 80
9 88
9 90
9 94
9 100
10 2
10 6
10 7
10 9
10 14
10 16
10 17
10 18
10 21
10 27
10 30
10 31
10 33
10 36
10 40
10 41
10 43
10 47
10 51
10 52
10 53
10 57
10 60
10 62
10 63
10 67
10 71
10 72
10 73
10 74
10 75
10 79
10 80
10 82
10 85
10 89
10 90
10 91
10 93
10 94
10 95
10 98
10 99
10 100
11 1
11 3
11 4
11 7
11 12
11 14
11 15
11 18
11 19
11 21
11 22
11 23
11 24
11 25
11 26
11 30
11 33
11 34
11 35
11 36
11 43
11 44
11 46
11 51
11 52
11 53
11 57
11 61
11 62
11 66
11 71
11 77
11 78
11 81
11 89
11 90
11 91
11 93
11 94
11 96
11 99
11 100
12 1
12 5
12 6
12 11
12 13
12 18
12 22
12 23
12 24
12 26
12 27
12 31
12 36
12 39
12 41
12 42
12 44
12 45
12 47
12 49
12 50
12 51
12 52
12 55
12 57
12 58
12 61
12 63
12 67
12 69
12 70
12 79
12 82
12 84
12 85
12 87
12 88
12 92
12 94
12 95
12 96
12 97
12 98
12 99
12 100
13 2
13 3
13 4
13 5
13 6
13 12
13 15
13 17
13 19
13 20
13 21
13 22
13 24
13 26
13 28
13 30
13 39
13 40
13 41
13 42
13 46
13 48
13 50
13 60
13 62
13 65
13 66
13 67
13 68
13 70
13 71
13 78
13 79
13 80
13 81
13 82
13 83
13 85
13 88
13 89
13 90
13 91
13 94
13 96
13 98
14 3
14 4
14 5
14 10
14 11
14 17
14 18
14 20
14 24
14 25
14 26
14 27
14 30
14 32
14 40
14 42
14 43
14 44
14 49
14 50
14 51
14 55
14 56
14 57
14 60
14 61
14 64
14 65
14 66
14 72
14 73
14 74
14 75
14 78
14 79
14 80
14 81
14 83
14 84
14 86
14 87
14 88
14 93
14 95
14 96
14 98
14 100
15 2
15 4
15 6
15 8
15 11
15 13
15 16
15 18
15 22
15 25
15 28
15 29
15 32
15 34
15 36
15 38
15 42
15 46
15 48
15 49
15 52
15 53
15 55
15 60
15 61
15 62
15 64
15 66
15 67
15 68
15 70
15 71
15 72
15 76
15 78
15 84
15 89
15 90
15 92
15 94
15 96
15 99
16 1
16 6
16 7
16 8
16 9
16 10
16 15
16 17
16 20
16 21
16 27
16 28
16 30
16 33
16 36
16 40
16 50
16 56
16 57
16 62
16 68
16 69
16 70
16 71
16 76
16 77
16 78
16 79
16 81
16 82
16 83
16 84
16 87
16 88
16 90
16 91
16 92
16 94
16 95
16 99
17 1
17 2
17 4
17 5
17 9
17 10
17 13
17 14
17 16
17 21
17 24
17 25
17 26
17 27
17 28
17 29
17 30
17 31
17 33
17 38
17 42
17 43
17 44
17 48
17 49
17 51
17 53
17 54
17 55
17 56
17 58
17 62
17 65
17 66
17 67
17 71
17 73
17 75
17 78
17 79
17 80
17 87
17 88
17 93
17 100
18 1
18 2
18 3
18 10
18 11
18 12
18 14
18 15
18 20
18 22
18 23
18 24
18 25
18 27
18 29
18 35
18 37
18 40
18 41
18 42
18 46
18 48
18 51
18 52
18 54
18 56
18 57
18 58
18 59
18 62
18 63
18 66
18 71
18 72
18 74
18 76
18 77
18 79
18 87
18 88
18 89
18 92
18 94
18 95
18 96
18 100
19 1
19 2
19 3
19 7
19 8
19 11
19 13
19 20
19 21
19 25
19 27
19 30
19 31
19 33
19 36
19 40
19 41
19 43
19 45
19 46
19 50
19 64
19 65
19 69
19 71
19 73
19 76
19 80
19 82
19 83
19 85
19 91
19 93
19 95
19 99
20 1
20 5
20 7
20 13
20 14
20 16
20 18
20 19
20 23
20 24
20 25
20 26
20 28
20 29
20 34
20 36
20 39
20 41
20 43
20 44
20 46
20 47
20 49
20 50
20 51
20 52
20 56
20 57
20 60
20 63
20 69
20 74
20 76
20 81
20 82
20 84
20 85
20 86
20 87
20 88
20 91
20 92
20 93
20 97
20 100
21 1
21 5
21 6
21 7
21 8
21 10
21 11
21 13
21 16
21 17
21 19
21 22
21 26
21 28
21 29
21 30
21 33
21 36
21 41
21 42
21 46
21 50
21 52
21 54
21 55
21 56
21 59
21 61
21 62
21 66
21 69
21 71
21 72
21 79
21 81
21 85
21 88
21 89
21 95
21 97
21 100
22 2
22 8
22 11
22 12
22 13
22 15
22 18
22 21
22 25
22 33
22 38
22 42
22 47
22 51
22 53
22 57
22 58
22 61
22 62
22 65
22 66
22 68
22 70
22 71
22 72
22 73
22 77
22 82
22 84
22 87
22 90
22 97
23 2
23 8
23 11
23 12
23 18
23 20
23 25
23 28
23 30
23 33
23 35
23 36
23 37
23 38
23 41
23 47
23 55
23 63
23 64
23 65
23 67
23 68
23 69
23 75
23 77
23 79
23 80
23 82
23 84
23 87
23 94
23 96
24 6
24 8
24 11
24 12
24 13
24 14
24 17
24 18
24 20
24 25
24 26
24 27
24 32
24 33
24 36
24 38
24 39
24 42
24 45
24 47
24 50
24 53
24 55
24 56
24 64
24 65
24 67
24 68
24 69
24 70
24 71
24 74
24 78
24 82
24 89
24 93
24 98
25 1
25 4
25 8
25 11
25 14
25 15
25 17
25 18
25 19
25 20
25 22
25 23
25 24
25 27
25 29
25 30
25 31
25 35
25 37
25 39
25 42
25 44
25 46
25 48
25 51
25 57
25 58
25 59
25 67
25 68
25 69
25 73
25 83
25 85
25 86
25 91
25 92
25 93
25 94
25 95
26 1
26 4
26 5
26 9
26 11
26 12
26 13
26 14
26 17
26 20
26 21
26 24
26 28
26 29
26 30
26 32
26 38
26 40
26 43
26 44
26 47
26 48
26 49
26 51
26 54
26 58
26 59
26 62
26 65
26 66
26 67
26 69
26 74
26 79
26 80
26 83
26 88
26 90
26 92
26 94
26 99
26 100
27 3
27 4
27 5
27 6
27 8
27 9
27 10
27 12
27 14
27 16
27 17
27 18
27 19
27 24
27 25
27 35
27 37
27 39
27 42
27 44
27 45
27 46
27 49
27 50
27 51
27 55
27 56
27 57
27 58
27 65
27 66
27 69
27 73
27 75
27 76
27 78
27 79
27 86
27 87
27 89
27 90
27 91
27 92
27 98
28 1
28 2
28 6
28 8
28 13
28 15
28 16
28 17
28 20
28 21
28 23
28 26
28 29
28 33
28 34
28 35
28 38
28 40
28 42
28 44
28 46
28 47
28 48
28 49
28 53
28 54
28 58
28 59
28 60
28 69
28 71
28 77
28 79
28 82
28 85
28 86
28 88
28 89
28 90
28 91
28 92
28 93
28 96
28 97
28 99
29 3
29 5
29 8
29 15
29 17
29 18
29 20
29 21
29 25
29 26
29 28
29 30
29 34
29 38
29 39
29 42
29 44
29 45
29 47
29 49
29 52
29 55
29 56
29 57
29 60
29 63
29 64
29 65
29 66
29 67
29 68
29 69
29 73
29 74
29 76
29 77
29 80
29 81
29 82
29 83
29 86
29 89
29 93
29 97
29 100
30 1
30 2
30 5
30 6
30 8
30 10
30 11
30 13
30 14
30 16
30 17
30 19
30 21
30 23
30 25
30 26
30 29
30 33
30 34
30 35
30 36
30 39
30 40
30 43
30 46
30 47
30 51
30 53
30 57
30 63
30 65
30 68
30 71
30 80
30 82
30 86
30 89
30 95
30 96
30 97
30 99
30 100
31 1
31 2
31 4
31 6
31 8
31 9
31 10
31 12
31 17
31 19
31 25
31 34
31 35
31 36
31 37
31 39
31 44
31 46
31 51
31 55
31 56
31 57
31 58
31 59
31 61
31 63
31 69
31 70
31 72
31 73
31 74
31 75
31 76
31 77
31 80
31 81
31 90
31 92
31 93
31 95
31 97
31 100
32 1
32 3
32 4
32 5
32 6
32 7
32 8
32 9
32 14
32 15
32 24
32 26
32 33
32 34
32 35
32 37
32 39
32 42
32 43
32 44
32 52
32 54
32 59
32 60
32 61
32 67
32 68
32 74
32 81
32 92
32 96
32 100
33 3
33 4
33 9
33 10
33 11
33 16
33 17
33 19
33 21
33 22
33 23
33 24
33 28
33 30
33 32
33 34
33 42
33 43
33 48
33 49
33 50
33 52
33 53
33 54
33 55
33 56
33 59
33 68
33 69
33 70
33 72
33 76
33 85
33 86
33 87
33 91
33 92
33 94
33 98
34 8
34 9
34 11
34 15
34 20
34 28
34 29
34 30
34 31
34 32
34 33
34 35
34 37
34 38
34 42
34 47
34 51
34 53
34 54
34 59
34 61
34 62
34 65
34 66
34 67
34 68
34 73
34 75
34 77
34 78
34 79
34 85
34 86
34 87
34 89
34 92
34 95
34 99
34 100
35 3
35 7
35 8
35 9
35 11
35 18
35 23
35 25
35 27
35 28
35 30
35 31
35 32
35 34
35 36
35 38
35 39
35 40
35 41
35 44
35 45
35 56
35 57
35 58
35 62
35 63
35 66
35 76
35 78
35 82
35 83
35 98
35 99
35 100
36 7
36 8
36 10
36 11
36 12
36 15
36 16
36 19
36 20
36 21
36 23
36 24
36 30
36 31
36 35
36 37
36 39
36 45
36 46
36 50
36 51
36 52
36 53
36 56
36 58
36 59
36 60
36 63
36 64
36 68
36 69
36 71
36 72
36 73
36 76
36 79
36 81
36 88
36 89
36 90
36 91
36 97
37 3
37 4
37 6
37 7
37 8
37 18
37 23
37 25
37 27
37 31
37 32
37 34
37 36
37 39
37 41
37 43
37 45
37 47
37 49
37 51
37 52
37 53
37 55
37 56
37 57
37 61
37 69
37 71
37 72
37 73
37 81
37 85
37 86
37 89
37 93
37 94
37 95
37 96
38 1
38 4
38 6
38 7
38 8
38 15
38 17
38 22
38 23
38 24
38 26
38 28
38 29
38 34
38 35
38 41
38 43
38 44
38 45
38 46
38 49
38 50
38 53
38 54
38 55
38 56
38 57
38 58
38 61
38 63
38 67
38 77
38 79
38 80
38 82
38 85
38 90
38 98
38 100
39 3
39 5
39 6
39 8
39 12
39 13
39 20
39 24
39 25
39 27
39 29
39 30
39 31
39 32
39 35
39 36
39 37
39 44
39 45
39 51
39 52
39 53
39 54
39 55
39 64
39 66
39 67
39 70
39 71
39 76
39 78
39 80
39 81
39 82
39 83
39 85
39 86
39 88
39 95
39 99
39 100
40 1
40 2
40 4
40 6
40 8
40 9
40 10
40 13
40 14
40 16
40 18
40 19
40 26
40 28
40 30
40 35
40 46
40 49
40 50
40 56
40 60
40 63
40 64
40 68
40 69
40 73
40 74
40 75
40 76
40 79
40 80
40 82
40 83
40 87
40 88
40 89
40 94
40 95
41 2
41 4
41 7
41 8
41 9
41 10
41 12
41 13
41 18
41 19
41 20
41 21
41 23
41 35
41 37
41 38
41 45
41 46
41 48
41 49
41 50
41 54
41 55
41 57
41 59
41 62
41 63
41 64
41 65
41 68
41 70
41 72
41 77
41 80
41 81
41 82
41 83
41 87
41 89
41 90
41 92
41 93
41 98
42 1
42 4
42 5
42 7
42 8
42 9
42 12
42 13
42 14
42 15
42 17
42 18
42 21
42 22
42 24
42 25
42 27
42 28
42 29
42 32
42 33
42 34
42 43
42 46
42 48
42 49
42 50
42 51
42 53
42 54
42 56
42 58
42 60
42 61
42 63
42 64
42 65
42 66
42 72
42 82
42 84
42 89
42 90
42 91
42 92
42 93
42 94
42 95
42 96
42 97
42 99
42 100
43 1
43 2
43 5
43 6
43 9
43 10
43 11
43 14
43 17
43 19
43 20
43 26
43 30
43 32
43 33
43 37
43 38
43 42
43 46
43 49
43 51
43 52
43 60
43 61
43 67
43 68
43 71
43 74
43 78
43 80
43 81
43 82
43 85
43 87
43 90
43 91
43 92
43 94
43 95
43 96
43 98
44 2
44 4
44 6
44 9
44 11
44 12
44 14
44 17
44 20
44 25
44 26
44 27
44 28
44 29
44 31
44 32
44 35
44 38
44 39
44 46
44 47
44 48
44 50
44 52
44 56
44 57
44 61
44 62
44 71
44 72
44 73
44 74
44 76
44 80
44 85
44 86
44 88
44 89
44 95
44 96
44 97
45 1
45 3
45 5
45 7
45 9
45 12
45 19
45 24
45 27
45 29
45 35
45 36
45 37
45 38
45 39
45 41
45 47
45 50
45 54
45 58
45 60
45 63
45 64
45 68
45 69
45 73
45 74
45 76
45 81
45 85
45 89
45 91
45 92
45 96
46 1
46 8
46 11
46 13
46 15
46 18
46 19
46 20
46 21
46 25
46 27
46 28
46 30
46 31
46 36
46 38
46 40
46 41
46 42
46 43
46 44
46 48
46 49
46 51
46 55
46 56
46 57
46 58
46 60
46 61
46 63
46 66
46 67
46 68
46 69
46 72
46 76
46 81
46 83
46 85
46 89
46 93
46 95
46 96
47 4
47 9
47 10
47 12
47 20
47 22
47 23
47 24
47 26
47 28
47 29
47 30
47 34
47 37
47 44
47 45
47 49
47 54
47 55
47 59
47 62
47 66
47 69
47 72
47 75
47 76
47 77
47 80
47 85
47 86
47 89
47 94
47 95
47 98
47 99
47 100
48 2
48 3
48 5
48 6
48 7
48 9
48 13
48 15
48 17
48 18
48 25
48 26
48 28
48 33
48 41
48 42
48 44
48 46
48 52
48 53
48 54
48 56
48 59
48 62
48 64
48 66
48 67
48 71
48 73
48 76
48 81
48 82
48 84
48 85
48 89
48 90
48 91
48 92
48 93
48 94
48 95
48 96
48 97
48 98
48 99
49 2
49 6
49 7
49 8
49 9
49 12
49 14
49 15
49 17
49 20
49 26
49 27
49 28
49 29
49 33
49 37
49 38
49 40
49 41
49 42
49 43
49 46
49 47
49 53
49 57
49 59
49 60
49 61
49 65
49 66
49 67
49 69
49 71
49 72
49 80
49 81
49 85
49 89
49 91
49 92
49 94
49 96
49 99
50 1
50 2
50 3
50 6
50 12
50 13
50 14
50 16
50 19
50 20
50 21
50 24
50 27
50 33
50 36
50 38
50 40
50 41
50 42
50 44
50 45
50 51
50 52
50 53
50 54
50 55
50 58
50 60
50 62
50 64
50 68
50 70
50 73
50 74
50 76
50 77
50 79
50 81
50 85
50 87
50 96
50 98
50 100
51 4
51 6
51 7
51 9
51 10
51 11
51 12
51 14
51 17
51 18
51 20
51 22
51 25
51 26
51 27
51 30
51 31
51 34
51 36
51 37
51 39
51 42
51 43
51 46
51 50
51 54
51 55
51 57
51 63
51 66
51 67
51 68
51 69
51 71
51 73
51 75
51 76
51 77
51 81
51 83
51 89
51 90
51 95
51 100
52 1
52 7
52 8
52 10
52 11
52 12
52 15
52 18
52 20
52 21
52 29
52 32
52 33
52 36
52 37
52 39
52 43
52 44
52 48
52 50
52 54
52 56
52 58
52 60
52 62
52 63
52 67
52 69
52 71
52 72
52 73
52 84
52 85
52 86
52 87
52 89
52 93
52 95
52 96
52 97
53 1
53 4
53 7
53 8
53 10
53 11
53 15
53 17
53 22
53 24
53 28
53 30
53 33
53 34
53 36
53 37
53 38
53 39
53 42
53 48
53 49
53 50
53 54
53 60
53 62
53 67
53 69
53 71
53 76
53 77
53 83
53 85
53 86
53 92
53 93
53 96
53 98
54 1
54 2
54 5
54 6
54 9
54 17
54 18
54 21
54 26
54 28
54 32
54 33
54 34
54 38
54 39
54 41
54 42
54 45
54 47
54 48
54 50
54 51
54 52
54 53
54 58
54 65
54 69
54 71
54 74
54 78
54 79
54 82
54 86
54 87
54 91
54 92
54 93
54 94
54 96
54 100
55 3
55 4
55 5
55 6
55 12
55 14
55 15
55 17
55 21
55 23
55 24
55 27
55 29
55 31
55 33
55 37
55 38
55 39
55 41
55 46
55 47
55 50
55 51
55 58
55 60
55 62
55 65
55 66
55 69
55 72
55 75
55 76
55 80
55 82
55 85
55 86
55 88
55 90
55 91
55 96
55 97
55 98
55 99
55 100
56 1
56 4
56 5
56 8
56 9
56 14
56 16
56 17
56 18
56 20
56 21
56 24
56 27
56 29
56 31
56 33
56 35
56 36
56 37
56 38
56 40
56 42
56 44
56 46
56 48
56 52
56 69
56 75
56 78
56 80
56 82
56 85
56 86
56 88
56 90
56 91
56 92
56 99
56 100
57 3
57 4
57 5
57 6
57 10
57 11
57 12
57 14
57 16
57 18
57 20
57 22
57 25
57 27
57 29
57 30
57 31
57 35
57 37
57 38
57 41
57 44
57 46
57 49
57 51
57 60
57 62
57 67
57 70
57 71
57 74
57 76
57 78
57 80
57 86
57 87
57 88
57 90
57 91
57 93
57 97
57 99
57 100
58 2
58 3
58 5
58 9
58 12
58 17
58 18
58 22
58 25
58 26
58 27
58 28
58 31
58 35
58 36
58 38
58 42
58 45
58 46
58 50
58 52
58 54
58 55
58 60
58 61
58 64
58 66
58 68
58 69
58 70
58 71
58 73
58 75
58 76
58 81
58 83
58 84
58 86
58 87
58 89
58 91
58 92
58 95
58 96
58 99
58 100
59 2
59 6
59 8
59 18
59 21
59 25
59 26
59 28
59 31
59 32
59 33
59 34
59 36
59 41
59 47
59 48
59 49
59 62
59 70
59 71
59 72
59 73
59 74
59 76
59 77
59 78
59 82
59 83
59 87
59 88
59 90
59 92
59 94
59 95
59 97
59 100
60 2
60 4
60 5
60 10
60 13
60 14
60 15
60 20
60 28
60 29
60 32
60 36
60 40
60 42
60 43
60 45
60 46
60 49
60 50
60 52
60 53
60 55
60 57
60 58
60 62
60 67
60 71
60 73
60 75
60 76
60 77
60 81
60 84
60 86
60 89
60 91
60 92
60 93
60 95
60 96
60 97
60 100
61 1
61 2
61 7
61 11
61 12
61 14
61 15
61 21
61 22
61 31
61 32
61 34
61 37
61 38
61 42
61 43
61 44
61 46
61 49
61 58
61 62
61 77
61 78
61 79
61 82
61 85
61 87
61 88
61 89
61 90
61 92
61 93
61 95
61 97
62 2
62 4
62 5
62 7
62 9
62 10
62 11
62 13
62 15
62 16
62 17
62 18
62 21
62 22
62 26
62 34
62 35
62 41
62 44
62 47
62 48
62 50
62 52
62 53
62 55
62 57
62 59
62 60
62 61
62 65
62 69
62 70
62 73
62 74
62 75
62 79
62 81
62 82
62 83
62 85
62 90
62 92
62 93
62 94
62 95
62 98
63 1
63 10
63 12
63 18
63 20
63 23
63 29
63 30
63 31
63 35
63 36
63 38
63 40
63 41
63 42
63 45
63 46
63 51
63 52
63 64
63 65
63 67
63 71
63 73
63 75
63 76
63 78
63 80
63 82
63 86
63 88
63 90
63 93
63 94
63 98
63 100
64 2
64 8
64 14
64 15
64 19
64 23
64 24
64 29
64 36
64 39
64 40
64 41
64 42
64 45
64 48
64 50
64 58
64 63
64 66
64 70
64 71
64 72
64 74
64 75
64 78
64 79
64 84
64 85
64 88
64 91
64 92
64 94
64 97
65 1
65 2
65 6
65 7
65 8
65 13
65 14
65 17
65 19
65 22
65 23
65 24
65 26
65 27
65 29
65 30
65 34
65 41
65 42
65 49
65 54
65 55
65 62
65 63
65 66
65 71
65 77
65 78
65 79
65 81
65 83
65 84
65 88
65 89
65 97
66 1
66 2
66 3
66 4
66 7
66 9
66 11
66 13
66 14
66 15
66 17
66 18
66 21
66 22
66 26
66 27
66 29
66 34
66 35
66 39
66 42
66 46
66 47
66 48
66 49
66 51
66 55
66 58
66 64
66 65
66 68
66 69
66 70
66 72
66 76
66 77
66 81
66 82
66 85
66 86
66 89
66 90
66 92
66 95
66 99
67 1
67 5
67 10
67 12
67 13
67 15
67 17
67 23
67 24
67 25
67 26
67 29
67 32
67 34
67 38
67 39
67 43
67 46
67 48
67 49
67 51
67 52
67 53
67 57
67 60
67 63
67 72
67 73
67 74
67 75
67 78
67 79
67 82
67 83
67 91
67 93
67 96
67 100
68 1
68 2
68 3
68 6
68 13
68 15
68 16
68 22
68 23
68 24
68 25
68 29
68 30
68 32
68 33
68 34
68 36
68 40
68 41
68 43
68 45
68 46
68 50
68 51
68 58
68 66
68 69
68 70
68 72
68 76
68 79
68 80
68 82
68 85
68 87
68 88
68 89
68 91
68 92
68 93
68 96
68 97
68 98
68 99
69 5
69 12
69 16
69 19
69 20
69 21
69 23
69 24
69 25
69 26
69 27
69 28
69 29
69 31
69 33
69 36
69 37
69 40
69 45
69 46
69 47
69 49
69 51
69 52
69 53
69 54
69 55
69 56
69 58
69 62
69 66
69 68
69 70
69 72
69 75
69 77
69 78
69 80
69 82
69 83
69 84
69 85
69 89
69 90
69 93
69 95
69 99
70 1
70 2
70 3
70 4
70 6
70 7
70 9
70 12
70 13
70 15
70 16
70 22
70 24
70 31
70 33
70 39
70 41
70 50
70 57
70 58
70 59
70 62
70 64
70 66
70 68
70 69
70 72
70 74
70 77
70 78
70 79
70 80
70 89
70 90
70 91
70 93
70 95
70 96
70 98
70 100
71 2
71 3
71 5
71 10
71 11
71 13
71 15
71 16
71 17
71 18
71 19
71 21
71 22
71 24
71 28
71 30
71 36
71 37
71 39
71 43
71 44
71 48
71 49
71 51
71 52
71 53
71 54
71 57
71 58
71 59
71 60
71 63
71 64
71 65
71 75
71 77
71 79
71 82
71 84
71 87
71 92
71 93
71 96
72 1
72 2
72 4
72 5
72 6
72 8
72 9
72 10
72 14
72 15
72 18
72 21
72 22
72 31
72 33
72 36
72 37
72 41
72 42
72 44
72 46
72 47
72 49
72 52
72 55
72 59
72 64
72 66
72 67
72 68
72 69
72 70
72 75
72 77
72 78
72 80
72 83
72 84
72 88
72 89
72 91
72 94
72 95
72 96
72 98
72 99
72 100
73 1
73 2
73 4
73 7
73 8
73 9
73 10
73 14
73 17
73 19
73 22
73 25
73 27
73 29
73 31
73 34
73 36
73 37
73 40
73 44
73 45
73 48
73 50
73 51
73 52
73 58
73 59
73 60
73 62
73 63
73 67
73 77
73 78
73 79
73 81
73 85
73 86
73 87
73 90
73 91
73 92
73 94
73 95
73 96
73 97
73 99
74 1
74 7
74 10
74 14
74 18
74 20
74 24
74 26
74 29
74 31
74 32
74 40
74 43
74 44
74 45
74 50
74 54
74 57
74 59
74 62
74 64
74 67
74 70
74 76
74 79
74 84
74 86
74 89
74 90
74 93
74 95
74 96
74 100
75 2
75 6
75 10
75 14
75 17
75 23
75 27
75 31
75 34
75 40
75 47
75 51
75 55
75 56
75 58
75 60
75 62
75 63
75 64
75 67
75 69
75 71
75 72
75 76
75 77
75 80
75 81
75 82
75 83
75 86
75 92
75 94
76 2
76 3
76 6
76 7
76 15
76 16
76 18
76 19
76 20
76 27
76 29
76 31
76 33
76 35
76 36
76 39
76 40
76 44
76 45
76 46
76 47
76 48
76 50
76 51
76 53
76 55
76 57
76 58
76 59
76 60
76 63
76 66
76 68
76 74
76 75
76 77
76 82
76 91
76 93
76 95
76 97
77 1
77 2
77 5
77 8
77 11
77 16
77 18
77 22
77 23
77 28
77 29
77 31
77 34
77 38
77 41
77 47
77 50
77 51
77 53
77 59
77 60
77 61
77 65
77 66
77 69
77 70
77 71
77 72
77 73
77 75
77 76
77 79
77 81
77 83
77 87
77 90
77 93
77 95
77 99
77 100
78 1
78 3
78 4
78 7
78 11
78 13
78 14
78 15
78 16
78 17
78 24
78 27
78 34
78 35
78 39
78 43
78 54
78 56
78 57
78 59
78 61
78 63
78 64
78 65
78 67
78 69
78 70
78 72
78 73
78 82
78 83
78 87
78 88
78 90
78 91
78 93
78 96
78 97
79 1
79 2
79 7
79 10
79 12
79 13
79 14
79 16
79 17
79 18
79 21
79 23
79 26
79 27
79 28
79 34
79 36
79 38
79 40
79 50
79 54
79 61
79 62
79 64
79 65
79 67
79 68
79 70
79 71
79 73
79 74
79 77
79 82
79 84
79 86
79 92
79 95
80 1
80 4
80 5
80 8
80 9
80 10
80 13
80 14
80 17
80 19
80 23
80 26
80 29
80 30
80 31
80 38
80 39
80 40
80 41
80 43
80 44
80 47
80 49
80 55
80 56
80 57
80 63
80 68
80 69
80 70
80 72
80 75
80 83
80 87
80 88
80 93
80 94
80 95
80 97
80 98
81 6
81 7
81 11
81 13
81 14
81 16
81 20
81 21
81 29
81 31
81 32
81 36
81 37
81 39
81 41
81 43
81 45
81 46
81 48
81 49
81 50
81 51
81 58
81 60
81 62
81 65
81 66
81 73
81 75
81 77
81 83
81 84
81 85
81 88
81 90
81 92
81 96
81 99
81 100
82 1
82 5
82 7
82 10
82 12
82 13
82 16
82 19
82 20
82 22
82 23
82 24
82 28
82 29
82 30
82 35
82 38
82 39
82 40
82 41
82 42
82 43
82 48
82 54
82 55
82 56
82 59
82 61
82 62
82 63
82 66
82 67
82 68
82 69
82 71
82 75
82 76
82 78
82 79
82 85
82 86
82 87
82 88
82 90
82 91
82 92
82 95
82 96
82 97
82 98
83 1
83 3
83 4
83 7
83 13
83 14
83 16
83 19
83 25
83 26
83 29
83 35
83 39
83 40
83 41
83 46
83 51
83 53
83 58
83 59
83 62
83 65
83 67
83 69
83 72
83 75
83 77
83 78
83 80
83 81
83 84
83 85
83 86
83 92
83 94
83 96
83 98
83 99
83 100
84 1
84 2
84 3
84 5
84 6
84 7
84 12
84 14
84 15
84 16
84 20
84 22
84 23
84 42
84 48
84 52
84 58
84 60
84 64
84 65
84 69
84 71
84 72
84 74
84 79
84 81
84 83
84 85
84 86
84 91
84 92
84 93
84 98
85 5
85 7
85 8
85 10
85 12
85 13
85 19
85 20
85 21
85 25
85 28
85 33
85 34
85 37
85 38
85 39
85 43
85 44
85 45
85 46
85 47
85 48
85 49
85 50
85 52
85 53
85 55
85 56
85 61
85 62
85 64
85 66
85 68
85 69
85 73
85 81
85 82
85 83
85 84
85 87
85 89
85 91
85 93
85 100
86 2
86 4
86 5
86 14
86 20
86 25
86 27
86 28
86 29
86 30
86 33
86 34
86 37
86 39
86 44
86 47
86 52
86 53
86 54
86 55
86 56
86 57
86 58
86 60
86 63
86 66
86 73
86 74
86 75
86 79
86 82
86 83
86 84
86 87
86 93
86 94
86 95
86 97
87 3
87 5
87 6
87 12
87 14
87 16
87 17
87 18
87 20
87 22
87 23
87 27
87 33
87 34
87 40
87 41
87 43
87 50
87 52
87 54
87 57
87 58
87 59
87 61
87 68
87 71
87 73
87 77
87 78
87 80
87 82
87 85
87 86
87 89
87 90
87 91
87 93
87 96
87 100
88 3
88 4
88 9
88 12
88 13
88 14
88 16
88 17
88 18
88 20
88 21
88 26
88 28
88 36
88 39
88 40
88 44
88 55
88 56
88 57
88 59
88 61
88 63
88 64
88 65
88 68
88 72
88 78
88 80
88 81
88 82
88 91
88 92
88 93
88 95
88 96
88 97
89 3
89 5
89 8
89 10
89 11
89 13
89 15
89 18
89 21
89 24
89 27
89 28
89 29
89 30
89 34
89 36
89 37
89 40
89 41
89 42
89 44
89 45
89 46
89 47
89 48
89 49
89 51
89 52
89 58
89 60
89 61
89 65
89 66
89 68
89 69
89 70
89 72
89 74
89 85
89 87
89 90
89 92
89 94
89 96
89 97
89 99
90 2
90 4
90 9
90 10
90 11
90 13
90 15
90 16
90 22
90 26
90 27
90 28
90 31
90 36
90 38
90 41
90 42
90 43
90 48
90 51
90 55
90 56
90 57
90 59
90 61
90 62
90 63
90 66
90 69
90 70
90 73
90 74
90 77
90 78
90 81
90 82
90 87
90 89
90 93
90 98
91 4
91 10
91 11
91 13
91 16
91 19
91 20
91 25
91 27
91 28
91 33
91 36
91 42
91 43
91 45
91 48
91 49
91 54
91 55
91 56
91 57
91 58
91 60
91 64
91 67
91 68
91 70
91 72
91 73
91 76
91 78
91 82
91 84
91 85
91 87
91 88
91 93
91 94
91 96
91 98
91 99
92 2
92 6
92 8
92 12
92 15
92 16
92 18
92 20
92 25
92 26
92 27
92 28
92 31
92 32
92 33
92 34
92 41
92 42
92 43
92 45
92 48
92 49
92 53
92 54
92 56
92 58
92 59
92 60
92 61
92 62
92 64
92 66
92 68
92 71
92 73
92 75
92 79
92 81
92 82
92 83
92 84
92 88
92 89
92 96
92 100
93 2
93 4
93 8
93 10
93 11
93 14
93 17
93 19
93 20
93 24
93 25
93 28
93 29
93 31
93 37
93 41
93 42
93 46
93 48
93 52
93 53
93 54
93 57
93 60
93 61
93 62
93 63
93 67
93 68
93 69
93 70
93 71
93 74
93 76
93 77
93 78
93 80
93 84
93 85
93 86
93 87
93 88
93 90
93 91
93 96
93 98
93 100
94 1
94 4
94 9
94 10
94 11
94 12
94 13
94 15
94 16
94 18
94 23
94 25
94 26
94 33
94 37
94 40
94 42
94 43
94 47
94 48
94 49
94 54
94 59
94 62
94 63
94 64
94 72
94 73
94 75
94 80
94 83
94 86
94 89
94 91
94 95
94 96
94 97
94 98
94 99
94 100
95 1
95 6
95 8
95 10
95 12
95 14
95 16
95 18
95 19
95 21
95 25
95 30
95 31
95 34
95 37
95 39
95 40
95 42
95 43
95 44
95 46
95 47
95 48
95 51
95 52
95 58
95 59
95 60
95 61
95 62
95 66
95 69
95 70
95 72
95 73
95 74
95 76
95 77
95 79
95 80
95 82
95 86
95 88
95 94
95 96
95 100
96 8
96 11
96 12
96 13
96 14
96 15
96 18
96 23
96 28
96 30
96 32
96 37
96 42
96 43
96 44
96 45
96 46
96 48
96 49
96 50
96 52
96 53
96 54
96 55
96 58
96 60
96 67
96 68
96 70
96 71
96 72
96 73
96 74
96 78
96 81
96 82
96 83
96 87
96 88
96 89
96 91
96 92
96 93
96 94
96 95
96 98
97 5
97 6
97 12
97 20
97 21
97 22
97 28
97 29
97 30
97 31
97 36
97 42
97 44
97 48
97 52
97 55
97 57
97 59
97 60
97 61
97 64
97 65
97 68
97 73
97 76
97 78
97 80
97 82
97 86
97 88
97 89
97 94
97 99
97 100
98 1
98 5
98 7
98 10
98 12
98 13
98 14
98 24
98 27
98 33
98 35
98 38
98 41
98 43
98 47
98 48
98 50
98 53
98 55
98 62
98 63
98 68
98 70
98 72
98 80
98 82
98 83
98 84
98 90
98 91
98 93
98 94
98 96
98 100
99 1
99 2
99 5
99 7
99 8
99 10
99 11
99 12
99 15
99 16
99 19
99 26
99 28
99 30
99 34
99 35
99 39
99 42
99 47
99 48
99 49
99 55
99 56
99 57
99 58
99 66
99 68
99 69
99 72
99 73
99 77
99 81
99 83
99 89
99 91
99 94
99 97
99 100
100 1
100 4
100 6
100 7
100 8
100 9
100 10
100 11
100 12
100 14
100 17
100 18
100 20
100 21
100 26
100 29
100 30
100 31
100 32
100 34
100 35
100 38
100 39
100 42
100 47
100 50
100 51
100 54
100 55
100 56
100 57
100 58
100 59
100 60
100 63
100 67
100 70
100 72
100 74
100 77
100 81
100 83
100 85
100 87
100 92
100 93
100 94
100 95
100 97
100 98
100 99
