100
1 4
1 5
1 7
1 8
1 14
1 15
1 16
1 20
1 23
1 26
1 28
1 32
1 33
1 34
1 35
1 36
1 37
1 38
1 41
1 42
1 43
1 44
1 45
1 46
1 47
1 49
1 55
1 56
1 66
1 73
1 75
1 78
1 79
1 80
1 81
1 83
1 85
1 88
1 89
1 96
1 97
1 98
1 99
2 3
2 6
2 15
2 16
2 19
2 20
2 21
2 24
2 25
2 27
2 28
2 33
2 36
2 38
2 39
2 41
2 47
2 50
2 51
2 58
2 60
2 64
2 67
2 68
2 69
2 76
2 78
2 84
2 86
2 88
2 89
2 94
2 95
2 97
2 98
2 100
3 2
3 4
3 5
3 6
3 9
3 10
3 12
3 14
3 16
3 17
3 25
3 29
3 30
3 35
3 38
3 40
3 41
3 43
3 45
3 47
3 48
3 51
3 55
3 57
3 58
3 62
3 65
3 69
3 72
3 74
3 80
3 81
3 89
3 91
3 93
3 99
4 1
4 3
4 5
4 6
4 7
4 9
4 12
4 22
4 25
4 26
4 28
4 30
4 32
4 35
4 36
4 37
4 38
4 40
4 41
4 48
4 49
4 53
4 56
4 57
4 60
4 65
4 66
4 68
4 69
4 74
4 81
4 82
4 84
4 89
4 90
4 92
4 93
4 95
4 97
4 99
5 1
5 3
5 4
5 6
5 9
5 11
5 15
5 21
5 23
5 29
5 31
5 34
5 35
5 37
5 38
5 39
5 40
5 42
5 43
5 44
5 50
5 52
5 53
5 55
5 59
5 60
5 65
5 66
5 67
5 68
5 70
5 71
5 72
5 75
5 76
5 78
5 81
5 83
5 84
5 85
5 86
5 88
5 89
5 91
5 93
5 94
5 95
5 97
5 98
5 99
5 100
6 2
6 3
6 4
6 5
6 7
6 12
6 20
6 21
6 26
6 33
6 34
6 36
6 38
6 44
6 45
6 46
6 50
6 53
6 56
6 59
6 60
6 61
6 64
6 65
6 66
6 70
6 71
6 72
6 75
6 77
6 83
6 84
6 85
6 93
6 94
6 95
6 97
6 98
6 100
7 1
7 4
7 6
7 9
7 10
7 17
7 22
7 23
7 26
7 27
7 33
7 40
7 41
7 43
7 44
7 46
7 48
7 49
7 51
7 53
7 55
7 59
7 61
7 66
7 67
7 69
7 76
7 80
7 85
7 93
7 94
7 95
7 97
7 100
8 1
8 9
8 10
8 11
8 13
8 15
8 18
8 19
8 21
8 25
8 26
8 27
8 32
8 36
8 37
8 40
8 41
8 44
8 48
8 53
8 54
8 56
8 57
8 60
8 62
8 63
8 67
8 71
8 73
8 86
8 88
8 91
8 92
8 94
8 95
8 96
8 97
8 99
8 100
9 3
9 4
9 5
9 7
9 8
9 11
9 13
9 18
9 21
9 22
9 24
9 27
9 29
9 30
9 31
9 32
9 39
9 40
9 42
9 44
9 50
9 52
9 54
9 58
9 59
9 60
9 61
9 63
9 65
9 66
9 67
9 68
9 72
9 73
9 75
9 77
9 79
9 83
9 84
9 85
9 89
9 91
9 94
9 98
10 3
10 7
10 8
10 11
10 14
10 15
10 16
10 20
10 24
10 26
10 27
10 32
10 34
10 37
10 39
10 41
10 42
10 43
10 48
10 51
10 53
10 55
10 56
10 60
10 61
10 62
10 64
10 65
10 70
10 71
10 75
10 80
10 81
10 82
10 85
10 95
10 97
10 99
10 100
11 5
11 8
11 9
11 10
11 12
11 18
11 20
11 21
11 23
11 24
11 27
11 30
11 32
11 33
11 35
11 37
11 39
11 41
11 43
11 44
11 47
11 52
11 56
11 60
11 61
11 62
11 63
11 66
11 67
11 69
11 72
11 74
11 75
11 77
11 78
11 81
11 84
11 85
11 87
11 89
11 92
11 94
11 95
11 96
11 97
11 100
12 3
12 4
12 6
12 11
12 13
12 14
12 16
12 22
12 29
12 30
12 31
12 33
12 36
12 38
12 39
12 41
12 42
12 44
12 46
12 47
12 49
12 52
12 53
12 57
12 62
12 65
12 71
12 73
12 74
12 77
12 80
12 82
12 89
12 95
12 97
12 98
12 99
13 8
13 9
13 12
13 17
13 20
13 24
13 25
13 27
13 30
13 32
13 34
13 35
13 37
13 40
13 41
13 47
13 48
13 53
13 54
13 57
13 66
13 69
13 71
13 72
13 74
13 76
13 77
13 83
13 88
13 89
13 91
13 93
13 96
13 97
13 99
14 1
14 3
14 10
14 12
14 18
14 19
14 21
14 27
14 28
14 30
14 35
14 38
14 44
14 48
14 49
14 50
14 51
14 53
14 59
14 62
14 64
14 65
14 78
14 79
14 81
14 85
14 87
14 91
14 95
14 97
15 1
15 2
15 5
15 8
15 10
15 16
15 17
15 21
15 25
15 28
15 32
15 35
15 36
15 37
15 39
15 43
15 47
15 48
15 51
15 54
15 57
15 58
15 59
15 60
15 61
15 63
15 66
15 68
15 69
15 75
15 76
15 80
15 81
15 82
15 85
15 86
15 90
15 91
15 94
15 97
15 98
16 1
16 2
16 3
16 10
16 12
16 15
16 19
16 20
16 24
16 26
16 31
16 35
16 37
16 38
16 40
16 41
16 44
16 48
16 50
16 51
16 52
16 53
16 56
16 59
16 60
16 62
16 65
16 71
16 72
16 73
16 74
16 75
16 80
16 81
16 82
16 84
16 87
16 88
16 90
16 92
16 94
16 95
17 3
17 7
17 13
17 15
17 18
17 19
17 21
17 26
17 33
17 37
17 40
17 42
17 45
17 47
17 49
17 50
17 53
17 57
17 59
17 62
17 64
17 65
17 73
17 76
17 78
17 80
17 82
17 84
17 85
17 91
17 92
17 93
17 98
17 100
18 8
18 9
18 11
18 14
18 17
18 22
18 23
18 24
18 25
18 28
18 37
18 39
18 42
18 50
18 51
18 52
18 54
18 56
18 57
18 58
18 59
18 67
18 71
18 78
18 81
18 84
18 85
18 94
18 98
18 99
19 2
19 8
19 14
19 16
19 17
19 26
19 27
19 29
19 33
19 34
19 36
19 39
19 40
19 41
19 44
19 45
19 48
19 50
19 53
19 54
19 56
19 62
19 64
19 66
19 69
19 72
19 83
19 85
19 88
19 92
19 93
19 94
19 98
20 1
20 2
20 6
20 10
20 11
20 13
20 16
20 21
20 25
20 26
20 27
20 30
20 32
20 33
20 34
20 37
20 38
20 40
20 42
20 46
20 47
20 49
20 51
20 52
20 53
20 56
20 59
20 60
20 64
20 65
20 66
20 69
20 71
20 73
20 74
20 82
20 83
20 87
20 88
20 90
20 92
20 96
21 2
21 5
21 6
21 8
21 9
21 11
21 14
21 15
21 17
21 20
21 28
21 29
21 39
21 42
21 43
21 46
21 49
21 53
21 57
21 59
21 60
21 61
21 65
21 66
21 67
21 73
21 78
21 80
21 82
21 84
21 87
21 88
21 92
21 93
21 97
21 100
22 4
22 7
22 9
22 12
22 18
22 24
22 25
22 28
22 29
22 31
22 32
22 35
22 36
22 37
22 40
22 41
22 42
22 45
22 52
22 54
22 56
22 58
22 59
22 61
22 66
22 68
22 70
22 72
22 74
22 75
22 76
22 80
22 81
22 89
22 90
22 92
22 93
22 94
22 96
22 98
22 100
23 1
23 5
23 7
23 11
23 18
23 31
23 33
23 34
23 37
23 39
23 43
23 47
23 48
23 50
23 54
23 58
23 61
23 62
23 63
23 64
23 69
23 72
23 76
23 77
23 78
23 85
23 88
23 91
23 92
23 93
23 94
23 95
23 96
23 97
24 2
24 9
24 10
24 11
24 13
24 16
24 18
24 22
24 25
24 29
24 32
24 36
24 38
24 40
24 42
24 44
24 46
24 49
24 55
24 56
24 57
24 62
24 63
24 67
24 69
24 70
24 74
24 76
24 77
24 83
24 85
24 91
24 92
24 93
24 94
24 97
24 99
24 100
25 2
25 3
25 4
25 8
25 13
25 15
25 18
25 20
25 22
25 24
25 27
25 30
25 33
25 35
25 36
25 40
25 43
25 46
25 47
25 49
25 50
25 51
25 53
25 56
25 64
25 66
25 67
25 70
25 72
25 73
25 74
25 76
25 78
25 81
25 86
25 94
25 95
25 98
25 99
26 1
26 4
26 6
26 7
26 8
26 10
26 16
26 17
26 19
26 20
26 29
26 37
26 38
26 42
26 44
26 45
26 46
26 50
26 52
26 55
26 57
26 62
26 66
26 68
26 69
26 72
26 76
26 77
26 79
26 82
26 83
26 87
26 91
26 94
26 97
26 99
26 100
27 2
27 7
27 8
27 9
27 10
27 11
27 13
27 14
27 19
27 20
27 25
27 28
27 33
27 34
27 37
27 43
27 47
27 48
27 49
27 50
27 52
27 55
27 56
27 57
27 60
27 62
27 70
27 71
27 72
27 73
27 74
27 76
27 77
27 79
27 80
27 81
27 87
27 88
27 89
27 98
27 99
27 100
28 1
28 2
28 4
28 14
28 15
28 18
28 21
28 22
28 27
28 29
28 32
28 33
28 35
28 36
28 38
28 42
28 46
28 48
28 49
28 50
28 54
28 55
28 57
28 58
28 60
28 62
28 63
28 68
28 70
28 72
28 73
28 74
28 76
28 77
28 81
28 82
28 85
28 86
28 87
28 91
28 92
28 93
28 96
28 100
29 3
29 5
29 9
29 12
29 19
29 21
29 22
29 24
29 26
29 28
29 30
29 31
29 34
29 35
29 36
29 41
29 43
29 44
29 45
29 47
29 52
29 53
29 54
29 59
29 60
29 65
29 66
29 67
29 70
29 74
29 75
29 77
29 78
29 81
29 83
29 85
29 86
29 87
29 88
29 94
29 96
29 97
29 100
30 3
30 4
30 9
30 11
30 12
30 13
30 14
30 20
30 25
30 29
30 33
30 35
30 38
30 39
30 40
30 43
30 46
30 51
30 53
30 55
30 63
30 67
30 71
30 72
30 77
30 82
30 83
30 87
30 88
30 89
30 90
30 91
30 92
30 94
30 99
31 5
31 9
31 12
31 16
31 22
31 23
31 29
31 32
31 33
31 34
31 46
31 49
31 51
31 56
31 57
31 58
31 59
31 61
31 62
31 63
31 64
31 66
31 69
31 72
31 74
31 75
31 82
31 88
31 89
31 93
31 94
31 96
31 100
32 1
32 4
32 8
32 9
32 10
32 11
32 13
32 15
32 20
32 22
32 24
32 28
32 31
32 33
32 34
32 37
32 40
32 42
32 43
32 44
32 45
32 49
32 50
32 53
32 56
32 61
32 64
32 67
32 73
32 74
32 75
32 77
32 86
32 94
32 96
32 98
32 100
33 1
33 2
33 6
33 7
33 11
33 12
33 17
33 19
33 20
33 23
33 25
33 27
33 28
33 30
33 31
33 32
33 36
33 37
33 38
33 40
33 41
33 43
33 45
33 48
33 49
33 54
33 55
33 57
33 60
33 62
33 66
33 67
33 68
33 69
33 70
33 71
33 74
33 80
33 81
33 82
33 83
33 84
33 85
33 87
33 88
33 89
33 93
33 96
33 97
33 98
34 1
34 5
34 6
34 10
34 13
34 19
34 20
34 23
34 27
34 29
34 31
34 32
34 38
34 39
34 41
34 42
34 43
34 50
34 55
34 58
34 61
34 62
34 65
34 67
34 69
34 71
34 72
34 77
34 80
34 85
34 98
34 99
34 100
35 1
35 3
35 4
35 5
35 11
35 13
35 14
35 15
35 16
35 22
35 25
35 28
35 29
35 30
35 38
35 40
35 41
35 42
35 44
35 45
35 50
35 51
35 52
35 56
35 58
35 59
35 61
35 62
35 65
35 67
35 73
35 74
35 76
35 77
35 78
35 80
35 81
35 82
35 83
35 90
35 96
35 97
35 98
35 99
35 100
36 1
36 2
36 4
36 6
36 8
36 12
36 15
36 19
36 22
36 24
36 25
36 28
36 29
36 33
36 40
36 42
36 46
36 50
36 52
36 53
36 54
36 56
36 57
36 60
36 62
36 71
36 73
36 74
36 76
36 81
36 83
36 84
36 85
36 91
36 93
36 95
37 1
37 4
37 5
37 8
37 10
37 11
37 13
37 15
37 16
37 17
37 18
37 20
37 22
37 23
37 26
37 27
37 32
37 33
37 39
37 41
37 43
37 45
37 48
37 50
37 52
37 53
37 54
37 56
37 58
37 65
37 70
37 71
37 72
37 76
37 77
37 78
37 82
37 86
37 87
37 89
37 91
37 96
37 97
38 1
38 2
38 3
38 4
38 5
38 6
38 12
38 14
38 16
38 20
38 24
38 26
38 28
38 30
38 33
38 34
38 35
38 40
38 41
38 42
38 43
38 45
38 46
38 52
38 53
38 57
38 59
38 61
38 64
38 66
38 69
38 71
38 75
38 76
38 81
38 82
38 87
38 90
38 91
38 94
38 97
38 98
39 2
39 5
39 9
39 10
39 11
39 12
39 15
39 18
39 19
39 21
39 23
39 30
39 34
39 37
39 42
39 46
39 51
39 52
39 53
39 54
39 56
39 60
39 62
39 66
39 67
39 69
39 70
39 71
39 73
39 78
39 82
39 85
39 86
39 88
39 91
39 95
39 96
39 100
40 3
40 4
40 5
40 7
40 8
40 9
40 13
40 16
40 17
40 19
40 20
40 22
40 24
40 25
40 30
40 32
40 33
40 35
40 36
40 38
40 44
40 45
40 48
40 49
40 50
40 52
40 53
40 54
40 55
40 56
40 57
40 62
40 64
40 66
40 68
40 69
40 72
40 73
40 75
40 76
40 78
40 79
40 80
40 81
40 82
40 88
40 89
40 90
40 91
40 95
40 97
41 1
41 2
41 3
41 4
41 7
41 8
41 10
41 11
41 12
41 13
41 16
41 19
41 22
41 29
41 33
41 34
41 35
41 37
41 38
41 44
41 46
41 49
41 52
41 53
41 55
41 57
41 59
41 62
41 68
41 73
41 74
41 84
41 87
41 89
41 92
41 96
41 98
41 99
42 1
42 5
42 9
42 10
42 12
42 17
42 18
42 20
42 21
42 22
42 24
42 26
42 28
42 32
42 34
42 35
42 36
42 38
42 39
42 43
42 44
42 46
42 47
42 48
42 52
42 53
42 58
42 63
42 70
42 71
42 73
42 74
42 80
42 81
42 82
42 83
42 84
42 90
42 92
42 93
42 94
42 95
42 97
42 98
42 100
43 1
43 3
43 5
43 7
43 10
43 11
43 15
43 21
43 23
43 25
43 27
43 29
43 30
43 32
43 33
43 34
43 37
43 38
43 42
43 46
43 47
43 49
43 54
43 55
43 56
43 57
43 58
43 73
43 75
43 76
43 80
43 81
43 83
43 86
43 88
43 89
43 90
43 91
43 93
43 97
43 98
44 1
44 5
44 6
44 7
44 8
44 9
44 11
44 12
44 14
44 16
44 19
44 24
44 26
44 29
44 32
44 35
44 40
44 41
44 42
44 45
44 46
44 49
44 50
44 51
44 52
44 53
44 60
44 65
44 68
44 71
44 77
44 82
44 84
44 88
44 90
44 92
44 94
45 1
45 3
45 6
45 17
45 19
45 22
45 26
45 29
45 32
45 33
45 35
45 37
45 38
45 40
45 44
45 47
45 48
45 53
45 54
45 57
45 58
45 59
45 60
45 62
45 64
45 65
45 66
45 67
45 72
45 74
45 76
45 83
45 84
45 86
45 87
45 88
45 94
45 96
45 100
46 1
46 6
46 7
46 12
46 20
46 21
46 24
46 25
46 26
46 28
46 30
46 31
46 36
46 38
46 39
46 41
46 42
46 43
46 44
46 47
46 55
46 57
46 58
46 63
46 65
46 67
46 68
46 69
46 77
46 81
46 82
46 84
46 85
46 90
46 93
46 94
46 95
46 99
47 1
47 2
47 3
47 11
47 12
47 13
47 15
47 17
47 20
47 23
47 25
47 27
47 29
47 42
47 43
47 45
47 46
47 48
47 50
47 51
47 53
47 54
47 59
47 64
47 65
47 67
47 68
47 69
47 70
47 72
47 75
47 77
47 78
47 79
47 80
47 83
47 94
47 97
47 98
47 100
48 3
48 4
48 7
48 8
48 10
48 13
48 14
48 15
48 16
48 19
48 23
48 27
48 28
48 33
48 37
48 40
48 42
48 45
48 47
48 59
48 62
48 63
48 65
48 70
48 73
48 74
48 78
48 80
48 83
48 88
48 90
48 91
48 94
48 97
48 98
48 99
49 1
49 4
49 7
49 12
49 14
49 17
49 20
49 21
49 24
49 25
49 27
49 28
49 31
49 32
49 33
49 40
49 41
49 43
49 44
49 52
49 54
49 58
49 60
49 61
49 71
49 73
49 76
49 77
49 78
49 81
49 83
49 85
49 88
49 91
49 96
49 97
50 2
50 5
50 6
50 9
50 14
50 16
50 17
50 18
50 19
50 23
50 25
50 26
50 27
50 28
50 32
50 34
50 35
50 36
50 37
50 40
50 44
50 47
50 51
50 57
50 59
50 64
50 66
50 67
50 68
50 71
50 77
50 79
50 85
50 90
50 92
50 95
50 98
50 99
50 100
51 2
51 3
51 7
51 10
51 14
51 15
51 16
51 18
51 20
51 25
51 30
51 31
51 35
51 39
51 44
51 47
51 50
51 56
51 61
51 62
51 63
51 65
51 67
51 69
51 71
51 72
51 73
51 75
51 76
51 84
51 85
51 86
51 87
51 88
51 90
51 92
51 96
52 5
52 9
52 11
52 12
52 16
52 18
52 20
52 22
52 26
52 27
52 29
52 35
52 36
52 37
52 38
52 39
52 40
52 41
52 42
52 44
52 49
52 53
52 54
52 55
52 56
52 59
52 60
52 62
52 69
52 72
52 79
52 82
52 91
52 95
52 96
52 99
52 100
53 4
53 5
53 6
53 7
53 8
53 10
53 12
53 13
53 14
53 16
53 17
53 19
53 20
53 21
53 25
53 29
53 30
53 32
53 36
53 37
53 38
53 39
53 40
53 41
53 42
53 44
53 45
53 47
53 52
53 54
53 55
53 56
53 58
53 59
53 62
53 65
53 67
53 68
53 70
53 71
53 73
53 74
53 75
53 76
53 78
53 79
53 81
53 85
53 89
53 90
53 91
53 92
53 96
53 97
53 99
54 8
54 9
54 13
54 15
54 18
54 19
54 22
54 23
54 28
54 29
54 33
54 36
54 37
54 39
54 40
54 43
54 45
54 47
54 49
54 52
54 53
54 56
54 57
54 58
54 59
54 62
54 68
54 70
54 71
54 77
54 80
54 81
54 82
54 83
54 84
54 85
54 100
55 1
55 3
55 5
55 7
55 10
55 24
55 26
55 27
55 28
55 30
55 33
55 34
55 40
55 41
55 43
55 46
55 52
55 53
55 57
55 58
55 59
55 60
55 65
55 66
55 69
55 70
55 71
55 75
55 79
55 81
55 84
55 86
55 87
55 93
55 96
55 99
56 1
56 4
56 6
56 8
56 10
56 11
56 16
56 18
56 19
56 20
56 22
56 24
56 25
56 27
56 31
56 32
56 35
56 36
56 37
56 39
56 40
56 43
56 51
56 52
56 53
56 54
56 58
56 59
56 60
56 63
56 64
56 65
56 66
56 69
56 75
56 77
56 80
56 83
56 85
56 90
56 93
56 95
56 97
56 98
56 99
57 3
57 4
57 8
57 12
57 13
57 15
57 17
57 18
57 21
57 24
57 26
57 27
57 28
57 31
57 33
57 36
57 38
57 40
57 41
57 43
57 45
57 46
57 50
57 54
57 55
57 58
57 66
57 67
57 69
57 70
57 72
57 74
57 79
57 80
57 85
57 86
57 87
57 90
57 94
57 95
57 96
57 99
57 100
58 2
58 3
58 9
58 15
58 18
58 22
58 23
58 28
58 31
58 34
58 35
58 37
58 42
58 43
58 45
58 46
58 49
58 53
58 54
58 55
58 56
58 57
58 62
58 63
58 68
58 71
58 72
58 73
58 75
58 76
58 77
58 80
58 83
58 84
58 85
58 86
58 87
58 89
58 91
58 92
58 93
58 95
58 96
58 98
59 5
59 6
59 7
59 9
59 14
59 15
59 16
59 17
59 18
59 20
59 21
59 22
59 29
59 31
59 35
59 38
59 41
59 45
59 47
59 48
59 50
59 52
59 53
59 54
59 55
59 56
59 61
59 62
59 64
59 72
59 75
59 79
59 85
59 87
59 88
59 89
59 91
59 92
59 96
60 2
60 4
60 5
60 6
60 8
60 9
60 10
60 11
60 15
60 16
60 20
60 21
60 27
60 28
60 29
60 33
60 36
60 39
60 44
60 45
60 49
60 52
60 55
60 56
60 62
60 67
60 68
60 69
60 72
60 73
60 75
60 76
60 77
60 78
60 88
60 89
60 96
61 6
61 7
61 9
61 10
61 11
61 15
61 21
61 22
61 23
61 31
61 32
61 34
61 35
61 38
61 49
61 51
61 59
61 74
61 79
61 84
61 85
61 86
61 89
61 90
61 92
61 95
61 98
62 3
62 8
62 10
62 11
62 12
62 14
62 16
62 17
62 19
62 23
62 24
62 26
62 27
62 28
62 31
62 33
62 34
62 35
62 36
62 39
62 40
62 41
62 45
62 48
62 51
62 52
62 53
62 54
62 58
62 59
62 60
62 73
62 74
62 77
62 80
62 82
62 83
62 85
62 86
62 88
62 90
62 98
62 99
62 100
63 8
63 9
63 11
63 15
63 23
63 24
63 28
63 30
63 31
63 42
63 46
63 48
63 51
63 56
63 58
63 71
63 73
63 76
63 79
63 80
63 82
63 85
63 88
63 90
63 96
63 98
63 100
64 2
64 6
64 10
64 14
64 17
64 19
64 20
64 23
64 25
64 31
64 32
64 38
64 40
64 45
64 47
64 50
64 56
64 59
64 66
64 67
64 70
64 72
64 73
64 74
64 76
64 80
64 81
64 83
64 88
64 96
64 98
64 100
65 3
65 4
65 5
65 6
65 9
65 10
65 12
65 14
65 16
65 17
65 20
65 21
65 29
65 34
65 35
65 37
65 44
65 45
65 46
65 47
65 48
65 51
65 53
65 55
65 56
65 66
65 69
65 74
65 75
65 76
65 84
65 91
66 1
66 4
66 5
66 6
66 7
66 9
66 11
66 13
66 15
66 19
66 20
66 21
66 22
66 25
66 26
66 29
66 31
66 33
66 38
66 39
66 40
66 45
66 50
66 55
66 56
66 57
66 64
66 65
66 72
66 73
66 76
66 79
66 80
66 81
66 84
66 90
66 92
66 93
66 94
66 97
66 99
66 100
67 2
67 5
67 7
67 8
67 9
67 11
67 18
67 21
67 24
67 25
67 29
67 30
67 32
67 33
67 34
67 35
67 39
67 45
67 46
67 47
67 50
67 51
67 53
67 57
67 60
67 64
67 70
67 76
67 81
67 84
67 87
67 88
67 89
67 90
67 91
67 93
67 94
67 96
67 98
67 99
67 100
68 2
68 4
68 5
68 9
68 15
68 22
68 26
68 28
68 33
68 40
68 41
68 44
68 46
68 47
68 50
68 53
68 54
68 58
68 60
68 72
68 74
68 75
68 76
68 81
68 84
68 86
68 88
68 89
68 90
68 95
68 97
68 100
69 2
69 3
69 4
69 7
69 11
69 13
69 15
69 19
69 20
69 23
69 24
69 26
69 31
69 33
69 34
69 38
69 39
69 40
69 46
69 47
69 51
69 52
69 55
69 56
69 57
69 60
69 65
69 72
69 74
69 77
69 79
69 81
69 82
69 85
69 86
69 87
69 89
69 96
69 99
70 5
70 6
70 10
70 22
70 24
70 25
70 27
70 28
70 29
70 33
70 37
70 39
70 42
70 47
70 48
70 53
70 54
70 55
70 57
70 64
70 67
70 77
70 78
70 79
70 86
70 89
70 91
70 94
70 100
71 5
71 6
71 8
71 10
71 12
71 13
71 16
71 18
71 20
71 27
71 30
71 33
71 34
71 36
71 37
71 38
71 39
71 42
71 44
71 49
71 50
71 51
71 53
71 54
71 55
71 58
71 63
71 72
71 74
71 82
71 87
71 88
71 91
71 93
71 96
71 99
72 3
72 5
72 6
72 9
72 11
72 13
72 16
72 19
72 22
72 23
72 25
72 26
72 27
72 28
72 30
72 31
72 34
72 37
72 40
72 45
72 47
72 51
72 52
72 57
72 58
72 59
72 60
72 64
72 66
72 68
72 69
72 71
72 73
72 75
72 77
72 78
72 81
72 82
72 85
72 87
72 88
72 94
73 1
73 8
73 9
73 12
73 16
73 17
73 20
73 21
73 25
73 27
73 28
73 32
73 35
73 36
73 39
73 40
73 41
73 42
73 43
73 48
73 49
73 51
73 53
73 58
73 60
73 62
73 63
73 64
73 66
73 72
73 76
73 77
73 78
73 81
73 86
73 88
73 89
73 90
73 91
73 93
73 96
73 98
73 99
73 100
74 3
74 4
74 11
74 12
74 13
74 16
74 20
74 22
74 24
74 25
74 27
74 28
74 29
74 31
74 32
74 33
74 35
74 36
74 41
74 42
74 45
74 48
74 53
74 57
74 61
74 62
74 64
74 65
74 68
74 69
74 71
74 78
74 80
74 82
74 83
74 85
74 86
74 87
74 88
74 90
74 92
74 99
74 100
75 1
75 5
75 6
75 9
75 10
75 11
75 15
75 16
75 22
75 29
75 31
75 32
75 38
75 40
75 43
75 47
75 51
75 53
75 55
75 56
75 58
75 59
75 60
75 65
75 68
75 72
75 77
75 78
75 84
75 87
75 88
75 89
75 91
75 92
75 93
75 97
75 100
76 2
76 5
76 7
76 13
76 15
76 17
76 22
76 23
76 24
76 25
76 26
76 27
76 28
76 35
76 36
76 37
76 38
76 40
76 43
76 45
76 49
76 51
76 53
76 58
76 60
76 63
76 64
76 65
76 66
76 67
76 68
76 73
76 78
76 79
76 80
76 81
76 85
76 86
76 87
76 88
76 93
76 94
76 97
76 98
77 6
77 9
77 11
77 12
77 13
77 23
77 24
77 26
77 27
77 28
77 29
77 30
77 32
77 34
77 35
77 37
77 44
77 46
77 47
77 49
77 50
77 54
77 56
77 58
77 60
77 62
77 69
77 70
77 72
77 73
77 75
77 78
77 79
77 80
77 82
77 86
77 88
77 89
77 90
77 92
77 94
78 1
78 2
78 5
78 11
78 14
78 17
78 18
78 21
78 23
78 25
78 29
78 35
78 37
78 39
78 40
78 47
78 48
78 49
78 53
78 60
78 70
78 72
78 73
78 74
78 75
78 76
78 77
78 85
78 86
78 87
78 89
78 93
78 95
78 98
78 100
79 1
79 9
79 14
79 26
79 27
79 40
79 47
79 50
79 52
79 53
79 55
79 57
79 59
79 61
79 63
79 66
79 69
79 70
79 76
79 77
79 82
79 84
79 87
79 90
79 91
79 95
79 99
80 1
80 3
80 7
80 10
80 12
80 15
80 16
80 17
80 21
80 22
80 27
80 33
80 34
80 35
80 40
80 42
80 43
80 47
80 48
80 54
80 56
80 57
80 58
80 62
80 63
80 64
80 66
80 74
80 76
80 77
80 82
80 83
80 85
80 88
80 90
80 93
80 97
80 100
81 1
81 3
81 4
81 5
81 10
81 11
81 14
81 15
81 16
81 18
81 22
81 25
81 27
81 28
81 29
81 33
81 35
81 36
81 38
81 40
81 42
81 43
81 46
81 49
81 53
81 54
81 55
81 64
81 66
81 67
81 68
81 69
81 72
81 73
81 76
81 84
81 90
81 93
81 94
81 98
82 4
82 10
82 12
82 15
82 16
82 17
82 20
82 21
82 26
82 28
82 30
82 31
82 33
82 35
82 37
82 38
82 39
82 40
82 42
82 44
82 46
82 52
82 54
82 62
82 63
82 69
82 71
82 72
82 74
82 77
82 79
82 80
82 84
82 87
82 88
82 93
82 94
82 95
82 97
83 1
83 5
83 6
83 9
83 13
83 19
83 20
83 24
83 26
83 29
83 30
83 33
83 35
83 36
83 42
83 43
83 45
83 47
83 48
83 49
83 54
83 56
83 58
83 62
83 64
83 74
83 80
83 84
83 88
83 91
83 93
84 2
84 4
84 5
84 6
84 9
84 11
84 16
84 17
84 18
84 21
84 33
84 36
84 41
84 42
84 44
84 45
84 46
84 51
84 54
84 55
84 58
84 61
84 65
84 66
84 67
84 68
84 75
84 79
84 81
84 82
84 83
84 87
84 90
84 94
84 97
84 98
85 1
85 5
85 6
85 7
85 9
85 10
85 11
85 14
85 15
85 17
85 18
85 19
85 23
85 24
85 28
85 29
85 33
85 34
85 36
85 39
85 46
85 49
85 50
85 51
85 53
85 54
85 56
85 57
85 58
85 59
85 61
85 62
85 63
85 69
85 72
85 74
85 76
85 78
85 80
85 91
85 92
85 95
85 96
85 98
85 99
85 100
86 2
86 5
86 8
86 15
86 25
86 28
86 29
86 32
86 37
86 39
86 43
86 45
86 51
86 55
86 57
86 58
86 61
86 62
86 68
86 69
86 70
86 73
86 74
86 76
86 77
86 78
86 89
86 90
86 95
86 97
86 98
86 99
86 100
87 11
87 14
87 16
87 20
87 21
87 26
87 27
87 28
87 29
87 30
87 33
87 37
87 38
87 41
87 45
87 51
87 55
87 57
87 58
87 59
87 67
87 69
87 71
87 72
87 74
87 75
87 76
87 78
87 79
87 82
87 84
87 89
87 91
87 93
87 94
87 97
87 98
88 1
88 2
88 5
88 8
88 13
88 16
88 19
88 20
88 21
88 23
88 27
88 29
88 30
88 31
88 33
88 39
88 40
88 43
88 44
88 45
88 48
88 49
88 51
88 59
88 60
88 62
88 63
88 64
88 67
88 68
88 71
88 72
88 73
88 74
88 75
88 76
88 77
88 80
88 82
88 83
88 90
88 91
88 92
88 93
88 94
88 95
88 98
88 100
89 1
89 2
89 3
89 4
89 5
89 9
89 11
89 12
89 13
89 22
89 27
89 30
89 31
89 33
89 37
89 40
89 41
89 43
89 53
89 58
89 59
89 60
89 61
89 67
89 68
89 69
89 70
89 73
89 75
89 77
89 78
89 86
89 87
89 92
89 94
89 96
89 97
89 99
90 4
90 15
90 16
90 20
90 22
90 30
90 35
90 38
90 40
90 42
90 43
90 44
90 46
90 48
90 50
90 51
90 53
90 56
90 57
90 61
90 62
90 63
90 66
90 67
90 68
90 73
90 74
90 77
90 79
90 80
90 81
90 84
90 86
90 88
90 92
90 93
90 94
90 95
90 96
90 97
90 100
91 3
91 5
91 8
91 9
91 13
91 14
91 15
91 17
91 23
91 24
91 26
91 28
91 30
91 36
91 37
91 38
91 39
91 40
91 43
91 48
91 49
91 52
91 53
91 58
91 59
91 65
91 67
91 70
91 71
91 73
91 75
91 79
91 83
91 85
91 87
91 88
91 94
91 95
92 4
92 8
92 11
92 16
92 17
92 19
92 20
92 21
92 22
92 23
92 24
92 28
92 30
92 41
92 42
92 44
92 50
92 51
92 53
92 58
92 59
92 61
92 66
92 74
92 75
92 77
92 85
92 88
92 89
92 90
92 93
92 94
92 98
92 99
93 3
93 4
93 5
93 6
93 7
93 13
93 17
93 19
93 21
93 22
93 23
93 24
93 28
93 31
93 33
93 36
93 42
93 43
93 46
93 55
93 56
93 58
93 66
93 67
93 71
93 73
93 75
93 76
93 78
93 80
93 81
93 82
93 83
93 87
93 88
93 90
93 92
93 94
93 98
94 2
94 5
94 6
94 7
94 8
94 9
94 11
94 15
94 16
94 18
94 19
94 22
94 23
94 24
94 25
94 26
94 29
94 30
94 31
94 32
94 38
94 42
94 44
94 45
94 46
94 47
94 48
94 57
94 66
94 67
94 70
94 72
94 76
94 77
94 81
94 82
94 84
94 87
94 88
94 89
94 90
94 91
94 92
94 93
94 98
95 2
95 4
95 5
95 6
95 7
95 8
95 10
95 11
95 12
95 14
95 16
95 23
95 25
95 36
95 39
95 40
95 42
95 46
95 50
95 52
95 56
95 57
95 58
95 61
95 68
95 78
95 79
95 82
95 85
95 86
95 88
95 90
95 91
95 100
96 1
96 8
96 11
96 13
96 20
96 22
96 23
96 28
96 29
96 31
96 32
96 33
96 35
96 37
96 39
96 41
96 45
96 49
96 51
96 52
96 53
96 55
96 57
96 58
96 59
96 60
96 63
96 64
96 67
96 69
96 71
96 73
96 85
96 89
96 90
97 1
97 2
97 4
97 5
97 6
97 7
97 8
97 10
97 11
97 12
97 13
97 14
97 15
97 21
97 23
97 24
97 26
97 29
97 33
97 35
97 37
97 38
97 40
97 42
97 43
97 47
97 48
97 49
97 53
97 56
97 66
97 68
97 75
97 76
97 80
97 82
97 84
97 86
97 87
97 89
97 90
97 98
97 99
98 1
98 2
98 5
98 6
98 9
98 12
98 15
98 17
98 18
98 19
98 22
98 25
98 27
98 32
98 33
98 34
98 35
98 38
98 41
98 42
98 43
98 47
98 48
98 50
98 56
98 58
98 61
98 62
98 63
98 64
98 67
98 73
98 76
98 78
98 81
98 84
98 85
98 86
98 87
98 88
98 92
98 93
98 94
98 97
98 99
98 100
99 1
99 3
99 4
99 5
99 8
99 10
99 12
99 13
99 18
99 24
99 25
99 26
99 27
99 30
99 34
99 35
99 41
99 46
99 48
99 50
99 52
99 53
99 55
99 56
99 57
99 62
99 66
99 67
99 69
99 71
99 73
99 74
99 79
99 85
99 86
99 89
99 92
99 97
99 98
100 2
100 5
100 6
100 7
100 8
100 10
100 11
100 17
100 21
100 22
100 24
100 26
100 27
100 28
100 29
100 31
100 32
100 34
100 35
100 39
100 42
100 45
100 47
100 50
100 52
100 54
100 57
100 62
100 63
100 64
100 66
100 67
100 68
100 70
100 73
100 74
100 75
100 78
100 80
100 85
100 86
100 88
100 90
100 95
100 98
