100
1 2
1 3
1 4
1 5
1 7
1 8
1 9
1 14
1 16
1 17
1 19
1 20
1 21
1 23
1 25
1 26
1 27
1 28
1 30
1 32
1 34
1 36
1 38
1 39
1 42
1 44
1 45
1 48
1 49
1 50
1 52
1 53
1 54
1 55
1 56
1 57
1 58
1 59
1 60
1 62
1 63
1 64
1 65
1 68
1 69
1 70
1 71
1 72
1 74
1 75
1 77
1 79
1 80
1 81
1 82
1 84
1 85
1 88
1 89
1 90
1 91
1 96
1 98
1 100
2 1
2 3
2 4
2 6
2 7
2 8
2 11
2 14
2 15
2 17
2 18
2 24
2 25
2 30
2 31
2 33
2 35
2 36
2 37
2 40
2 43
2 44
2 45
2 47
2 48
2 49
2 54
2 57
2 58
2 59
2 60
2 61
2 62
2 63
2 65
2 66
2 68
2 69
2 70
2 71
2 73
2 76
2 77
2 78
2 79
2 80
2 81
2 82
2 86
2 87
2 88
2 90
2 91
2 92
2 93
2 94
2 95
2 96
2 97
2 99
2 100
3 1
3 2
3 5
3 7
3 8
3 9
3 12
3 14
3 17
3 19
3 20
3 22
3 24
3 25
3 26
3 27
3 28
3 29
3 31
3 32
3 34
3 35
3 36
3 37
3 40
3 41
3 43
3 45
3 46
3 47
3 49
3 51
3 56
3 59
3 71
3 72
3 73
3 76
3 78
3 79
3 80
3 81
3 83
3 86
3 87
3 88
3 90
3 91
3 92
3 94
3 98
4 1
4 2
4 7
4 9
4 14
4 18
4 19
4 24
4 25
4 27
4 28
4 29
4 30
4 31
4 32
4 35
4 36
4 38
4 39
4 41
4 42
4 43
4 44
4 45
4 46
4 47
4 48
4 52
4 54
4 58
4 59
4 61
4 62
4 64
4 65
4 66
4 68
4 70
4 72
4 73
4 74
4 76
4 77
4 78
4 79
4 81
4 82
4 86
4 87
4 91
4 93
4 94
4 95
4 96
4 97
4 98
5 1
5 3
5 6
5 7
5 8
5 9
5 10
5 11
5 12
5 14
5 17
5 18
5 19
5 20
5 23
5 25
5 27
5 28
5 29
5 31
5 32
5 33
5 36
5 37
5 39
5 40
5 42
5 43
5 44
5 45
5 46
5 48
5 50
5 51
5 52
5 53
5 54
5 58
5 59
5 60
5 61
5 64
5 65
5 66
5 68
5 73
5 74
5 76
5 77
5 78
5 79
5 81
5 83
5 85
5 86
5 88
5 90
5 91
5 92
5 93
5 96
5 98
5 99
5 100
6 2
6 5
6 8
6 9
6 10
6 11
6 12
6 13
6 14
6 15
6 16
6 23
6 25
6 27
6 28
6 29
6 30
6 31
6 32
6 35
6 36
6 37
6 38
6 39
6 42
6 43
6 44
6 45
6 47
6 48
6 50
6 54
6 56
6 57
6 58
6 59
6 60
6 61
6 63
6 66
6 67
6 68
6 72
6 73
6 74
6 75
6 76
6 77
6 82
6 83
6 84
6 86
6 87
6 88
6 89
6 93
6 94
6 95
6 96
6 98
6 99
6 100
7 1
7 2
7 3
7 4
7 5
7 8
7 10
7 12
7 13
7 15
7 16
7 18
7 20
7 22
7 25
7 29
7 31
7 32
7 33
7 35
7 36
7 37
7 38
7 39
7 40
7 41
7 42
7 46
7 49
7 51
7 52
7 53
7 55
7 56
7 57
7 58
7 59
7 62
7 63
7 64
7 65
7 66
7 67
7 68
7 69
7 71
7 75
7 79
7 80
7 81
7 83
7 86
7 87
7 89
7 90
7 91
7 95
7 96
7 97
7 98
7 99
8 1
8 2
8 3
8 5
8 6
8 7
8 9
8 10
8 11
8 12
8 15
8 17
8 18
8 22
8 24
8 25
8 27
8 29
8 30
8 33
8 34
8 35
8 38
8 39
8 40
8 41
8 42
8 43
8 44
8 45
8 46
8 47
8 48
8 49
8 51
8 52
8 53
8 54
8 55
8 56
8 57
8 59
8 62
8 63
8 64
8 65
8 66
8 67
8 70
8 72
8 78
8 79
8 81
8 84
8 85
8 87
8 88
8 93
8 98
8 100
9 1
9 3
9 4
9 5
9 6
9 8
9 12
9 13
9 16
9 18
9 19
9 20
9 21
9 26
9 27
9 32
9 33
9 35
9 36
9 37
9 39
9 41
9 42
9 43
9 44
9 45
9 47
9 48
9 49
9 50
9 54
9 58
9 59
9 60
9 61
9 62
9 63
9 65
9 66
9 70
9 71
9 74
9 76
9 77
9 79
9 82
9 85
9 88
9 89
9 90
9 91
9 93
9 96
9 98
10 5
10 6
10 7
10 8
10 11
10 14
10 15
10 16
10 17
10 18
10 19
10 21
10 22
10 26
10 28
10 33
10 34
10 36
10 37
10 38
10 39
10 41
10 43
10 44
10 45
10 47
10 48
10 52
10 56
10 57
10 58
10 59
10 60
10 63
10 65
10 67
10 68
10 69
10 70
10 72
10 73
10 77
10 78
10 79
10 80
10 81
10 82
10 84
10 86
10 87
10 88
10 91
10 92
10 93
10 94
10 95
10 96
10 97
10 98
10 99
10 100
11 2
11 5
11 6
11 8
11 10
11 13
11 14
11 17
11 18
11 20
11 22
11 23
11 24
11 25
11 26
11 29
11 30
11 31
11 32
11 34
11 35
11 36
11 39
11 44
11 45
11 47
11 49
11 50
11 51
11 53
11 54
11 57
11 58
11 59
11 61
11 64
11 65
11 66
11 67
11 68
11 70
11 71
11 72
11 73
11 74
11 76
11 77
11 78
11 81
11 82
11 84
11 86
11 87
11 90
11 92
11 93
11 94
11 95
11 97
11 98
11 99
11 100
12 3
12 5
12 6
12 7
12 8
12 9
12 13
12 14
12 16
12 18
12 20
12 21
12 25
12 26
12 27
12 28
12 31
12 32
12 33
12 34
12 35
12 36
12 38
12 39
12 40
12 42
12 47
12 48
12 49
12 50
12 51
12 52
12 53
12 58
12 59
12 61
12 63
12 64
12 67
12 68
12 69
12 70
12 71
12 72
12 77
12 79
12 82
12 83
12 84
12 85
12 86
12 87
12 88
12 89
12 90
12 91
12 94
12 96
12 99
13 6
13 7
13 9
13 11
13 12
13 14
13 15
13 17
13 19
13 20
13 23
13 24
13 25
13 26
13 28
13 30
13 32
13 33
13 35
13 36
13 37
13 38
13 41
13 46
13 47
13 48
13 49
13 50
13 52
13 54
13 55
13 57
13 59
13 61
13 62
13 64
13 66
13 69
13 70
13 71
13 74
13 75
13 76
13 78
13 79
13 80
13 81
13 83
13 84
13 86
13 87
13 88
13 89
13 90
13 93
13 94
13 95
13 96
13 99
13 100
14 1
14 2
14 3
14 4
14 5
14 6
14 10
14 11
14 12
14 13
14 16
14 18
14 21
14 22
14 23
14 24
14 25
14 27
14 28
14 29
14 30
14 31
14 32
14 35
14 36
14 37
14 40
14 42
14 43
14 44
14 45
14 48
14 49
14 50
14 55
14 56
14 57
14 58
14 60
14 62
14 64
14 65
14 66
14 67
14 68
14 69
14 70
14 71
14 72
14 73
14 74
14 75
14 76
14 78
14 80
14 81
14 83
14 86
14 87
14 88
14 89
14 90
14 91
14 92
14 93
14 94
14 95
14 96
14 100
15 2
15 6
15 7
15 8
15 10
15 13
15 16
15 17
15 22
15 23
15 24
15 25
15 31
15 33
15 34
15 35
15 36
15 37
15 39
15 40
15 41
15 42
15 43
15 49
15 51
15 52
15 53
15 57
15 58
15 59
15 61
15 63
15 66
15 68
15 70
15 72
15 76
15 77
15 79
15 83
15 85
15 92
15 96
15 97
15 98
15 99
16 1
16 6
16 7
16 9
16 10
16 12
16 14
16 15
16 17
16 18
16 19
16 20
16 22
16 23
16 27
16 29
16 32
16 33
16 34
16 35
16 36
16 38
16 39
16 40
16 41
16 42
16 44
16 48
16 50
16 51
16 52
16 53
16 57
16 58
16 62
16 63
16 64
16 65
16 66
16 67
16 68
16 69
16 71
16 73
16 74
16 75
16 77
16 78
16 80
16 83
16 85
16 88
16 89
16 90
16 91
16 92
16 95
16 96
16 97
16 98
16 100
17 1
17 2
17 3
17 5
17 8
17 10
17 11
17 13
17 15
17 16
17 19
17 21
17 22
17 23
17 24
17 25
17 26
17 28
17 31
17 32
17 35
17 36
17 37
17 38
17 39
17 43
17 44
17 46
17 47
17 49
17 50
17 51
17 52
17 56
17 57
17 58
17 59
17 61
17 62
17 65
17 69
17 70
17 71
17 72
17 73
17 77
17 79
17 81
17 83
17 84
17 85
17 86
17 89
17 91
17 92
17 93
17 97
17 98
17 99
17 100
18 2
18 4
18 5
18 7
18 8
18 9
18 10
18 11
18 12
18 14
18 16
18 19
18 20
18 22
18 24
18 25
18 27
18 29
18 30
18 31
18 33
18 35
18 38
18 40
18 41
18 42
18 43
18 44
18 46
18 47
18 49
18 52
18 54
18 55
18 59
18 62
18 63
18 64
18 66
18 67
18 69
18 70
18 71
18 72
18 73
18 75
18 76
18 80
18 82
18 89
18 90
18 91
18 92
18 94
18 96
18 97
19 1
19 3
19 4
19 5
19 9
19 10
19 13
19 16
19 17
19 18
19 21
19 23
19 25
19 26
19 27
19 29
19 31
19 32
19 33
19 34
19 35
19 38
19 39
19 41
19 45
19 46
19 47
19 49
19 50
19 51
19 52
19 53
19 54
19 55
19 56
19 59
19 61
19 62
19 63
19 65
19 67
19 68
19 70
19 72
19 73
19 80
19 82
19 84
19 85
19 86
19 87
19 88
19 89
19 91
19 92
19 94
19 95
19 96
19 99
19 100
20 1
20 3
20 5
20 7
20 9
20 11
20 12
20 13
20 16
20 18
20 22
20 23
20 25
20 27
20 28
20 30
20 31
20 32
20 33
20 34
20 35
20 37
20 38
20 39
20 40
20 41
20 42
20 43
20 47
20 48
20 49
20 51
20 52
20 53
20 55
20 56
20 58
20 59
20 60
20 62
20 63
20 64
20 65
20 66
20 67
20 68
20 69
20 70
20 71
20 72
20 73
20 74
20 76
20 77
20 78
20 81
20 83
20 86
20 87
20 89
20 91
20 92
20 94
20 95
20 96
20 97
20 100
21 1
21 9
21 10
21 12
21 14
21 17
21 19
21 24
21 25
21 27
21 28
21 29
21 30
21 31
21 33
21 36
21 39
21 42
21 44
21 45
21 49
21 50
21 52
21 53
21 56
21 57
21 61
21 62
21 63
21 65
21 66
21 69
21 70
21 71
21 75
21 76
21 77
21 78
21 80
21 82
21 84
21 85
21 86
21 87
21 88
21 91
21 93
21 95
21 98
21 99
21 100
22 3
22 7
22 8
22 10
22 11
22 14
22 15
22 16
22 17
22 18
22 20
22 24
22 27
22 28
22 32
22 33
22 35
22 37
22 40
22 41
22 42
22 48
22 50
22 51
22 52
22 54
22 55
22 56
22 58
22 63
22 67
22 69
22 70
22 71
22 74
22 76
22 80
22 82
22 83
22 84
22 85
22 86
22 89
22 91
22 93
22 94
22 100
23 1
23 5
23 6
23 11
23 13
23 14
23 15
23 16
23 17
23 19
23 20
23 27
23 28
23 29
23 30
23 31
23 33
23 36
23 37
23 38
23 42
23 43
23 44
23 46
23 47
23 50
23 52
23 53
23 54
23 59
23 60
23 66
23 68
23 73
23 74
23 75
23 77
23 78
23 79
23 80
23 81
23 83
23 84
23 85
23 86
23 89
23 90
23 92
23 95
23 98
23 100
24 2
24 3
24 4
24 8
24 11
24 13
24 14
24 15
24 17
24 18
24 21
24 22
24 26
24 28
24 31
24 32
24 35
24 39
24 40
24 41
24 43
24 44
24 45
24 46
24 47
24 48
24 50
24 53
24 56
24 57
24 58
24 59
24 60
24 61
24 62
24 64
24 65
24 66
24 71
24 76
24 77
24 78
24 80
24 81
24 84
24 85
24 86
24 87
24 88
24 89
24 90
24 91
24 93
24 94
24 95
24 98
24 99
24 100
25 1
25 2
25 3
25 4
25 5
25 6
25 7
25 8
25 11
25 12
25 13
25 14
25 15
25 17
25 18
25 19
25 20
25 21
25 26
25 27
25 29
25 30
25 31
25 33
25 34
25 35
25 37
25 38
25 40
25 41
25 45
25 47
25 48
25 49
25 50
25 51
25 52
25 53
25 54
25 55
25 60
25 63
25 65
25 67
25 69
25 70
25 71
25 74
25 76
25 78
25 79
25 80
25 83
25 84
25 85
25 86
25 87
25 88
25 89
25 92
25 93
25 94
25 95
25 96
26 1
26 3
26 9
26 10
26 11
26 12
26 13
26 17
26 19
26 24
26 25
26 27
26 28
26 29
26 30
26 33
26 35
26 37
26 38
26 39
26 40
26 41
26 43
26 44
26 46
26 47
26 49
26 51
26 52
26 53
26 55
26 60
26 61
26 62
26 63
26 65
26 67
26 68
26 69
26 70
26 72
26 73
26 75
26 79
26 80
26 81
26 83
26 86
26 87
26 88
26 89
26 91
26 93
26 94
26 97
26 98
26 99
26 100
27 1
27 3
27 4
27 5
27 6
27 8
27 9
27 12
27 14
27 16
27 18
27 19
27 20
27 21
27 22
27 23
27 25
27 26
27 28
27 29
27 30
27 32
27 33
27 35
27 36
27 37
27 38
27 40
27 44
27 45
27 46
27 49
27 50
27 51
27 52
27 54
27 56
27 57
27 58
27 59
27 60
27 61
27 62
27 63
27 64
27 66
27 67
27 68
27 71
27 73
27 74
27 75
27 77
27 78
27 81
27 84
27 86
27 88
27 89
27 90
27 92
27 93
27 94
27 95
27 98
28 1
28 3
28 4
28 5
28 6
28 10
28 12
28 13
28 14
28 17
28 20
28 21
28 22
28 23
28 24
28 26
28 27
28 30
28 31
28 32
28 33
28 35
28 36
28 37
28 38
28 41
28 42
28 46
28 51
28 52
28 54
28 57
28 58
28 59
28 61
28 62
28 63
28 65
28 66
28 67
28 68
28 69
28 70
28 71
28 74
28 75
28 76
28 78
28 79
28 80
28 81
28 86
28 87
28 88
28 91
28 92
28 93
28 94
28 96
28 100
29 3
29 4
29 5
29 6
29 7
29 8
29 11
29 14
29 16
29 18
29 19
29 21
29 23
29 25
29 26
29 27
29 30
29 31
29 32
29 35
29 36
29 37
29 38
29 39
29 40
29 43
29 44
29 45
29 46
29 48
29 50
29 53
29 55
29 56
29 57
29 58
29 59
29 62
29 63
29 65
29 66
29 68
29 69
29 70
29 72
29 74
29 77
29 78
29 79
29 83
29 84
29 85
29 86
29 87
29 88
29 90
29 91
29 93
29 96
29 97
29 99
30 1
30 2
30 4
30 6
30 8
30 11
30 13
30 14
30 18
30 20
30 21
30 23
30 25
30 26
30 27
30 28
30 29
30 35
30 38
30 44
30 45
30 46
30 47
30 48
30 51
30 53
30 54
30 55
30 56
30 58
30 60
30 62
30 63
30 65
30 66
30 68
30 69
30 71
30 72
30 73
30 75
30 76
30 77
30 78
30 80
30 82
30 84
30 86
30 87
30 91
30 92
30 93
30 94
30 95
30 99
30 100
31 2
31 3
31 4
31 5
31 6
31 7
31 11
31 12
31 14
31 15
31 17
31 18
31 19
31 20
31 21
31 23
31 24
31 25
31 28
31 29
31 32
31 36
31 37
31 39
31 41
31 42
31 43
31 45
31 46
31 47
31 48
31 50
31 53
31 54
31 55
31 57
31 58
31 59
31 60
31 61
31 62
31 64
31 65
31 66
31 68
31 69
31 73
31 74
31 76
31 78
31 80
31 81
31 82
31 86
31 87
31 88
31 89
31 91
31 94
31 96
31 97
31 98
31 100
32 1
32 3
32 4
32 5
32 6
32 7
32 9
32 11
32 12
32 13
32 14
32 16
32 17
32 19
32 20
32 22
32 24
32 27
32 28
32 29
32 31
32 34
32 35
32 36
32 37
32 40
32 42
32 43
32 44
32 45
32 49
32 51
32 52
32 53
32 58
32 61
32 62
32 65
32 66
32 67
32 68
32 69
32 70
32 71
32 72
32 73
32 74
32 75
32 76
32 79
32 80
32 81
32 82
32 84
32 85
32 86
32 87
32 88
32 91
32 92
32 94
32 98
32 100
33 2
33 5
33 7
33 8
33 9
33 10
33 12
33 13
33 15
33 16
33 18
33 19
33 20
33 21
33 22
33 23
33 25
33 26
33 27
33 28
33 37
33 38
33 41
33 42
33 45
33 46
33 48
33 50
33 51
33 52
33 54
33 57
33 59
33 60
33 61
33 62
33 64
33 65
33 66
33 69
33 70
33 71
33 72
33 73
33 75
33 76
33 78
33 79
33 80
33 81
33 83
33 84
33 87
33 88
33 91
33 92
33 93
33 94
33 95
34 1
34 3
34 8
34 10
34 11
34 12
34 15
34 16
34 19
34 20
34 25
34 32
34 36
34 38
34 39
34 40
34 41
34 44
34 45
34 46
34 47
34 48
34 50
34 51
34 53
34 55
34 57
34 58
34 60
34 62
34 65
34 66
34 68
34 69
34 70
34 72
34 73
34 75
34 77
34 79
34 80
34 81
34 82
34 84
34 86
34 87
34 88
34 89
34 90
34 92
34 93
34 96
34 97
34 98
34 99
34 100
35 2
35 3
35 4
35 6
35 7
35 8
35 9
35 11
35 12
35 13
35 14
35 15
35 16
35 17
35 18
35 19
35 20
35 22
35 24
35 25
35 26
35 27
35 28
35 29
35 30
35 32
35 36
35 40
35 41
35 42
35 43
35 45
35 48
35 49
35 50
35 52
35 54
35 55
35 57
35 59
35 60
35 61
35 62
35 66
35 67
35 70
35 71
35 72
35 73
35 75
35 76
35 77
35 78
35 79
35 82
35 88
35 90
35 91
35 94
35 95
35 96
35 99
35 100
36 1
36 2
36 3
36 4
36 5
36 6
36 7
36 9
36 10
36 11
36 12
36 13
36 14
36 15
36 16
36 17
36 21
36 23
36 27
36 28
36 29
36 31
36 32
36 34
36 35
36 37
36 40
36 41
36 42
36 43
36 44
36 45
36 48
36 51
36 52
36 55
36 57
36 59
36 60
36 63
36 64
36 67
36 68
36 70
36 71
36 72
36 73
36 74
36 76
36 77
36 78
36 79
36 80
36 81
36 82
36 85
36 86
36 89
36 90
36 92
36 93
36 94
36 95
36 96
36 97
36 98
36 99
36 100
37 2
37 3
37 5
37 6
37 7
37 9
37 10
37 13
37 14
37 15
37 17
37 20
37 22
37 23
37 25
37 26
37 27
37 28
37 29
37 31
37 32
37 33
37 36
37 38
37 41
37 42
37 43
37 44
37 46
37 47
37 48
37 49
37 50
37 51
37 52
37 53
37 54
37 57
37 61
37 63
37 67
37 70
37 72
37 73
37 74
37 76
37 77
37 80
37 82
37 84
37 85
37 86
37 87
37 88
37 89
37 90
37 93
37 94
37 97
37 98
37 100
38 1
38 4
38 6
38 7
38 8
38 10
38 12
38 13
38 16
38 17
38 18
38 19
38 20
38 23
38 25
38 26
38 27
38 28
38 29
38 30
38 33
38 34
38 37
38 40
38 42
38 44
38 47
38 49
38 52
38 53
38 54
38 55
38 56
38 57
38 58
38 59
38 61
38 65
38 66
38 67
38 68
38 69
38 70
38 71
38 72
38 75
38 77
38 78
38 79
38 81
38 83
38 85
38 86
38 87
38 89
38 91
38 92
38 93
38 95
38 97
38 99
39 1
39 4
39 5
39 6
39 7
39 8
39 9
39 10
39 11
39 12
39 15
39 16
39 17
39 19
39 20
39 21
39 24
39 26
39 29
39 31
39 34
39 40
39 41
39 49
39 50
39 51
39 53
39 54
39 55
39 58
39 60
39 62
39 64
39 65
39 67
39 68
39 70
39 72
39 73
39 74
39 75
39 78
39 79
39 80
39 85
39 86
39 89
39 90
39 91
39 92
39 93
39 94
39 95
39 96
39 97
39 98
40 2
40 3
40 5
40 7
40 8
40 12
40 14
40 15
40 16
40 18
40 20
40 22
40 24
40 25
40 26
40 27
40 29
40 32
40 34
40 35
40 36
40 38
40 39
40 42
40 44
40 45
40 46
40 47
40 48
40 51
40 52
40 53
40 54
40 55
40 56
40 58
40 59
40 62
40 63
40 65
40 66
40 69
40 70
40 71
40 73
40 75
40 76
40 77
40 79
40 80
40 81
40 82
40 83
40 85
40 86
40 87
40 88
40 89
40 93
40 96
40 97
40 98
40 100
41 3
41 4
41 7
41 8
41 9
41 10
41 13
41 15
41 16
41 18
41 19
41 20
41 22
41 24
41 25
41 26
41 28
41 31
41 33
41 34
41 35
41 36
41 37
41 39
41 42
41 49
41 50
41 54
41 55
41 56
41 58
41 61
41 63
41 64
41 65
41 68
41 69
41 71
41 73
41 74
41 75
41 76
41 80
41 81
41 83
41 84
41 85
41 86
41 87
41 88
41 89
41 91
41 93
41 94
41 99
41 100
42 1
42 4
42 5
42 6
42 7
42 8
42 9
42 12
42 14
42 15
42 16
42 18
42 20
42 21
42 22
42 23
42 28
42 31
42 32
42 33
42 35
42 36
42 37
42 38
42 40
42 41
42 43
42 46
42 47
42 48
42 50
42 51
42 53
42 54
42 55
42 61
42 63
42 64
42 65
42 66
42 67
42 69
42 70
42 71
42 73
42 76
42 77
42 78
42 79
42 80
42 81
42 83
42 85
42 87
42 88
42 91
42 92
42 94
42 96
42 99
42 100
43 2
43 3
43 4
43 5
43 6
43 8
43 9
43 10
43 14
43 15
43 17
43 18
43 20
43 23
43 24
43 26
43 29
43 31
43 32
43 35
43 36
43 37
43 42
43 45
43 48
43 49
43 50
43 53
43 55
43 56
43 57
43 61
43 64
43 66
43 68
43 69
43 70
43 71
43 72
43 74
43 75
43 76
43 78
43 80
43 81
43 89
43 91
43 92
43 93
43 94
43 95
43 97
43 98
43 99
44 1
44 2
44 4
44 5
44 6
44 8
44 9
44 10
44 11
44 14
44 16
44 17
44 18
44 21
44 23
44 24
44 26
44 27
44 29
44 30
44 32
44 34
44 36
44 37
44 38
44 40
44 46
44 47
44 50
44 52
44 55
44 57
44 60
44 62
44 63
44 70
44 72
44 73
44 76
44 77
44 80
44 81
44 84
44 85
44 86
44 87
44 88
44 90
44 92
44 93
44 94
44 95
44 96
44 99
44 100
45 1
45 2
45 3
45 4
45 5
45 6
45 8
45 9
45 10
45 11
45 14
45 19
45 21
45 24
45 25
45 27
45 29
45 30
45 31
45 32
45 33
45 34
45 35
45 36
45 40
45 43
45 47
45 48
45 49
45 50
45 52
45 54
45 55
45 56
45 59
45 60
45 61
45 62
45 63
45 64
45 65
45 67
45 68
45 69
45 70
45 71
45 73
45 74
45 76
45 79
45 82
45 86
45 90
45 95
45 96
45 97
45 98
46 3
46 4
46 5
46 7
46 8
46 13
46 17
46 18
46 19
46 23
46 24
46 26
46 27
46 28
46 29
46 30
46 31
46 33
46 34
46 37
46 40
46 42
46 44
46 47
46 48
46 50
46 52
46 53
46 56
46 57
46 58
46 60
46 63
46 65
46 66
46 67
46 70
46 72
46 73
46 74
46 75
46 78
46 79
46 80
46 82
46 84
46 85
46 87
46 88
46 90
46 93
46 94
46 96
46 97
46 99
47 2
47 3
47 4
47 6
47 8
47 9
47 10
47 11
47 12
47 13
47 17
47 18
47 19
47 20
47 23
47 24
47 25
47 26
47 30
47 31
47 34
47 37
47 38
47 40
47 42
47 44
47 45
47 46
47 48
47 49
47 50
47 52
47 53
47 54
47 55
47 57
47 58
47 59
47 61
47 62
47 67
47 69
47 70
47 73
47 74
47 75
47 76
47 77
47 78
47 79
47 80
47 81
47 82
47 83
47 84
47 85
47 89
47 90
47 94
47 96
47 97
47 98
48 1
48 2
48 4
48 5
48 6
48 8
48 9
48 10
48 12
48 13
48 14
48 16
48 20
48 22
48 24
48 25
48 29
48 30
48 31
48 33
48 34
48 35
48 36
48 37
48 40
48 42
48 43
48 45
48 46
48 47
48 49
48 50
48 51
48 53
48 55
48 59
48 61
48 62
48 63
48 64
48 66
48 69
48 71
48 72
48 73
48 74
48 79
48 81
48 82
48 88
48 89
48 90
48 91
48 92
48 94
48 98
48 99
48 100
49 1
49 2
49 3
49 7
49 8
49 9
49 11
49 12
49 13
49 14
49 15
49 17
49 18
49 19
49 20
49 21
49 25
49 26
49 27
49 32
49 35
49 37
49 38
49 39
49 41
49 43
49 45
49 47
49 48
49 50
49 51
49 53
49 54
49 55
49 60
49 61
49 62
49 63
49 64
49 65
49 66
49 67
49 68
49 69
49 70
49 72
49 75
49 77
49 78
49 79
49 80
49 81
49 82
49 84
49 85
49 89
49 90
49 91
49 93
49 94
49 96
49 97
49 98
50 1
50 5
50 6
50 9
50 11
50 12
50 13
50 14
50 16
50 17
50 19
50 21
50 22
50 23
50 24
50 25
50 27
50 29
50 31
50 33
50 34
50 35
50 37
50 39
50 41
50 42
50 43
50 44
50 45
50 46
50 47
50 48
50 49
50 52
50 55
50 56
50 58
50 62
50 63
50 64
50 66
50 67
50 70
50 71
50 73
50 74
50 77
50 78
50 81
50 83
50 86
50 89
50 90
50 95
50 96
50 97
50 98
50 99
51 3
51 5
51 7
51 8
51 11
51 12
51 15
51 16
51 17
51 19
51 20
51 22
51 25
51 26
51 27
51 28
51 30
51 32
51 33
51 34
51 36
51 37
51 39
51 40
51 42
51 48
51 49
51 52
51 53
51 55
51 59
51 61
51 62
51 66
51 67
51 68
51 69
51 70
51 72
51 75
51 76
51 79
51 83
51 85
51 88
51 89
51 90
51 91
51 94
51 95
51 96
51 97
51 98
51 99
52 1
52 4
52 5
52 7
52 8
52 10
52 12
52 13
52 15
52 16
52 17
52 18
52 19
52 20
52 21
52 22
52 23
52 25
52 26
52 27
52 28
52 32
52 33
52 35
52 36
52 37
52 38
52 40
52 44
52 45
52 46
52 47
52 50
52 51
52 55
52 57
52 58
52 59
52 60
52 61
52 64
52 65
52 67
52 68
52 70
52 71
52 75
52 77
52 78
52 79
52 82
52 83
52 86
52 89
52 90
52 92
52 93
52 95
52 96
52 97
52 99
53 1
53 5
53 7
53 8
53 11
53 12
53 15
53 16
53 19
53 20
53 21
53 23
53 24
53 25
53 26
53 29
53 30
53 31
53 32
53 34
53 37
53 38
53 39
53 40
53 42
53 43
53 46
53 47
53 48
53 49
53 51
53 54
53 55
53 57
53 60
53 61
53 67
53 68
53 69
53 70
53 71
53 73
53 76
53 77
53 78
53 79
53 80
53 82
53 83
53 84
53 86
53 87
53 88
53 89
53 90
53 92
53 95
53 96
53 97
53 100
54 1
54 2
54 4
54 5
54 6
54 8
54 9
54 11
54 13
54 18
54 19
54 22
54 23
54 25
54 27
54 28
54 30
54 31
54 33
54 35
54 37
54 38
54 39
54 40
54 41
54 42
54 45
54 47
54 49
54 53
54 57
54 58
54 59
54 60
54 61
54 62
54 63
54 64
54 65
54 66
54 67
54 68
54 69
54 73
54 74
54 76
54 80
54 81
54 82
54 83
54 85
54 88
54 89
54 91
54 92
54 95
54 99
54 100
55 1
55 7
55 8
55 13
55 14
55 18
55 19
55 20
55 22
55 25
55 26
55 29
55 30
55 31
55 34
55 35
55 36
55 38
55 39
55 40
55 41
55 42
55 43
55 44
55 45
55 47
55 48
55 49
55 50
55 51
55 52
55 53
55 56
55 58
55 59
55 60
55 62
55 64
55 65
55 66
55 68
55 70
55 72
55 73
55 74
55 75
55 76
55 77
55 78
55 79
55 80
55 81
55 82
55 84
55 85
55 86
55 87
55 88
55 94
55 95
55 97
55 98
55 99
55 100
56 1
56 3
56 6
56 7
56 8
56 10
56 14
56 17
56 19
56 20
56 21
56 22
56 24
56 27
56 29
56 30
56 38
56 40
56 41
56 43
56 45
56 46
56 50
56 55
56 58
56 59
56 61
56 62
56 63
56 67
56 68
56 69
56 72
56 75
56 76
56 79
56 80
56 86
56 87
56 88
56 89
56 92
56 93
56 95
56 96
56 97
56 98
56 99
56 100
57 1
57 2
57 6
57 7
57 8
57 10
57 11
57 13
57 14
57 15
57 16
57 17
57 21
57 24
57 27
57 28
57 29
57 31
57 33
57 34
57 35
57 36
57 37
57 38
57 43
57 44
57 46
57 47
57 52
57 53
57 54
57 58
57 59
57 60
57 61
57 62
57 63
57 65
57 66
57 67
57 68
57 70
57 71
57 72
57 73
57 74
57 75
57 76
57 77
57 78
57 79
57 81
57 82
57 83
57 84
57 86
57 88
57 92
57 95
57 97
57 99
58 1
58 2
58 4
58 5
58 6
58 7
58 9
58 10
58 11
58 12
58 14
58 15
58 16
58 17
58 20
58 22
58 24
58 27
58 28
58 29
58 30
58 31
58 32
58 34
58 38
58 39
58 40
58 41
58 46
58 47
58 50
58 52
58 54
58 55
58 56
58 57
58 59
58 60
58 61
58 62
58 64
58 65
58 67
58 68
58 70
58 73
58 77
58 79
58 80
58 84
58 88
58 89
58 91
58 93
58 95
58 97
58 99
58 100
59 1
59 2
59 3
59 4
59 5
59 6
59 7
59 8
59 9
59 10
59 11
59 12
59 13
59 15
59 17
59 18
59 19
59 20
59 23
59 24
59 27
59 28
59 29
59 31
59 33
59 35
59 36
59 38
59 40
59 45
59 47
59 48
59 51
59 52
59 54
59 55
59 56
59 57
59 58
59 60
59 61
59 62
59 63
59 64
59 65
59 66
59 67
59 75
59 77
59 78
59 80
59 81
59 82
59 83
59 84
59 85
59 87
59 88
59 90
59 91
59 93
59 94
59 95
59 96
59 98
59 99
59 100
60 1
60 2
60 5
60 6
60 9
60 10
60 14
60 20
60 23
60 24
60 25
60 26
60 27
60 30
60 31
60 33
60 34
60 35
60 36
60 39
60 44
60 45
60 46
60 49
60 52
60 53
60 54
60 55
60 57
60 58
60 59
60 66
60 68
60 70
60 71
60 73
60 74
60 75
60 76
60 79
60 80
60 81
60 82
60 83
60 86
60 87
60 89
60 90
60 91
60 92
60 95
60 97
60 99
60 100
61 2
61 4
61 5
61 6
61 9
61 11
61 12
61 13
61 15
61 17
61 19
61 21
61 24
61 26
61 27
61 28
61 31
61 32
61 33
61 35
61 37
61 38
61 41
61 42
61 43
61 45
61 47
61 48
61 49
61 51
61 52
61 53
61 54
61 56
61 57
61 58
61 59
61 63
61 64
61 65
61 67
61 68
61 71
61 74
61 75
61 76
61 77
61 81
61 83
61 84
61 85
61 88
61 90
61 91
61 93
61 94
61 97
61 99
61 100
62 1
62 2
62 4
62 7
62 8
62 9
62 13
62 14
62 16
62 17
62 18
62 19
62 20
62 21
62 24
62 26
62 27
62 28
62 29
62 30
62 31
62 32
62 33
62 34
62 35
62 39
62 40
62 44
62 45
62 47
62 48
62 49
62 50
62 51
62 54
62 55
62 56
62 57
62 58
62 59
62 66
62 67
62 68
62 69
62 70
62 71
62 72
62 74
62 76
62 78
62 83
62 88
62 89
62 92
62 96
62 97
62 98
62 99
62 100
63 1
63 2
63 6
63 7
63 8
63 9
63 10
63 12
63 15
63 16
63 18
63 19
63 20
63 21
63 22
63 25
63 26
63 27
63 28
63 29
63 30
63 36
63 37
63 40
63 41
63 42
63 44
63 45
63 46
63 48
63 49
63 50
63 54
63 56
63 57
63 59
63 61
63 65
63 68
63 71
63 76
63 77
63 78
63 80
63 81
63 83
63 84
63 85
63 86
63 87
63 91
63 93
63 94
63 95
63 96
63 98
63 100
64 1
64 4
64 5
64 7
64 8
64 11
64 12
64 13
64 14
64 16
64 18
64 20
64 24
64 27
64 31
64 33
64 36
64 39
64 41
64 42
64 43
64 45
64 48
64 49
64 50
64 52
64 54
64 55
64 58
64 59
64 61
64 65
64 66
64 67
64 68
64 70
64 71
64 72
64 73
64 75
64 76
64 77
64 79
64 80
64 82
64 84
64 85
64 86
64 87
64 88
64 91
64 94
64 95
64 98
64 99
65 1
65 2
65 4
65 5
65 7
65 8
65 9
65 10
65 11
65 14
65 16
65 17
65 19
65 20
65 21
65 24
65 25
65 26
65 28
65 29
65 30
65 31
65 32
65 33
65 34
65 38
65 39
65 40
65 41
65 42
65 45
65 46
65 49
65 52
65 54
65 55
65 57
65 58
65 59
65 61
65 63
65 64
65 66
65 67
65 68
65 69
65 70
65 71
65 72
65 74
65 75
65 77
65 78
65 79
65 80
65 81
65 83
65 85
65 90
65 93
65 94
65 95
65 96
65 97
65 99
65 100
66 2
66 4
66 5
66 6
66 7
66 8
66 9
66 11
66 13
66 14
66 15
66 16
66 18
66 20
66 21
66 23
66 24
66 27
66 28
66 29
66 30
66 31
66 32
66 33
66 34
66 35
66 38
66 40
66 42
66 43
66 46
66 48
66 49
66 50
66 51
66 54
66 55
66 57
66 59
66 60
66 62
66 64
66 65
66 67
66 68
66 70
66 73
66 77
66 79
66 82
66 83
66 84
66 85
66 86
66 88
66 89
66 90
66 91
66 92
66 94
66 95
66 96
66 100
67 6
67 7
67 8
67 10
67 11
67 12
67 14
67 16
67 18
67 19
67 20
67 22
67 25
67 26
67 27
67 28
67 32
67 35
67 36
67 37
67 38
67 39
67 42
67 45
67 46
67 47
67 49
67 50
67 51
67 52
67 53
67 54
67 56
67 57
67 58
67 59
67 61
67 62
67 64
67 65
67 66
67 68
67 69
67 71
67 72
67 73
67 75
67 76
67 78
67 79
67 80
67 81
67 82
67 83
67 86
67 91
67 95
67 96
68 1
68 2
68 4
68 5
68 6
68 7
68 10
68 11
68 12
68 14
68 15
68 16
68 19
68 20
68 23
68 26
68 27
68 28
68 29
68 30
68 31
68 32
68 34
68 36
68 38
68 39
68 41
68 43
68 45
68 49
68 51
68 52
68 53
68 54
68 55
68 56
68 57
68 58
68 60
68 61
68 62
68 63
68 64
68 65
68 66
68 67
68 69
68 70
68 71
68 76
68 77
68 78
68 79
68 80
68 84
68 85
68 87
68 88
68 89
68 90
68 92
68 93
68 95
68 96
68 97
68 98
68 99
68 100
69 1
69 2
69 7
69 10
69 12
69 13
69 14
69 16
69 17
69 18
69 20
69 21
69 22
69 25
69 26
69 28
69 29
69 30
69 31
69 32
69 33
69 34
69 38
69 40
69 41
69 42
69 43
69 45
69 47
69 48
69 49
69 51
69 53
69 54
69 56
69 62
69 65
69 67
69 68
69 70
69 71
69 73
69 74
69 76
69 77
69 78
69 79
69 80
69 82
69 83
69 84
69 86
69 89
69 90
69 91
69 93
69 95
69 96
69 97
69 100
70 1
70 2
70 4
70 8
70 9
70 10
70 11
70 12
70 13
70 14
70 15
70 17
70 18
70 19
70 20
70 21
70 22
70 25
70 26
70 28
70 29
70 32
70 33
70 34
70 35
70 36
70 37
70 38
70 39
70 40
70 42
70 43
70 44
70 45
70 46
70 47
70 49
70 50
70 51
70 52
70 53
70 55
70 57
70 58
70 60
70 62
70 64
70 65
70 66
70 68
70 69
70 72
70 73
70 75
70 76
70 77
70 78
70 80
70 81
70 82
70 83
70 84
70 85
70 86
70 88
70 89
70 90
70 92
70 97
70 98
71 1
71 2
71 3
71 7
71 9
71 11
71 12
71 13
71 14
71 16
71 17
71 18
71 20
71 21
71 22
71 24
71 25
71 27
71 28
71 30
71 32
71 33
71 35
71 36
71 38
71 40
71 41
71 42
71 43
71 45
71 48
71 50
71 52
71 53
71 57
71 60
71 61
71 62
71 63
71 64
71 65
71 67
71 68
71 69
71 72
71 74
71 75
71 77
71 78
71 80
71 81
71 82
71 83
71 84
71 85
71 86
71 87
71 88
71 90
71 91
71 93
71 94
71 95
71 96
71 97
71 98
71 99
71 100
72 1
72 3
72 4
72 6
72 8
72 10
72 11
72 12
72 14
72 15
72 17
72 18
72 19
72 20
72 26
72 29
72 30
72 32
72 33
72 34
72 35
72 36
72 37
72 38
72 39
72 43
72 44
72 46
72 48
72 49
72 51
72 55
72 56
72 57
72 62
72 64
72 65
72 67
72 70
72 71
72 73
72 75
72 77
72 80
72 81
72 83
72 84
72 86
72 87
72 88
72 89
72 90
72 93
72 94
72 95
72 96
72 98
72 99
73 2
73 3
73 4
73 5
73 6
73 10
73 11
73 14
73 16
73 17
73 18
73 19
73 20
73 23
73 26
73 27
73 30
73 31
73 32
73 33
73 34
73 35
73 36
73 37
73 39
73 40
73 41
73 42
73 44
73 45
73 46
73 47
73 48
73 50
73 53
73 54
73 55
73 57
73 58
73 60
73 64
73 66
73 67
73 69
73 70
73 72
73 77
73 78
73 80
73 81
73 82
73 83
73 84
73 85
73 86
73 91
73 92
73 94
73 95
73 98
74 1
74 4
74 5
74 6
74 9
74 11
74 13
74 14
74 16
74 20
74 22
74 23
74 25
74 27
74 28
74 29
74 31
74 32
74 36
74 37
74 39
74 41
74 43
74 45
74 46
74 47
74 48
74 50
74 54
74 55
74 57
74 60
74 61
74 62
74 65
74 69
74 71
74 76
74 78
74 79
74 80
74 84
74 87
74 88
74 89
74 90
74 91
74 92
74 93
74 94
74 96
74 97
74 98
74 99
75 1
75 6
75 7
75 13
75 14
75 16
75 18
75 21
75 23
75 26
75 27
75 28
75 30
75 32
75 33
75 34
75 35
75 38
75 39
75 40
75 41
75 43
75 46
75 47
75 49
75 51
75 52
75 55
75 56
75 57
75 59
75 60
75 61
75 64
75 65
75 67
75 70
75 71
75 72
75 76
75 77
75 78
75 79
75 80
75 81
75 83
75 84
75 85
75 88
75 91
75 92
75 94
75 96
75 97
75 98
75 99
75 100
76 2
76 3
76 4
76 5
76 6
76 9
76 11
76 13
76 14
76 15
76 18
76 20
76 21
76 22
76 24
76 25
76 28
76 30
76 31
76 32
76 33
76 35
76 36
76 37
76 40
76 41
76 42
76 43
76 44
76 45
76 47
76 51
76 53
76 54
76 55
76 56
76 57
76 60
76 61
76 62
76 63
76 64
76 67
76 68
76 69
76 70
76 74
76 75
76 78
76 79
76 80
76 82
76 83
76 85
76 86
76 90
76 91
76 92
76 93
76 94
76 96
76 98
76 99
76 100
77 1
77 2
77 4
77 5
77 6
77 9
77 10
77 11
77 12
77 15
77 16
77 17
77 20
77 21
77 23
77 24
77 27
77 29
77 30
77 34
77 35
77 36
77 37
77 38
77 40
77 42
77 44
77 47
77 49
77 50
77 52
77 53
77 55
77 57
77 58
77 59
77 61
77 63
77 64
77 65
77 66
77 68
77 69
77 70
77 71
77 72
77 73
77 75
77 78
77 80
77 81
77 82
77 83
77 85
77 86
77 87
77 88
77 89
77 90
77 91
77 92
77 93
77 94
77 95
77 97
77 100
78 2
78 3
78 4
78 5
78 8
78 10
78 11
78 13
78 14
78 16
78 20
78 21
78 23
78 24
78 25
78 27
78 28
78 29
78 30
78 31
78 33
78 35
78 36
78 38
78 39
78 42
78 43
78 46
78 47
78 49
78 50
78 52
78 53
78 55
78 57
78 59
78 62
78 63
78 65
78 67
78 68
78 69
78 70
78 71
78 73
78 74
78 75
78 76
78 77
78 83
78 84
78 85
78 86
78 90
78 96
78 100
79 1
79 2
79 3
79 4
79 5
79 7
79 8
79 9
79 10
79 12
79 13
79 15
79 17
79 23
79 25
79 26
79 28
79 29
79 32
79 33
79 34
79 35
79 36
79 38
79 39
79 40
79 42
79 45
79 46
79 47
79 48
79 49
79 51
79 52
79 53
79 55
79 56
79 57
79 58
79 60
79 64
79 65
79 66
79 67
79 68
79 69
79 74
79 75
79 76
79 80
79 81
79 82
79 85
79 88
79 90
79 91
79 94
79 96
79 97
79 99
79 100
80 1
80 2
80 3
80 7
80 10
80 13
80 14
80 16
80 18
80 19
80 21
80 22
80 23
80 24
80 25
80 26
80 28
80 30
80 31
80 32
80 33
80 34
80 36
80 37
80 39
80 40
80 41
80 42
80 43
80 44
80 46
80 47
80 49
80 53
80 54
80 55
80 56
80 58
80 59
80 60
80 63
80 64
80 65
80 67
80 68
80 69
80 70
80 71
80 72
80 73
80 74
80 75
80 76
80 77
80 79
80 81
80 82
80 83
80 84
80 85
80 87
80 88
80 93
80 97
80 98
80 99
80 100
81 1
81 2
81 3
81 4
81 5
81 7
81 8
81 10
81 11
81 13
81 14
81 17
81 20
81 23
81 24
81 26
81 27
81 28
81 31
81 32
81 33
81 34
81 36
81 38
81 40
81 41
81 42
81 43
81 44
81 47
81 48
81 49
81 50
81 54
81 55
81 57
81 59
81 60
81 61
81 63
81 65
81 67
81 70
81 71
81 72
81 73
81 75
81 77
81 79
81 80
81 82
81 84
81 85
81 87
81 88
81 89
81 90
81 91
81 93
81 97
82 1
82 2
82 4
82 6
82 9
82 10
82 11
82 12
82 18
82 19
82 21
82 22
82 30
82 31
82 32
82 34
82 35
82 36
82 37
82 40
82 45
82 46
82 47
82 48
82 49
82 52
82 53
82 54
82 55
82 57
82 59
82 60
82 64
82 66
82 67
82 69
82 70
82 71
82 73
82 76
82 77
82 79
82 80
82 81
82 83
82 84
82 85
82 86
82 89
82 92
82 94
82 95
82 96
82 97
82 98
82 99
82 100
83 3
83 5
83 6
83 7
83 12
83 13
83 14
83 15
83 16
83 17
83 20
83 22
83 23
83 25
83 26
83 29
83 33
83 38
83 40
83 41
83 42
83 47
83 50
83 51
83 52
83 53
83 54
83 57
83 59
83 60
83 61
83 62
83 63
83 65
83 66
83 67
83 69
83 70
83 71
83 72
83 73
83 75
83 76
83 77
83 78
83 80
83 82
83 84
83 85
83 86
83 87
83 88
83 89
83 91
83 93
83 95
83 98
83 100
84 1
84 6
84 8
84 10
84 11
84 12
84 13
84 17
84 19
84 21
84 22
84 23
84 24
84 25
84 27
84 29
84 30
84 32
84 33
84 34
84 37
84 41
84 44
84 46
84 47
84 49
84 53
84 55
84 57
84 58
84 59
84 61
84 63
84 64
84 66
84 68
84 69
84 70
84 71
84 72
84 73
84 74
84 75
84 78
84 80
84 81
84 82
84 83
84 85
84 86
84 87
84 90
84 95
84 98
84 99
85 1
85 5
85 8
85 9
85 12
85 15
85 16
85 17
85 19
85 21
85 22
85 23
85 24
85 25
85 29
85 32
85 36
85 37
85 38
85 39
85 40
85 41
85 42
85 44
85 46
85 47
85 49
85 51
85 54
85 55
85 59
85 61
85 63
85 64
85 65
85 66
85 68
85 70
85 71
85 73
85 75
85 76
85 77
85 78
85 79
85 80
85 81
85 82
85 83
85 84
85 86
85 87
85 88
85 91
85 92
85 93
85 95
85 97
85 99
85 100
86 2
86 3
86 4
86 5
86 6
86 7
86 10
86 11
86 12
86 13
86 14
86 17
86 19
86 20
86 21
86 22
86 23
86 24
86 25
86 26
86 27
86 28
86 29
86 30
86 31
86 32
86 34
86 36
86 37
86 38
86 39
86 40
86 41
86 44
86 45
86 50
86 52
86 53
86 55
86 56
86 57
86 60
86 63
86 64
86 66
86 67
86 69
86 70
86 71
86 72
86 73
86 76
86 77
86 78
86 82
86 83
86 84
86 85
86 87
86 89
86 90
86 91
86 92
86 93
86 94
86 98
86 100
87 2
87 3
87 4
87 6
87 7
87 8
87 10
87 11
87 12
87 13
87 14
87 19
87 20
87 21
87 24
87 25
87 26
87 28
87 29
87 30
87 31
87 32
87 33
87 34
87 37
87 38
87 40
87 41
87 42
87 44
87 46
87 53
87 55
87 56
87 59
87 60
87 63
87 64
87 68
87 71
87 72
87 74
87 77
87 80
87 81
87 83
87 84
87 85
87 86
87 89
87 90
87 91
87 92
87 94
87 96
87 97
87 99
87 100
88 1
88 2
88 3
88 5
88 6
88 8
88 9
88 10
88 12
88 13
88 14
88 16
88 19
88 21
88 24
88 25
88 26
88 27
88 28
88 29
88 31
88 32
88 33
88 34
88 35
88 37
88 40
88 41
88 42
88 44
88 46
88 48
88 51
88 53
88 54
88 55
88 56
88 57
88 58
88 59
88 61
88 62
88 64
88 66
88 68
88 70
88 71
88 72
88 74
88 75
88 77
88 79
88 80
88 81
88 83
88 85
88 89
88 90
88 91
88 93
88 95
88 96
88 98
89 1
89 6
89 7
89 9
89 12
89 13
89 14
89 16
89 17
89 18
89 19
89 20
89 22
89 23
89 24
89 25
89 26
89 27
89 31
89 34
89 36
89 37
89 38
89 39
89 40
89 41
89 43
89 47
89 48
89 49
89 50
89 51
89 52
89 53
89 54
89 56
89 58
89 60
89 62
89 66
89 68
89 69
89 70
89 72
89 74
89 77
89 81
89 82
89 83
89 86
89 87
89 88
89 92
89 94
89 96
89 98
89 99
90 1
90 2
90 3
90 5
90 7
90 9
90 11
90 12
90 13
90 14
90 16
90 18
90 23
90 24
90 27
90 29
90 34
90 35
90 36
90 37
90 39
90 44
90 45
90 46
90 47
90 48
90 49
90 50
90 51
90 52
90 53
90 59
90 60
90 61
90 65
90 66
90 68
90 69
90 70
90 71
90 72
90 74
90 76
90 77
90 78
90 79
90 81
90 84
90 86
90 87
90 88
90 91
90 92
90 93
90 94
90 95
90 96
91 1
91 2
91 3
91 4
91 5
91 7
91 9
91 10
91 12
91 14
91 16
91 17
91 18
91 19
91 20
91 21
91 22
91 24
91 26
91 28
91 29
91 30
91 31
91 32
91 33
91 35
91 38
91 39
91 41
91 42
91 43
91 48
91 49
91 51
91 54
91 58
91 59
91 60
91 61
91 63
91 64
91 66
91 67
91 69
91 71
91 73
91 74
91 75
91 76
91 77
91 79
91 81
91 83
91 85
91 86
91 87
91 88
91 90
91 93
91 94
91 95
91 96
91 98
92 2
92 3
92 5
92 10
92 11
92 14
92 15
92 16
92 17
92 18
92 19
92 20
92 23
92 25
92 27
92 28
92 30
92 32
92 33
92 34
92 36
92 38
92 39
92 42
92 43
92 44
92 48
92 52
92 53
92 54
92 56
92 57
92 60
92 62
92 66
92 68
92 70
92 73
92 74
92 75
92 76
92 77
92 82
92 85
92 86
92 87
92 89
92 90
92 93
92 94
92 95
92 96
92 98
92 99
92 100
93 2
93 4
93 5
93 6
93 8
93 9
93 10
93 11
93 13
93 14
93 17
93 21
93 22
93 24
93 25
93 26
93 27
93 28
93 29
93 30
93 33
93 34
93 36
93 37
93 38
93 39
93 40
93 41
93 43
93 44
93 46
93 49
93 52
93 56
93 58
93 59
93 61
93 63
93 65
93 68
93 69
93 71
93 72
93 74
93 76
93 77
93 80
93 81
93 83
93 85
93 86
93 88
93 90
93 91
93 92
93 94
93 95
93 97
93 99
93 100
94 2
94 3
94 4
94 6
94 10
94 11
94 12
94 13
94 14
94 18
94 19
94 20
94 22
94 24
94 25
94 26
94 27
94 28
94 30
94 31
94 32
94 33
94 35
94 36
94 37
94 39
94 41
94 42
94 43
94 44
94 46
94 47
94 48
94 49
94 51
94 55
94 59
94 61
94 63
94 64
94 65
94 66
94 71
94 72
94 73
94 74
94 75
94 76
94 77
94 79
94 82
94 86
94 87
94 89
94 90
94 91
94 92
94 93
94 96
94 97
94 99
95 2
95 4
95 6
95 7
95 10
95 11
95 13
95 14
95 16
95 19
95 20
95 21
95 23
95 24
95 25
95 27
95 30
95 33
95 35
95 36
95 38
95 39
95 43
95 44
95 45
95 50
95 51
95 52
95 53
95 54
95 55
95 56
95 57
95 58
95 59
95 60
95 63
95 64
95 65
95 66
95 67
95 68
95 69
95 71
95 72
95 73
95 77
95 82
95 83
95 84
95 85
95 88
95 90
95 91
95 92
95 93
95 96
95 99
95 100
96 1
96 2
96 4
96 5
96 6
96 7
96 9
96 10
96 12
96 13
96 14
96 15
96 16
96 18
96 19
96 20
96 25
96 28
96 29
96 31
96 34
96 35
96 36
96 39
96 40
96 42
96 44
96 45
96 46
96 47
96 49
96 50
96 51
96 52
96 53
96 56
96 59
96 62
96 63
96 65
96 66
96 67
96 68
96 69
96 71
96 72
96 74
96 75
96 76
96 78
96 79
96 82
96 87
96 88
96 89
96 90
96 91
96 92
96 94
96 95
96 97
96 98
96 99
97 2
97 4
97 7
97 10
97 11
97 15
97 16
97 17
97 18
97 20
97 26
97 29
97 31
97 34
97 36
97 37
97 38
97 39
97 40
97 43
97 45
97 46
97 47
97 49
97 50
97 51
97 52
97 53
97 55
97 56
97 57
97 58
97 60
97 61
97 62
97 65
97 68
97 69
97 70
97 71
97 74
97 75
97 77
97 79
97 80
97 81
97 82
97 85
97 87
97 93
97 94
97 96
97 98
97 99
97 100
98 1
98 3
98 4
98 5
98 6
98 7
98 8
98 9
98 10
98 11
98 15
98 16
98 17
98 21
98 23
98 24
98 26
98 27
98 31
98 32
98 34
98 36
98 37
98 39
98 40
98 43
98 45
98 47
98 48
98 49
98 50
98 51
98 55
98 56
98 59
98 62
98 63
98 64
98 68
98 70
98 71
98 72
98 73
98 74
98 75
98 76
98 80
98 82
98 83
98 84
98 86
98 88
98 89
98 91
98 92
98 96
98 97
98 99
98 100
99 2
99 5
99 6
99 7
99 10
99 11
99 12
99 13
99 15
99 17
99 19
99 21
99 24
99 26
99 29
99 30
99 34
99 35
99 36
99 38
99 41
99 42
99 43
99 44
99 46
99 48
99 50
99 51
99 52
99 54
99 55
99 56
99 57
99 58
99 59
99 60
99 61
99 62
99 64
99 65
99 68
99 71
99 72
99 74
99 75
99 76
99 79
99 80
99 82
99 84
99 85
99 87
99 89
99 92
99 93
99 94
99 95
99 96
99 97
99 98
99 100
100 1
100 2
100 5
100 6
100 8
100 10
100 11
100 13
100 14
100 16
100 17
100 19
100 20
100 21
100 22
100 23
100 24
100 26
100 28
100 30
100 31
100 32
100 34
100 35
100 36
100 37
100 40
100 41
100 42
100 44
100 48
100 53
100 54
100 55
100 56
100 58
100 59
100 60
100 61
100 62
100 63
100 65
100 66
100 68
100 69
100 71
100 75
100 76
100 77
100 78
100 79
100 80
100 82
100 83
100 85
100 86
100 87
100 92
100 93
100 95
100 97
100 98
100 99
