100
1 5
1 7
1 8
1 9
1 10
1 13
1 14
1 16
1 18
1 20
1 21
1 22
1 23
1 27
1 31
1 33
1 34
1 36
1 38
1 39
1 41
1 44
1 48
1 49
1 50
1 51
1 53
1 55
1 57
1 58
1 60
1 61
1 64
1 65
1 69
1 70
1 72
1 76
1 77
1 78
1 79
1 81
1 86
1 88
1 93
2 4
2 5
2 7
2 10
2 11
2 13
2 14
2 15
2 17
2 22
2 27
2 28
2 32
2 33
2 37
2 38
2 39
2 43
2 44
2 46
2 52
2 54
2 55
2 58
2 59
2 60
2 62
2 65
2 73
2 74
2 78
2 79
2 80
2 82
2 86
2 90
2 91
2 96
2 98
2 99
2 100
3 5
3 7
3 9
3 10
3 14
3 15
3 18
3 19
3 20
3 31
3 33
3 34
3 37
3 39
3 40
3 44
3 45
3 48
3 51
3 54
3 58
3 60
3 62
3 63
3 64
3 65
3 68
3 69
3 70
3 74
3 76
3 81
3 82
3 83
3 89
3 91
3 92
3 95
3 96
3 100
4 2
4 5
4 6
4 11
4 12
4 13
4 14
4 17
4 18
4 20
4 23
4 24
4 27
4 30
4 31
4 32
4 35
4 40
4 41
4 42
4 46
4 47
4 48
4 50
4 51
4 54
4 55
4 56
4 57
4 58
4 61
4 62
4 64
4 68
4 69
4 71
4 74
4 76
4 85
4 89
4 90
4 92
4 94
4 95
4 96
4 97
4 98
4 100
5 1
5 2
5 3
5 4
5 9
5 10
5 14
5 16
5 18
5 21
5 23
5 25
5 26
5 27
5 28
5 31
5 33
5 34
5 35
5 41
5 44
5 49
5 53
5 57
5 59
5 61
5 63
5 64
5 65
5 72
5 74
5 75
5 83
5 85
5 87
5 88
5 91
5 92
5 96
5 97
5 98
6 4
6 7
6 19
6 20
6 22
6 24
6 25
6 26
6 30
6 38
6 42
6 43
6 45
6 46
6 48
6 49
6 50
6 52
6 53
6 54
6 56
6 57
6 58
6 59
6 61
6 64
6 67
6 70
6 71
6 72
6 77
6 78
6 79
6 80
6 81
6 83
6 84
6 85
6 89
6 92
6 94
6 97
7 1
7 2
7 3
7 6
7 10
7 13
7 14
7 15
7 17
7 18
7 20
7 23
7 28
7 29
7 30
7 31
7 42
7 46
7 47
7 48
7 51
7 52
7 55
7 57
7 59
7 65
7 66
7 71
7 78
7 81
7 83
7 87
7 89
7 92
7 99
8 1
8 12
8 16
8 18
8 19
8 22
8 25
8 28
8 32
8 36
8 42
8 46
8 50
8 53
8 57
8 58
8 59
8 60
8 61
8 62
8 65
8 68
8 69
8 71
8 74
8 76
8 77
8 78
8 79
8 80
8 81
8 83
8 84
8 85
8 90
8 91
8 94
8 95
8 96
8 98
8 99
8 100
9 1
9 3
9 5
9 10
9 11
9 12
9 16
9 17
9 18
9 22
9 23
9 24
9 25
9 26
9 27
9 29
9 30
9 43
9 44
9 45
9 46
9 49
9 52
9 58
9 61
9 68
9 69
9 70
9 71
9 72
9 74
9 80
9 81
9 82
9 85
9 86
9 89
9 90
9 91
9 100
10 1
10 2
10 3
10 5
10 7
10 9
10 13
10 14
10 17
10 18
10 21
10 23
10 24
10 28
10 32
10 36
10 37
10 38
10 40
10 44
10 48
10 49
10 51
10 55
10 57
10 59
10 61
10 62
10 64
10 68
10 70
10 72
10 74
10 76
10 78
10 79
10 86
10 87
10 90
10 91
10 92
10 94
10 97
10 100
11 2
11 4
11 9
11 13
11 16
11 19
11 20
11 23
11 25
11 27
11 28
11 31
11 32
11 33
11 34
11 36
11 39
11 42
11 45
11 46
11 47
11 48
11 50
11 52
11 54
11 55
11 59
11 60
11 62
11 64
11 65
11 68
11 72
11 73
11 74
11 81
11 82
11 85
11 88
11 91
11 94
11 100
12 4
12 8
12 9
12 16
12 17
12 18
12 20
12 21
12 26
12 30
12 31
12 33
12 35
12 37
12 38
12 41
12 47
12 55
12 56
12 58
12 59
12 60
12 61
12 62
12 65
12 69
12 73
12 76
12 79
12 80
12 85
12 89
12 93
12 94
12 100
13 1
13 2
13 4
13 7
13 10
13 11
13 14
13 16
13 17
13 18
13 20
13 22
13 33
13 34
13 35
13 36
13 37
13 39
13 41
13 43
13 44
13 46
13 48
13 49
13 52
13 54
13 55
13 57
13 60
13 61
13 65
13 68
13 71
13 72
13 75
13 78
13 80
13 81
13 87
13 95
13 96
13 99
14 1
14 2
14 3
14 4
14 5
14 7
14 10
14 13
14 15
14 18
14 19
14 22
14 25
14 28
14 31
14 33
14 34
14 38
14 41
14 42
14 49
14 51
14 55
14 57
14 58
14 61
14 63
14 69
14 74
14 75
14 78
14 79
14 80
14 83
14 91
14 93
14 95
14 96
14 98
14 100
15 2
15 3
15 7
15 14
15 17
15 20
15 23
15 24
15 28
15 29
15 30
15 31
15 32
15 33
15 35
15 36
15 44
15 46
15 48
15 49
15 54
15 55
15 57
15 61
15 65
15 71
15 73
15 79
15 80
15 81
15 84
15 85
15 87
15 89
15 92
15 96
15 97
15 98
15 99
16 1
16 5
16 8
16 9
16 11
16 12
16 13
16 17
16 21
16 24
16 27
16 28
16 29
16 30
16 32
16 34
16 36
16 39
16 41
16 42
16 45
16 46
16 47
16 48
16 49
16 50
16 51
16 54
16 61
16 62
16 65
16 66
16 67
16 68
16 73
16 75
16 77
16 81
16 82
16 84
16 85
16 87
16 89
16 93
16 94
16 96
17 2
17 4
17 7
17 9
17 10
17 12
17 13
17 15
17 16
17 19
17 22
17 24
17 25
17 26
17 30
17 32
17 33
17 34
17 36
17 37
17 39
17 40
17 44
17 45
17 50
17 51
17 54
17 55
17 67
17 68
17 71
17 72
17 74
17 80
17 83
17 86
17 91
17 96
17 99
18 1
18 3
18 4
18 5
18 7
18 8
18 9
18 10
18 12
18 13
18 14
18 23
18 25
18 26
18 29
18 31
18 35
18 37
18 39
18 41
18 47
18 49
18 51
18 52
18 54
18 55
18 57
18 59
18 60
18 64
18 66
18 67
18 71
18 80
18 81
18 87
18 88
18 89
18 90
18 96
18 99
18 100
19 3
19 6
19 8
19 11
19 14
19 17
19 23
19 24
19 26
19 27
19 29
19 31
19 32
19 35
19 37
19 38
19 44
19 47
19 48
19 50
19 52
19 53
19 55
19 58
19 63
19 65
19 66
19 68
19 74
19 76
19 78
19 81
19 85
19 89
19 90
19 92
19 95
19 96
20 1
20 3
20 4
20 6
20 7
20 11
20 12
20 13
20 15
20 21
20 22
20 23
20 27
20 30
20 36
20 37
20 38
20 39
20 44
20 45
20 52
20 53
20 56
20 57
20 58
20 62
20 64
20 66
20 67
20 69
20 70
20 71
20 72
20 74
20 75
20 80
20 82
20 84
20 85
20 87
20 88
20 92
20 94
20 98
21 1
21 5
21 10
21 12
21 16
21 20
21 24
21 25
21 26
21 29
21 32
21 35
21 38
21 39
21 41
21 43
21 44
21 45
21 47
21 50
21 52
21 56
21 63
21 64
21 66
21 67
21 68
21 72
21 74
21 76
21 79
21 81
21 82
21 83
21 86
21 87
21 88
21 91
21 96
21 97
22 1
22 2
22 6
22 8
22 9
22 13
22 14
22 17
22 20
22 24
22 28
22 29
22 30
22 32
22 33
22 37
22 38
22 39
22 40
22 49
22 53
22 54
22 56
22 57
22 60
22 61
22 67
22 68
22 71
22 74
22 75
22 81
22 87
22 92
22 93
22 96
22 97
22 98
23 1
23 4
23 5
23 7
23 9
23 10
23 11
23 15
23 18
23 19
23 20
23 26
23 29
23 30
23 33
23 35
23 36
23 38
23 39
23 40
23 41
23 42
23 44
23 45
23 46
23 47
23 49
23 55
23 61
23 67
23 70
23 76
23 81
23 83
23 93
23 94
23 97
24 4
24 6
24 9
24 10
24 15
24 16
24 17
24 19
24 21
24 22
24 25
24 26
24 27
24 30
24 32
24 33
24 34
24 36
24 40
24 41
24 47
24 48
24 49
24 53
24 54
24 55
24 56
24 58
24 63
24 69
24 71
24 72
24 78
24 79
24 81
24 84
24 87
24 88
24 90
24 91
24 92
24 94
24 100
25 5
25 6
25 8
25 9
25 11
25 14
25 17
25 18
25 21
25 24
25 27
25 31
25 35
25 38
25 41
25 43
25 45
25 47
25 49
25 50
25 52
25 56
25 57
25 58
25 59
25 63
25 64
25 65
25 66
25 67
25 70
25 75
25 76
25 79
25 83
25 85
25 87
25 88
25 90
25 91
25 92
26 5
26 6
26 9
26 12
26 17
26 18
26 19
26 21
26 23
26 24
26 30
26 33
26 34
26 37
26 39
26 40
26 49
26 53
26 54
26 55
26 58
26 59
26 60
26 63
26 67
26 68
26 69
26 71
26 75
26 76
26 79
26 84
26 88
26 90
26 92
26 93
26 97
27 1
27 2
27 4
27 5
27 9
27 11
27 16
27 19
27 20
27 24
27 25
27 30
27 33
27 34
27 37
27 39
27 40
27 42
27 44
27 45
27 48
27 51
27 53
27 60
27 63
27 64
27 65
27 69
27 70
27 71
27 72
27 73
27 74
27 75
27 76
27 78
27 79
27 80
27 82
27 84
27 85
27 86
27 87
27 88
27 89
27 90
27 91
27 94
27 95
28 2
28 5
28 7
28 8
28 10
28 11
28 14
28 15
28 16
28 22
28 31
28 32
28 33
28 34
28 37
28 38
28 40
28 44
28 48
28 51
28 56
28 57
28 58
28 59
28 60
28 64
28 65
28 66
28 71
28 72
28 78
28 79
28 82
28 86
28 90
28 96
29 7
29 9
29 15
29 16
29 18
29 19
29 21
29 22
29 23
29 31
29 32
29 37
29 38
29 40
29 41
29 42
29 43
29 44
29 46
29 47
29 49
29 51
29 54
29 56
29 60
29 61
29 62
29 64
29 75
29 79
29 81
29 88
29 91
29 95
29 97
29 99
30 4
30 6
30 7
30 9
30 12
30 15
30 16
30 17
30 20
30 22
30 23
30 24
30 26
30 27
30 33
30 34
30 39
30 40
30 41
30 42
30 43
30 47
30 49
30 52
30 54
30 55
30 58
30 59
30 60
30 61
30 63
30 64
30 67
30 71
30 74
30 75
30 78
30 80
30 81
30 82
30 83
30 85
30 89
30 91
30 92
30 98
30 99
31 1
31 3
31 4
31 5
31 7
31 11
31 12
31 14
31 15
31 18
31 19
31 25
31 28
31 29
31 32
31 34
31 37
31 38
31 40
31 43
31 44
31 46
31 48
31 52
31 53
31 59
31 61
31 64
31 68
31 73
31 74
31 77
31 82
31 83
31 85
31 86
31 87
31 90
31 94
31 95
31 97
31 99
32 2
32 4
32 8
32 10
32 11
32 15
32 16
32 17
32 19
32 21
32 22
32 24
32 28
32 29
32 31
32 34
32 39
32 40
32 41
32 42
32 44
32 47
32 50
32 54
32 55
32 57
32 58
32 60
32 61
32 62
32 63
32 64
32 70
32 72
32 74
32 75
32 76
32 85
32 86
32 87
32 89
32 90
32 94
32 95
32 96
32 98
33 1
33 2
33 3
33 5
33 11
33 12
33 13
33 14
33 15
33 17
33 22
33 23
33 24
33 26
33 27
33 28
33 30
33 35
33 39
33 40
33 44
33 47
33 49
33 52
33 54
33 55
33 56
33 58
33 59
33 60
33 61
33 62
33 67
33 75
33 77
33 78
33 79
33 82
33 87
33 93
33 96
34 1
34 3
34 5
34 11
34 13
34 14
34 16
34 17
34 24
34 26
34 27
34 28
34 30
34 31
34 32
34 41
34 42
34 45
34 47
34 49
34 50
34 55
34 57
34 59
34 60
34 64
34 65
34 66
34 68
34 71
34 75
34 76
34 77
34 83
34 84
34 85
34 87
34 88
34 91
34 94
34 97
34 99
34 100
35 4
35 5
35 12
35 13
35 15
35 18
35 19
35 21
35 23
35 25
35 33
35 36
35 39
35 41
35 47
35 48
35 50
35 52
35 55
35 59
35 60
35 62
35 63
35 64
35 65
35 66
35 67
35 72
35 74
35 81
35 84
35 85
35 86
35 87
35 90
35 92
35 100
36 1
36 8
36 10
36 11
36 13
36 15
36 16
36 17
36 20
36 23
36 24
36 35
36 37
36 40
36 45
36 50
36 56
36 58
36 60
36 64
36 65
36 68
36 69
36 70
36 74
36 78
36 81
36 85
36 86
36 90
37 2
37 3
37 10
37 12
37 13
37 17
37 18
37 19
37 20
37 22
37 26
37 27
37 28
37 29
37 31
37 36
37 38
37 39
37 41
37 43
37 46
37 47
37 48
37 50
37 54
37 55
37 56
37 59
37 61
37 62
37 65
37 67
37 71
37 72
37 74
37 76
37 77
37 85
37 93
37 94
37 95
37 98
37 99
37 100
38 1
38 2
38 6
38 10
38 12
38 14
38 19
38 20
38 21
38 22
38 23
38 25
38 28
38 29
38 31
38 37
38 40
38 42
38 44
38 46
38 54
38 56
38 59
38 60
38 63
38 66
38 68
38 74
38 78
38 84
38 85
38 88
38 91
38 92
38 94
38 96
38 98
38 99
39 1
39 2
39 3
39 11
39 13
39 16
39 17
39 18
39 20
39 21
39 22
39 23
39 26
39 27
39 30
39 32
39 33
39 35
39 37
39 44
39 45
39 48
39 49
39 53
39 54
39 57
39 58
39 60
39 62
39 63
39 65
39 66
39 67
39 68
39 70
39 71
39 78
39 84
39 86
39 87
39 90
39 92
39 93
40 3
40 4
40 10
40 17
40 22
40 23
40 24
40 26
40 27
40 28
40 29
40 30
40 31
40 32
40 33
40 36
40 38
40 41
40 42
40 44
40 45
40 46
40 48
40 52
40 53
40 54
40 57
40 59
40 62
40 65
40 72
40 73
40 74
40 75
40 76
40 78
40 81
40 85
40 86
40 89
40 91
40 92
40 93
40 94
40 95
40 96
41 1
41 4
41 5
41 12
41 13
41 14
41 16
41 18
41 21
41 23
41 24
41 25
41 29
41 30
41 32
41 34
41 35
41 37
41 40
41 44
41 46
41 47
41 48
41 51
41 54
41 56
41 57
41 58
41 61
41 65
41 67
41 68
41 69
41 70
41 71
41 73
41 77
41 79
41 82
41 83
41 84
41 87
41 88
41 89
41 92
41 95
41 97
41 100
42 4
42 6
42 7
42 8
42 11
42 14
42 16
42 23
42 27
42 29
42 30
42 32
42 34
42 38
42 40
42 44
42 45
42 46
42 47
42 49
42 51
42 54
42 61
42 64
42 67
42 70
42 72
42 76
42 79
42 82
42 84
42 89
42 93
42 96
42 97
42 98
43 2
43 6
43 9
43 13
43 21
43 25
43 29
43 30
43 31
43 37
43 45
43 48
43 50
43 51
43 53
43 54
43 55
43 60
43 62
43 64
43 65
43 67
43 77
43 79
43 92
43 93
43 94
43 95
43 100
44 1
44 2
44 3
44 5
44 9
44 10
44 13
44 15
44 17
44 19
44 20
44 21
44 23
44 27
44 28
44 29
44 31
44 32
44 33
44 38
44 39
44 40
44 41
44 42
44 46
44 52
44 53
44 56
44 60
44 61
44 62
44 63
44 68
44 70
44 72
44 73
44 74
44 76
44 78
44 81
44 82
44 83
44 88
44 91
44 94
44 97
45 3
45 6
45 9
45 11
45 16
45 17
45 20
45 21
45 23
45 25
45 27
45 34
45 36
45 39
45 40
45 42
45 43
45 46
45 47
45 50
45 51
45 55
45 57
45 67
45 69
45 70
45 72
45 78
45 80
45 82
45 84
45 88
45 94
45 98
46 2
46 4
46 6
46 7
46 8
46 9
46 11
46 13
46 15
46 16
46 23
46 29
46 31
46 37
46 38
46 40
46 41
46 42
46 44
46 45
46 48
46 50
46 51
46 52
46 55
46 58
46 60
46 61
46 62
46 63
46 65
46 68
46 70
46 71
46 72
46 78
46 79
46 81
46 82
46 84
46 92
46 94
46 96
46 97
46 98
46 99
46 100
47 4
47 7
47 11
47 12
47 16
47 18
47 19
47 21
47 23
47 24
47 25
47 29
47 30
47 32
47 33
47 34
47 35
47 37
47 41
47 42
47 45
47 48
47 49
47 51
47 54
47 59
47 63
47 67
47 68
47 69
47 70
47 71
47 72
47 73
47 75
47 80
47 81
47 82
47 83
47 86
47 91
47 94
47 96
47 98
47 99
47 100
48 1
48 3
48 4
48 6
48 7
48 10
48 11
48 13
48 15
48 16
48 19
48 24
48 27
48 28
48 31
48 35
48 37
48 39
48 40
48 41
48 43
48 46
48 47
48 49
48 50
48 52
48 54
48 55
48 59
48 60
48 63
48 66
48 69
48 70
48 76
48 80
48 83
48 85
48 86
48 92
48 96
48 97
48 98
48 99
49 1
49 5
49 6
49 9
49 10
49 13
49 14
49 15
49 16
49 18
49 22
49 23
49 24
49 25
49 26
49 29
49 30
49 33
49 34
49 39
49 42
49 47
49 48
49 52
49 55
49 56
49 57
49 60
49 61
49 63
49 65
49 66
49 67
49 71
49 73
49 74
49 83
49 86
49 87
49 88
49 89
49 90
49 92
49 94
49 95
50 1
50 4
50 6
50 8
50 11
50 16
50 17
50 19
50 21
50 25
50 32
50 34
50 35
50 36
50 37
50 43
50 45
50 46
50 48
50 54
50 55
50 59
50 64
50 65
50 66
50 67
50 69
50 70
50 75
50 79
50 82
50 83
50 84
50 85
50 86
50 87
50 89
50 90
50 100
51 1
51 3
51 4
51 7
51 10
51 14
51 16
51 17
51 18
51 27
51 28
51 29
51 41
51 42
51 43
51 45
51 46
51 47
51 57
51 63
51 64
51 66
51 69
51 70
51 71
51 74
51 80
51 82
51 84
51 86
51 90
51 91
51 93
51 94
51 97
51 99
51 100
52 2
52 6
52 7
52 9
52 11
52 13
52 18
52 19
52 20
52 21
52 25
52 30
52 31
52 33
52 35
52 40
52 44
52 46
52 48
52 49
52 54
52 59
52 61
52 62
52 63
52 64
52 66
52 67
52 72
52 77
52 79
52 81
52 82
52 87
52 92
52 95
52 96
52 98
53 1
53 5
53 6
53 8
53 19
53 20
53 22
53 24
53 26
53 27
53 31
53 39
53 40
53 43
53 44
53 55
53 57
53 60
53 61
53 64
53 66
53 68
53 70
53 81
53 82
53 84
53 85
53 88
53 89
53 90
53 91
53 94
53 97
53 98
53 99
53 100
54 2
54 3
54 4
54 6
54 11
54 13
54 15
54 16
54 17
54 18
54 22
54 24
54 26
54 29
54 30
54 32
54 33
54 37
54 38
54 39
54 40
54 41
54 42
54 43
54 47
54 48
54 50
54 52
54 55
54 58
54 59
54 60
54 62
54 63
54 68
54 69
54 74
54 77
54 82
54 87
54 89
55 1
55 2
55 4
55 7
55 10
55 11
55 12
55 13
55 14
55 15
55 17
55 18
55 19
55 23
55 24
55 26
55 30
55 32
55 33
55 34
55 35
55 37
55 43
55 45
55 46
55 48
55 49
55 50
55 53
55 54
55 56
55 61
55 62
55 64
55 72
55 75
55 76
55 77
55 78
55 81
55 82
55 84
55 85
55 86
55 89
55 92
55 94
55 98
56 4
56 6
56 12
56 20
56 21
56 22
56 24
56 25
56 28
56 29
56 33
56 36
56 37
56 38
56 41
56 44
56 49
56 55
56 60
56 61
56 62
56 63
56 66
56 70
56 75
56 77
56 79
56 80
56 81
56 85
56 86
56 87
56 88
56 89
56 90
56 93
56 94
56 95
57 1
57 4
57 5
57 6
57 7
57 8
57 10
57 13
57 14
57 15
57 18
57 20
57 22
57 25
57 28
57 32
57 34
57 39
57 40
57 41
57 45
57 49
57 51
57 53
57 59
57 61
57 62
57 63
57 65
57 75
57 76
57 81
57 84
57 86
57 88
57 94
57 95
57 96
57 99
58 1
58 2
58 3
58 4
58 6
58 8
58 9
58 12
58 14
58 19
58 20
58 24
58 25
58 26
58 28
58 30
58 32
58 33
58 36
58 39
58 41
58 46
58 54
58 60
58 62
58 70
58 71
58 72
58 73
58 75
58 77
58 83
58 84
58 85
58 87
58 88
58 90
58 91
58 92
58 94
58 98
58 100
59 2
59 5
59 6
59 7
59 8
59 10
59 11
59 12
59 18
59 25
59 26
59 28
59 30
59 31
59 33
59 34
59 35
59 37
59 38
59 40
59 47
59 48
59 50
59 52
59 54
59 57
59 63
59 64
59 67
59 69
59 71
59 73
59 76
59 77
59 80
59 81
59 84
59 85
59 88
59 89
59 92
59 93
59 94
59 97
59 98
60 1
60 2
60 3
60 8
60 11
60 12
60 13
60 18
60 22
60 26
60 27
60 28
60 29
60 30
60 32
60 33
60 34
60 35
60 36
60 38
60 39
60 43
60 44
60 46
60 48
60 49
60 53
60 54
60 56
60 58
60 66
60 68
60 69
60 70
60 73
60 76
60 83
60 84
60 87
60 89
60 93
60 97
60 100
61 1
61 4
61 5
61 6
61 8
61 9
61 10
61 12
61 13
61 14
61 15
61 16
61 22
61 23
61 29
61 30
61 31
61 32
61 33
61 37
61 41
61 42
61 44
61 46
61 49
61 52
61 53
61 55
61 56
61 57
61 64
61 66
61 67
61 69
61 72
61 75
61 79
61 81
61 82
61 83
61 88
61 90
61 94
61 95
61 96
62 2
62 3
62 4
62 8
62 10
62 11
62 12
62 16
62 20
62 29
62 32
62 33
62 35
62 37
62 39
62 40
62 43
62 44
62 46
62 52
62 54
62 55
62 56
62 57
62 58
62 72
62 74
62 76
62 79
62 81
62 84
62 85
62 86
62 89
62 90
62 91
62 95
62 97
63 3
63 5
63 14
63 19
63 21
63 24
63 25
63 26
63 27
63 30
63 32
63 35
63 38
63 39
63 44
63 46
63 47
63 48
63 49
63 51
63 52
63 54
63 56
63 57
63 59
63 65
63 66
63 67
63 70
63 72
63 74
63 76
63 77
63 81
63 84
63 85
63 88
63 89
63 90
63 91
63 97
63 98
63 99
63 100
64 1
64 3
64 4
64 5
64 6
64 10
64 11
64 18
64 20
64 21
64 25
64 27
64 28
64 29
64 30
64 31
64 32
64 34
64 35
64 36
64 42
64 43
64 50
64 51
64 52
64 53
64 55
64 59
64 61
64 67
64 71
64 73
64 76
64 77
64 78
64 84
64 85
64 86
64 87
64 90
64 94
64 100
65 1
65 2
65 3
65 5
65 7
65 8
65 11
65 12
65 13
65 15
65 16
65 19
65 25
65 27
65 28
65 34
65 35
65 36
65 37
65 39
65 40
65 41
65 43
65 46
65 49
65 50
65 57
65 63
65 66
65 69
65 72
65 74
65 75
65 76
65 77
65 81
65 82
65 83
65 86
65 88
65 89
65 91
65 94
65 96
65 98
65 99
65 100
66 7
66 16
66 18
66 19
66 20
66 21
66 25
66 28
66 34
66 35
66 38
66 39
66 48
66 49
66 50
66 51
66 52
66 53
66 56
66 60
66 61
66 63
66 65
66 69
66 70
66 71
66 72
66 76
66 81
66 89
66 91
66 93
66 95
66 96
66 97
66 98
67 6
67 16
67 17
67 18
67 20
67 21
67 22
67 23
67 25
67 26
67 30
67 33
67 35
67 37
67 39
67 41
67 42
67 43
67 45
67 47
67 49
67 50
67 52
67 59
67 61
67 63
67 64
67 69
67 73
67 78
67 83
67 85
67 86
67 90
67 92
67 93
67 97
67 99
67 100
68 3
68 4
68 8
68 9
68 10
68 11
68 13
68 16
68 17
68 19
68 21
68 22
68 26
68 31
68 34
68 36
68 38
68 39
68 41
68 44
68 46
68 47
68 53
68 54
68 60
68 69
68 70
68 73
68 75
68 79
68 82
68 85
68 87
68 88
68 89
68 90
68 92
68 93
68 98
68 100
69 1
69 3
69 4
69 8
69 9
69 12
69 14
69 20
69 24
69 26
69 27
69 36
69 41
69 45
69 47
69 48
69 50
69 51
69 54
69 59
69 60
69 61
69 65
69 66
69 67
69 68
69 78
69 80
69 81
69 87
69 89
69 96
69 100
70 1
70 3
70 6
70 9
70 10
70 20
70 23
70 25
70 27
70 32
70 36
70 39
70 41
70 42
70 44
70 45
70 46
70 47
70 48
70 50
70 51
70 53
70 56
70 58
70 60
70 63
70 66
70 68
70 72
70 73
70 76
70 77
70 82
70 95
70 96
70 97
70 98
71 4
71 6
71 7
71 8
71 9
71 13
71 15
71 17
71 18
71 20
71 22
71 24
71 26
71 27
71 28
71 30
71 34
71 37
71 39
71 41
71 46
71 47
71 49
71 51
71 58
71 59
71 64
71 66
71 72
71 73
71 74
71 75
71 78
71 79
71 80
71 83
71 87
71 88
71 96
71 98
72 1
72 5
72 6
72 9
72 10
72 11
72 13
72 17
72 20
72 21
72 24
72 27
72 28
72 32
72 35
72 37
72 40
72 42
72 44
72 45
72 46
72 47
72 52
72 55
72 58
72 61
72 62
72 63
72 65
72 66
72 70
72 71
72 74
72 79
72 80
72 81
72 85
72 86
72 87
72 90
72 92
72 93
72 94
72 97
72 99
72 100
73 2
73 11
73 12
73 15
73 16
73 27
73 31
73 40
73 41
73 44
73 47
73 49
73 58
73 59
73 60
73 64
73 67
73 68
73 70
73 71
73 77
73 78
73 80
73 83
73 85
73 87
73 88
73 93
73 94
73 98
73 99
73 100
74 2
74 3
74 4
74 5
74 8
74 9
74 10
74 11
74 14
74 17
74 19
74 20
74 21
74 22
74 27
74 30
74 31
74 32
74 35
74 36
74 37
74 38
74 40
74 44
74 49
74 51
74 54
74 62
74 63
74 65
74 71
74 72
74 80
74 84
74 89
74 92
74 97
74 98
74 100
75 5
75 13
75 14
75 16
75 20
75 22
75 25
75 26
75 27
75 29
75 30
75 32
75 33
75 34
75 40
75 47
75 50
75 55
75 56
75 57
75 58
75 61
75 65
75 68
75 71
75 78
75 82
75 88
75 89
75 92
75 93
75 94
75 96
75 99
76 1
76 3
76 4
76 8
76 10
76 12
76 19
76 21
76 23
76 25
76 26
76 27
76 32
76 34
76 37
76 40
76 42
76 44
76 48
76 55
76 57
76 59
76 60
76 62
76 63
76 64
76 65
76 66
76 70
76 77
76 78
76 83
76 85
76 86
76 87
76 91
76 92
76 93
76 96
76 98
76 99
76 100
77 1
77 6
77 8
77 16
77 31
77 33
77 34
77 37
77 41
77 43
77 52
77 54
77 55
77 56
77 58
77 59
77 63
77 64
77 65
77 70
77 73
77 76
77 78
77 79
77 80
77 83
77 84
77 94
77 97
77 98
78 1
78 2
78 6
78 7
78 8
78 10
78 13
78 14
78 19
78 24
78 27
78 28
78 30
78 33
78 36
78 38
78 39
78 40
78 44
78 45
78 46
78 55
78 64
78 67
78 69
78 71
78 73
78 75
78 76
78 77
78 80
78 82
78 83
78 85
78 87
78 90
78 98
78 99
79 1
79 2
79 6
79 8
79 10
79 12
79 14
79 15
79 21
79 24
79 25
79 26
79 27
79 28
79 29
79 33
79 41
79 42
79 43
79 46
79 50
79 52
79 56
79 61
79 62
79 68
79 71
79 72
79 77
79 81
79 82
79 85
79 86
79 87
79 88
79 94
79 96
79 97
79 99
80 2
80 6
80 8
80 9
80 12
80 13
80 14
80 15
80 17
80 18
80 20
80 27
80 30
80 45
80 47
80 48
80 51
80 56
80 59
80 69
80 71
80 72
80 73
80 74
80 77
80 78
80 82
80 84
80 85
80 86
80 88
80 94
80 95
80 98
80 100
81 1
81 3
81 6
81 7
81 8
81 9
81 11
81 13
81 15
81 16
81 18
81 19
81 21
81 22
81 23
81 24
81 29
81 30
81 35
81 36
81 40
81 44
81 46
81 47
81 52
81 53
81 55
81 56
81 57
81 59
81 61
81 62
81 63
81 65
81 66
81 69
81 72
81 79
81 82
81 85
81 86
81 88
81 91
81 93
81 95
81 97
81 99
82 2
82 3
82 9
82 11
82 16
82 20
82 21
82 27
82 28
82 30
82 31
82 33
82 41
82 42
82 44
82 45
82 46
82 47
82 50
82 51
82 52
82 53
82 54
82 55
82 61
82 65
82 68
82 70
82 75
82 78
82 79
82 80
82 81
82 84
82 87
82 89
82 92
82 95
82 96
82 99
83 3
83 5
83 6
83 7
83 8
83 14
83 17
83 21
83 23
83 25
83 30
83 31
83 34
83 41
83 44
83 47
83 48
83 49
83 50
83 58
83 60
83 61
83 65
83 67
83 71
83 73
83 76
83 77
83 78
83 86
83 89
83 90
83 92
83 93
83 95
83 97
83 99
84 6
84 8
84 15
84 16
84 20
84 24
84 26
84 27
84 34
84 35
84 38
84 39
84 41
84 42
84 45
84 46
84 50
84 51
84 53
84 55
84 57
84 58
84 59
84 60
84 62
84 63
84 64
84 74
84 77
84 80
84 82
84 85
84 92
84 94
84 95
84 96
84 99
85 4
85 5
85 6
85 8
85 9
85 11
85 12
85 15
85 16
85 19
85 20
85 25
85 27
85 30
85 31
85 32
85 34
85 35
85 36
85 37
85 38
85 40
85 48
85 50
85 53
85 55
85 56
85 58
85 59
85 62
85 63
85 64
85 67
85 68
85 72
85 73
85 76
85 78
85 79
85 80
85 81
85 84
85 87
85 89
85 91
85 93
85 94
85 95
85 97
85 100
86 1
86 2
86 9
86 10
86 17
86 21
86 27
86 28
86 31
86 32
86 35
86 36
86 39
86 40
86 47
86 48
86 49
86 50
86 51
86 55
86 56
86 57
86 62
86 64
86 65
86 67
86 72
86 76
86 79
86 80
86 81
86 83
86 87
86 88
86 89
86 92
86 96
86 100
87 5
87 7
87 10
87 13
87 15
87 16
87 18
87 20
87 21
87 22
87 24
87 25
87 27
87 31
87 32
87 33
87 34
87 35
87 39
87 41
87 49
87 50
87 52
87 54
87 56
87 58
87 60
87 64
87 68
87 69
87 71
87 72
87 73
87 76
87 78
87 79
87 82
87 85
87 86
87 88
87 90
87 92
87 93
87 94
87 95
87 96
87 97
88 1
88 5
88 11
88 18
88 20
88 21
88 24
88 25
88 26
88 27
88 29
88 34
88 38
88 41
88 44
88 45
88 49
88 53
88 56
88 57
88 58
88 59
88 61
88 63
88 65
88 68
88 71
88 73
88 75
88 79
88 80
88 81
88 86
88 87
88 90
88 92
88 95
88 97
88 100
89 3
89 4
89 6
89 7
89 9
89 12
89 15
89 16
89 18
89 19
89 27
89 30
89 32
89 40
89 41
89 42
89 49
89 50
89 53
89 54
89 55
89 56
89 59
89 60
89 62
89 63
89 65
89 66
89 68
89 69
89 74
89 75
89 82
89 83
89 85
89 86
89 90
89 93
89 95
89 97
89 99
90 2
90 4
90 8
90 9
90 10
90 18
90 19
90 24
90 25
90 26
90 27
90 28
90 31
90 32
90 35
90 36
90 39
90 49
90 50
90 51
90 53
90 56
90 58
90 61
90 62
90 63
90 64
90 67
90 68
90 72
90 78
90 83
90 87
90 88
90 89
90 93
90 94
90 95
90 96
90 98
90 100
91 2
91 3
91 5
91 8
91 9
91 10
91 11
91 14
91 17
91 21
91 24
91 25
91 27
91 29
91 30
91 34
91 38
91 40
91 44
91 47
91 51
91 53
91 58
91 62
91 63
91 65
91 66
91 76
91 81
91 85
91 95
91 96
91 99
91 100
92 3
92 4
92 5
92 6
92 7
92 10
92 15
92 19
92 20
92 22
92 24
92 25
92 26
92 30
92 35
92 38
92 39
92 40
92 41
92 43
92 46
92 48
92 49
92 52
92 55
92 58
92 59
92 67
92 68
92 72
92 74
92 75
92 76
92 82
92 83
92 84
92 86
92 87
92 88
92 95
92 96
92 97
92 99
93 1
93 12
93 14
93 16
93 22
93 23
93 26
93 33
93 37
93 39
93 40
93 42
93 43
93 51
93 56
93 59
93 60
93 66
93 67
93 68
93 72
93 73
93 75
93 76
93 81
93 83
93 85
93 87
93 89
93 90
93 96
93 97
93 98
93 99
93 100
94 4
94 6
94 8
94 10
94 11
94 12
94 16
94 20
94 23
94 24
94 27
94 31
94 32
94 34
94 37
94 38
94 40
94 43
94 44
94 45
94 46
94 47
94 49
94 51
94 53
94 55
94 56
94 57
94 58
94 59
94 61
94 64
94 65
94 72
94 73
94 75
94 77
94 79
94 80
94 84
94 85
94 87
94 90
94 95
94 96
94 98
95 3
95 4
95 8
95 13
95 14
95 19
95 27
95 29
95 31
95 32
95 37
95 40
95 41
95 43
95 49
95 52
95 56
95 57
95 61
95 62
95 66
95 70
95 80
95 81
95 82
95 83
95 84
95 85
95 87
95 88
95 89
95 90
95 91
95 92
95 94
95 99
96 2
96 3
96 4
96 5
96 8
96 13
96 14
96 15
96 16
96 17
96 18
96 19
96 21
96 22
96 28
96 32
96 33
96 38
96 40
96 42
96 46
96 47
96 48
96 52
96 57
96 61
96 65
96 66
96 69
96 70
96 71
96 75
96 76
96 79
96 82
96 84
96 86
96 87
96 90
96 91
96 92
96 93
96 94
96 99
96 100
97 4
97 5
97 6
97 10
97 15
97 21
97 22
97 23
97 26
97 29
97 31
97 34
97 41
97 42
97 44
97 46
97 48
97 51
97 53
97 59
97 60
97 62
97 63
97 66
97 67
97 70
97 72
97 74
97 77
97 79
97 81
97 83
97 85
97 87
97 88
97 89
97 92
97 93
97 98
98 2
98 4
98 5
98 8
98 14
98 15
98 20
98 22
98 30
98 32
98 37
98 38
98 42
98 45
98 46
98 47
98 48
98 52
98 53
98 55
98 58
98 59
98 63
98 65
98 66
98 68
98 70
98 71
98 73
98 74
98 76
98 77
98 78
98 80
98 90
98 93
98 94
98 97
98 99
98 100
99 2
99 7
99 8
99 13
99 15
99 17
99 18
99 29
99 30
99 31
99 34
99 37
99 38
99 46
99 47
99 48
99 51
99 53
99 57
99 63
99 65
99 67
99 72
99 73
99 75
99 76
99 78
99 79
99 81
99 82
99 83
99 84
99 89
99 91
99 92
99 93
99 95
99 96
99 98
100 2
100 3
100 4
100 8
100 9
100 10
100 11
100 12
100 14
100 18
100 24
100 34
100 35
100 37
100 41
100 43
100 46
100 47
100 50
100 51
100 53
100 58
100 60
100 63
100 64
100 65
100 67
100 68
100 69
100 72
100 73
100 74
100 76
100 80
100 85
100 86
100 88
100 90
100 91
100 93
100 96
100 98
