100
1 4
1 5
1 8
1 9
1 11
1 13
1 16
1 17
1 19
1 22
1 24
1 25
1 27
1 28
1 30
1 31
1 34
1 36
1 37
1 38
1 40
1 42
1 43
1 44
1 46
1 49
1 50
1 51
1 52
1 54
1 56
1 57
1 59
1 60
1 61
1 62
1 63
1 64
1 66
1 67
1 68
1 69
1 71
1 72
1 73
1 77
1 78
1 80
1 82
1 83
1 85
1 86
1 87
1 88
1 90
1 91
1 92
1 93
1 97
2 3
2 4
2 5
2 6
2 7
2 8
2 9
2 10
2 13
2 15
2 17
2 18
2 19
2 24
2 25
2 26
2 27
2 29
2 30
2 31
2 33
2 34
2 35
2 36
2 38
2 39
2 41
2 42
2 43
2 44
2 48
2 49
2 50
2 51
2 52
2 54
2 55
2 56
2 57
2 60
2 61
2 62
2 63
2 64
2 66
2 67
2 68
2 70
2 72
2 73
2 74
2 75
2 77
2 80
2 81
2 82
2 85
2 86
2 87
2 88
2 89
2 90
2 92
2 93
2 95
2 99
2 100
3 2
3 4
3 6
3 7
3 11
3 12
3 13
3 16
3 17
3 18
3 20
3 25
3 27
3 29
3 30
3 31
3 32
3 33
3 34
3 36
3 37
3 40
3 41
3 43
3 44
3 45
3 46
3 49
3 50
3 51
3 52
3 54
3 55
3 56
3 58
3 60
3 63
3 64
3 66
3 68
3 76
3 78
3 79
3 80
3 81
3 86
3 87
3 88
3 90
3 92
3 95
3 98
4 1
4 2
4 3
4 6
4 7
4 8
4 10
4 12
4 15
4 18
4 20
4 21
4 22
4 25
4 26
4 27
4 28
4 29
4 32
4 33
4 34
4 35
4 36
4 38
4 40
4 41
4 42
4 43
4 44
4 47
4 49
4 52
4 56
4 57
4 59
4 61
4 63
4 64
4 65
4 68
4 69
4 71
4 72
4 73
4 75
4 76
4 77
4 79
4 80
4 81
4 82
4 83
4 84
4 85
4 86
4 87
4 88
4 91
4 92
4 93
4 96
4 97
4 98
4 100
5 1
5 2
5 6
5 7
5 9
5 10
5 11
5 13
5 14
5 16
5 17
5 18
5 23
5 24
5 25
5 29
5 30
5 31
5 32
5 33
5 34
5 37
5 39
5 44
5 45
5 46
5 50
5 51
5 52
5 54
5 55
5 57
5 59
5 60
5 62
5 67
5 68
5 74
5 76
5 77
5 78
5 79
5 80
5 82
5 83
5 84
5 85
5 87
5 88
5 89
5 92
5 93
5 95
5 96
5 98
6 2
6 3
6 4
6 5
6 7
6 11
6 12
6 13
6 14
6 17
6 22
6 24
6 25
6 27
6 28
6 30
6 31
6 35
6 36
6 37
6 38
6 39
6 40
6 41
6 44
6 46
6 47
6 49
6 50
6 51
6 52
6 53
6 54
6 55
6 56
6 57
6 58
6 59
6 60
6 61
6 63
6 64
6 65
6 67
6 70
6 71
6 72
6 73
6 74
6 75
6 76
6 79
6 80
6 81
6 83
6 84
6 85
6 86
6 87
6 89
6 91
6 93
6 94
6 96
6 97
6 99
7 2
7 3
7 4
7 5
7 6
7 9
7 10
7 11
7 14
7 15
7 16
7 17
7 19
7 20
7 21
7 23
7 24
7 26
7 28
7 30
7 32
7 33
7 34
7 35
7 37
7 38
7 39
7 41
7 42
7 44
7 49
7 53
7 56
7 58
7 61
7 63
7 64
7 68
7 69
7 71
7 77
7 78
7 79
7 80
7 82
7 84
7 85
7 86
7 87
7 88
7 90
7 94
7 96
8 1
8 2
8 4
8 11
8 12
8 15
8 18
8 19
8 20
8 23
8 24
8 25
8 27
8 28
8 30
8 31
8 32
8 33
8 36
8 40
8 41
8 42
8 44
8 45
8 46
8 48
8 49
8 50
8 51
8 54
8 55
8 56
8 58
8 60
8 61
8 63
8 64
8 66
8 67
8 68
8 70
8 71
8 72
8 73
8 75
8 77
8 78
8 79
8 80
8 81
8 82
8 85
8 87
8 88
8 89
8 91
8 96
8 97
8 98
8 99
8 100
9 1
9 2
9 5
9 7
9 10
9 11
9 12
9 14
9 15
9 16
9 17
9 18
9 20
9 21
9 23
9 24
9 25
9 26
9 27
9 30
9 31
9 33
9 34
9 35
9 36
9 37
9 38
9 39
9 40
9 41
9 42
9 43
9 45
9 47
9 50
9 51
9 53
9 54
9 56
9 58
9 59
9 60
9 61
9 62
9 64
9 65
9 67
9 68
9 70
9 72
9 73
9 74
9 75
9 76
9 77
9 78
9 81
9 85
9 86
9 88
9 89
9 90
9 91
9 92
9 98
9 99
10 2
10 4
10 5
10 7
10 9
10 11
10 12
10 13
10 15
10 18
10 19
10 22
10 23
10 24
10 26
10 27
10 28
10 29
10 30
10 31
10 32
10 33
10 34
10 35
10 36
10 37
10 38
10 39
10 40
10 41
10 44
10 46
10 47
10 48
10 49
10 50
10 54
10 55
10 56
10 61
10 63
10 64
10 65
10 66
10 67
10 70
10 71
10 72
10 75
10 76
10 79
10 80
10 81
10 86
10 87
10 89
10 91
10 93
10 94
10 95
10 96
10 98
11 1
11 3
11 5
11 6
11 7
11 8
11 9
11 10
11 14
11 15
11 16
11 17
11 18
11 19
11 23
11 24
11 26
11 27
11 29
11 30
11 31
11 32
11 33
11 35
11 36
11 37
11 38
11 39
11 40
11 42
11 43
11 44
11 45
11 46
11 48
11 49
11 50
11 51
11 52
11 53
11 54
11 55
11 56
11 57
11 58
11 59
11 61
11 62
11 66
11 68
11 73
11 74
11 75
11 76
11 77
11 78
11 80
11 83
11 84
11 86
11 88
11 89
11 93
11 94
11 95
11 96
11 97
11 99
11 100
12 3
12 4
12 6
12 8
12 9
12 10
12 14
12 15
12 16
12 17
12 18
12 20
12 23
12 28
12 29
12 30
12 31
12 33
12 34
12 38
12 39
12 41
12 42
12 43
12 44
12 45
12 46
12 47
12 49
12 50
12 51
12 52
12 53
12 56
12 57
12 58
12 59
12 62
12 66
12 69
12 71
12 72
12 74
12 76
12 77
12 79
12 80
12 81
12 82
12 83
12 84
12 86
12 88
12 90
12 91
12 100
13 1
13 2
13 3
13 5
13 6
13 10
13 14
13 16
13 17
13 19
13 20
13 21
13 24
13 25
13 26
13 27
13 29
13 30
13 31
13 33
13 36
13 37
13 38
13 43
13 45
13 48
13 53
13 54
13 55
13 57
13 58
13 60
13 61
13 62
13 63
13 64
13 65
13 67
13 69
13 70
13 71
13 73
13 74
13 76
13 77
13 78
13 80
13 81
13 82
13 83
13 85
13 87
13 88
13 89
13 91
13 92
13 94
13 95
13 96
13 97
13 98
13 99
14 5
14 6
14 7
14 9
14 11
14 12
14 13
14 16
14 17
14 18
14 19
14 20
14 23
14 25
14 26
14 27
14 29
14 30
14 32
14 36
14 37
14 39
14 40
14 41
14 42
14 44
14 46
14 47
14 49
14 51
14 52
14 53
14 55
14 58
14 59
14 61
14 66
14 67
14 68
14 72
14 75
14 76
14 77
14 78
14 79
14 80
14 82
14 84
14 85
14 86
14 88
14 89
14 91
14 92
14 94
14 95
14 96
14 97
14 98
14 99
15 2
15 4
15 7
15 8
15 9
15 10
15 11
15 12
15 20
15 21
15 22
15 23
15 24
15 27
15 29
15 32
15 34
15 35
15 38
15 39
15 40
15 42
15 43
15 44
15 45
15 46
15 48
15 51
15 52
15 53
15 54
15 55
15 58
15 60
15 61
15 63
15 65
15 67
15 68
15 71
15 72
15 73
15 74
15 77
15 78
15 79
15 81
15 83
15 87
15 88
15 89
15 92
15 93
15 95
15 96
15 98
15 99
15 100
16 1
16 3
16 5
16 7
16 9
16 11
16 12
16 13
16 14
16 17
16 18
16 19
16 20
16 22
16 23
16 25
16 26
16 29
16 30
16 33
16 34
16 35
16 36
16 38
16 39
16 40
16 41
16 42
16 43
16 44
16 45
16 46
16 47
16 48
16 49
16 50
16 51
16 52
16 54
16 58
16 61
16 62
16 66
16 67
16 71
16 75
16 76
16 77
16 78
16 85
16 86
16 87
16 88
16 89
16 90
16 91
16 92
16 96
17 1
17 2
17 3
17 5
17 6
17 7
17 9
17 11
17 12
17 13
17 14
17 16
17 18
17 19
17 21
17 22
17 23
17 28
17 29
17 33
17 34
17 36
17 38
17 40
17 41
17 44
17 45
17 46
17 49
17 50
17 51
17 52
17 53
17 54
17 56
17 57
17 59
17 60
17 62
17 63
17 64
17 65
17 66
17 68
17 69
17 70
17 73
17 74
17 77
17 78
17 80
17 81
17 82
17 83
17 86
17 88
17 92
17 95
17 97
17 98
17 99
17 100
18 2
18 3
18 4
18 5
18 8
18 9
18 10
18 11
18 12
18 14
18 16
18 17
18 19
18 20
18 21
18 27
18 29
18 30
18 31
18 32
18 33
18 34
18 35
18 36
18 39
18 40
18 41
18 42
18 44
18 49
18 50
18 51
18 52
18 53
18 55
18 59
18 60
18 61
18 62
18 65
18 66
18 67
18 70
18 72
18 73
18 75
18 76
18 77
18 79
18 80
18 81
18 82
18 84
18 86
18 87
18 88
18 89
18 91
18 92
18 93
18 96
18 98
18 99
18 100
19 1
19 2
19 7
19 8
19 10
19 11
19 13
19 14
19 16
19 17
19 18
19 25
19 26
19 30
19 32
19 33
19 34
19 35
19 36
19 38
19 39
19 40
19 41
19 42
19 43
19 45
19 46
19 47
19 49
19 54
19 55
19 58
19 59
19 60
19 61
19 69
19 72
19 76
19 77
19 80
19 81
19 82
19 83
19 84
19 85
19 89
19 90
19 91
19 92
19 93
19 94
19 97
19 99
19 100
20 3
20 4
20 7
20 8
20 9
20 12
20 13
20 14
20 15
20 16
20 18
20 23
20 24
20 25
20 26
20 27
20 28
20 31
20 32
20 33
20 34
20 35
20 36
20 39
20 41
20 43
20 45
20 47
20 49
20 50
20 52
20 55
20 56
20 58
20 59
20 60
20 61
20 62
20 66
20 68
20 70
20 73
20 75
20 76
20 77
20 79
20 80
20 82
20 83
20 84
20 85
20 86
20 89
20 92
20 94
20 95
20 96
20 98
21 4
21 7
21 9
21 13
21 15
21 17
21 18
21 22
21 23
21 25
21 27
21 31
21 32
21 34
21 35
21 36
21 37
21 38
21 44
21 45
21 48
21 49
21 53
21 56
21 57
21 58
21 59
21 62
21 63
21 64
21 65
21 67
21 68
21 70
21 71
21 72
21 73
21 75
21 77
21 78
21 79
21 80
21 81
21 82
21 84
21 85
21 86
21 87
21 88
21 89
21 91
21 93
21 94
21 95
21 96
22 1
22 4
22 6
22 10
22 15
22 16
22 17
22 21
22 23
22 24
22 26
22 27
22 28
22 29
22 31
22 32
22 34
22 35
22 36
22 37
22 38
22 41
22 45
22 47
22 49
22 52
22 55
22 56
22 57
22 59
22 60
22 61
22 63
22 64
22 65
22 67
22 68
22 70
22 71
22 72
22 74
22 75
22 76
22 77
22 80
22 82
22 84
22 85
22 87
22 89
22 90
22 91
22 92
22 94
22 95
22 97
22 98
22 100
23 5
23 7
23 8
23 9
23 10
23 11
23 12
23 14
23 15
23 16
23 17
23 20
23 21
23 22
23 24
23 26
23 27
23 28
23 31
23 33
23 35
23 36
23 37
23 38
23 39
23 40
23 41
23 42
23 43
23 45
23 46
23 47
23 48
23 49
23 50
23 51
23 54
23 56
23 59
23 60
23 61
23 62
23 64
23 66
23 67
23 68
23 70
23 71
23 72
23 73
23 76
23 78
23 82
23 85
23 86
23 88
23 89
23 90
23 91
23 92
23 93
23 94
23 95
23 96
23 97
23 98
23 100
24 1
24 2
24 5
24 6
24 7
24 8
24 9
24 10
24 11
24 13
24 15
24 20
24 22
24 23
24 25
24 27
24 28
24 29
24 30
24 31
24 32
24 33
24 34
24 35
24 36
24 37
24 38
24 39
24 43
24 44
24 46
24 47
24 48
24 49
24 50
24 52
24 53
24 56
24 58
24 59
24 60
24 61
24 63
24 65
24 66
24 68
24 69
24 70
24 72
24 75
24 77
24 78
24 81
24 83
24 84
24 85
24 88
24 91
24 93
24 96
24 97
24 100
25 1
25 2
25 3
25 4
25 5
25 6
25 8
25 9
25 13
25 14
25 16
25 19
25 20
25 21
25 24
25 26
25 27
25 28
25 29
25 30
25 33
25 35
25 36
25 37
25 39
25 44
25 47
25 48
25 49
25 50
25 51
25 53
25 56
25 58
25 60
25 61
25 62
25 63
25 64
25 65
25 67
25 69
25 70
25 73
25 74
25 75
25 80
25 81
25 84
25 87
25 89
25 90
25 94
25 95
25 96
25 97
25 100
26 2
26 4
26 7
26 9
26 10
26 11
26 13
26 14
26 16
26 19
26 20
26 22
26 23
26 25
26 28
26 30
26 31
26 32
26 33
26 36
26 37
26 39
26 40
26 44
26 45
26 46
26 48
26 50
26 51
26 52
26 53
26 55
26 58
26 61
26 64
26 67
26 68
26 69
26 71
26 72
26 74
26 75
26 76
26 77
26 78
26 79
26 80
26 81
26 82
26 85
26 89
26 90
26 91
26 92
26 93
26 94
26 95
26 96
26 97
26 98
26 99
26 100
27 1
27 2
27 3
27 4
27 6
27 8
27 9
27 10
27 11
27 13
27 14
27 15
27 18
27 20
27 21
27 22
27 23
27 24
27 25
27 28
27 29
27 31
27 34
27 35
27 37
27 39
27 40
27 41
27 43
27 45
27 48
27 50
27 52
27 60
27 61
27 62
27 65
27 66
27 69
27 70
27 71
27 73
27 75
27 78
27 79
27 80
27 82
27 83
27 84
27 85
27 86
27 88
27 90
27 92
27 94
27 95
27 96
27 97
27 98
27 100
28 1
28 4
28 6
28 7
28 8
28 10
28 12
28 17
28 20
28 22
28 23
28 24
28 25
28 26
28 27
28 29
28 30
28 32
28 33
28 34
28 35
28 36
28 37
28 38
28 39
28 44
28 45
28 46
28 47
28 48
28 50
28 51
28 52
28 54
28 55
28 56
28 57
28 59
28 60
28 61
28 62
28 64
28 65
28 66
28 69
28 70
28 71
28 73
28 74
28 76
28 77
28 78
28 79
28 80
28 81
28 82
28 85
28 86
28 90
28 91
28 92
28 93
28 94
28 95
28 96
28 97
28 98
28 99
28 100
29 2
29 3
29 4
29 5
29 10
29 11
29 12
29 13
29 14
29 15
29 16
29 17
29 18
29 22
29 24
29 25
29 27
29 28
29 32
29 33
29 35
29 36
29 37
29 39
29 40
29 41
29 42
29 43
29 48
29 49
29 52
29 54
29 55
29 56
29 57
29 58
29 59
29 61
29 62
29 65
29 66
29 69
29 70
29 73
29 76
29 77
29 79
29 81
29 82
29 85
29 87
29 88
29 89
29 91
29 92
29 94
29 100
30 1
30 2
30 3
30 5
30 6
30 7
30 8
30 9
30 10
30 11
30 12
30 13
30 14
30 16
30 18
30 19
30 24
30 25
30 26
30 28
30 32
30 33
30 34
30 35
30 36
30 38
30 39
30 40
30 44
30 45
30 48
30 49
30 50
30 51
30 54
30 55
30 56
30 58
30 60
30 61
30 62
30 63
30 67
30 68
30 70
30 73
30 74
30 75
30 76
30 77
30 79
30 80
30 82
30 83
30 84
30 85
30 86
30 87
30 88
30 90
30 94
30 97
30 98
30 99
30 100
31 1
31 2
31 3
31 5
31 6
31 8
31 9
31 10
31 11
31 12
31 13
31 18
31 20
31 21
31 22
31 23
31 24
31 26
31 27
31 33
31 34
31 36
31 37
31 39
31 41
31 44
31 45
31 46
31 47
31 48
31 50
31 51
31 53
31 54
31 57
31 58
31 59
31 60
31 61
31 62
31 65
31 66
31 67
31 69
31 70
31 71
31 73
31 74
31 76
31 77
31 78
31 81
31 84
31 86
31 87
31 93
31 94
31 96
31 97
31 98
31 99
31 100
32 3
32 4
32 5
32 7
32 8
32 10
32 11
32 14
32 15
32 18
32 19
32 20
32 21
32 22
32 24
32 26
32 28
32 29
32 30
32 34
32 35
32 36
32 40
32 41
32 42
32 47
32 48
32 49
32 50
32 55
32 56
32 57
32 59
32 60
32 63
32 66
32 68
32 70
32 71
32 72
32 73
32 77
32 79
32 80
32 81
32 86
32 87
32 90
32 91
32 92
32 94
32 95
32 96
32 97
32 100
33 2
33 3
33 4
33 5
33 7
33 8
33 9
33 10
33 11
33 12
33 13
33 16
33 17
33 18
33 19
33 20
33 23
33 24
33 25
33 26
33 28
33 29
33 30
33 31
33 34
33 35
33 36
33 37
33 38
33 39
33 40
33 44
33 46
33 48
33 49
33 50
33 51
33 52
33 56
33 58
33 59
33 60
33 61
33 65
33 66
33 67
33 68
33 70
33 71
33 72
33 73
33 74
33 75
33 76
33 77
33 78
33 79
33 80
33 82
33 83
33 84
33 85
33 88
33 89
33 90
33 91
33 92
33 93
33 95
33 96
33 98
33 99
34 1
34 2
34 3
34 4
34 5
34 7
34 9
34 10
34 12
34 15
34 16
34 17
34 18
34 19
34 20
34 21
34 22
34 24
34 27
34 28
34 30
34 31
34 32
34 33
34 35
34 36
34 37
34 39
34 40
34 41
34 43
34 44
34 45
34 46
34 50
34 52
34 53
34 54
34 55
34 58
34 59
34 60
34 61
34 63
34 65
34 66
34 68
34 70
34 73
34 74
34 76
34 79
34 80
34 82
34 84
34 85
34 88
34 89
34 92
34 97
34 98
34 100
35 2
35 4
35 6
35 7
35 9
35 10
35 11
35 15
35 16
35 18
35 19
35 20
35 21
35 22
35 23
35 24
35 25
35 27
35 28
35 29
35 30
35 32
35 33
35 34
35 41
35 42
35 44
35 45
35 46
35 47
35 48
35 50
35 51
35 52
35 54
35 55
35 57
35 58
35 60
35 61
35 65
35 66
35 67
35 69
35 71
35 72
35 73
35 74
35 75
35 77
35 83
35 85
35 86
35 87
35 88
35 90
35 91
35 92
35 93
35 94
35 95
35 99
35 100
36 1
36 2
36 3
36 4
36 6
36 8
36 9
36 10
36 11
36 13
36 14
36 16
36 17
36 18
36 19
36 20
36 21
36 22
36 23
36 24
36 25
36 26
36 28
36 29
36 30
36 31
36 32
36 33
36 34
36 38
36 40
36 41
36 44
36 46
36 50
36 52
36 55
36 56
36 57
36 58
36 61
36 62
36 63
36 70
36 71
36 73
36 75
36 76
36 78
36 79
36 80
36 82
36 83
36 84
36 85
36 86
36 91
36 92
36 94
37 1
37 3
37 5
37 6
37 7
37 9
37 10
37 11
37 13
37 14
37 21
37 22
37 23
37 24
37 25
37 26
37 27
37 28
37 29
37 31
37 33
37 34
37 39
37 41
37 42
37 43
37 45
37 47
37 48
37 50
37 52
37 53
37 54
37 55
37 56
37 60
37 62
37 65
37 66
37 67
37 68
37 70
37 71
37 72
37 74
37 80
37 81
37 84
37 85
37 87
37 88
37 90
37 92
37 94
37 95
37 96
37 97
37 100
38 1
38 2
38 4
38 6
38 7
38 9
38 10
38 11
38 12
38 13
38 15
38 16
38 17
38 19
38 21
38 22
38 23
38 24
38 28
38 30
38 33
38 36
38 39
38 40
38 41
38 42
38 43
38 45
38 46
38 49
38 50
38 52
38 53
38 54
38 55
38 58
38 59
38 60
38 64
38 66
38 67
38 68
38 70
38 71
38 73
38 74
38 75
38 76
38 77
38 78
38 80
38 81
38 82
38 83
38 84
38 89
38 90
38 93
38 95
38 100
39 2
39 5
39 6
39 7
39 9
39 10
39 11
39 12
39 14
39 15
39 16
39 18
39 19
39 20
39 23
39 24
39 25
39 26
39 27
39 28
39 29
39 30
39 31
39 33
39 34
39 37
39 38
39 44
39 47
39 48
39 49
39 52
39 53
39 54
39 56
39 57
39 58
39 59
39 60
39 62
39 63
39 64
39 65
39 66
39 69
39 71
39 72
39 74
39 75
39 77
39 78
39 79
39 81
39 82
39 83
39 84
39 85
39 86
39 87
39 88
39 89
39 90
39 91
39 92
39 93
39 95
39 96
39 98
39 99
40 1
40 3
40 4
40 6
40 8
40 9
40 10
40 11
40 14
40 15
40 16
40 17
40 18
40 19
40 23
40 26
40 27
40 29
40 30
40 32
40 33
40 34
40 36
40 38
40 41
40 44
40 45
40 52
40 54
40 55
40 57
40 59
40 61
40 62
40 64
40 65
40 67
40 68
40 69
40 70
40 71
40 72
40 73
40 75
40 77
40 78
40 79
40 80
40 82
40 84
40 85
40 87
40 90
40 91
40 93
40 94
40 95
40 98
40 99
40 100
41 2
41 3
41 4
41 6
41 7
41 8
41 9
41 10
41 12
41 14
41 16
41 17
41 18
41 19
41 20
41 22
41 23
41 27
41 29
41 31
41 32
41 34
41 35
41 36
41 37
41 38
41 40
41 44
41 45
41 46
41 47
41 49
41 50
41 51
41 52
41 53
41 54
41 57
41 58
41 59
41 60
41 64
41 66
41 67
41 69
41 73
41 74
41 75
41 76
41 78
41 79
41 80
41 81
41 83
41 84
41 85
41 86
41 88
41 89
41 91
41 92
41 93
41 94
41 96
41 98
41 100
42 1
42 2
42 4
42 7
42 8
42 9
42 11
42 12
42 14
42 15
42 16
42 18
42 19
42 23
42 29
42 32
42 35
42 37
42 38
42 44
42 45
42 46
42 48
42 50
42 51
42 52
42 54
42 55
42 57
42 58
42 59
42 61
42 62
42 63
42 64
42 65
42 66
42 69
42 70
42 71
42 74
42 75
42 76
42 77
42 81
42 82
42 83
42 84
42 86
42 87
42 88
42 90
42 91
42 93
42 94
42 96
42 98
42 99
43 1
43 2
43 3
43 4
43 9
43 11
43 12
43 13
43 15
43 16
43 19
43 20
43 23
43 24
43 27
43 29
43 34
43 37
43 38
43 44
43 46
43 48
43 50
43 52
43 53
43 57
43 59
43 60
43 61
43 62
43 64
43 65
43 66
43 67
43 68
43 69
43 75
43 76
43 77
43 78
43 79
43 81
43 82
43 83
43 85
43 86
43 87
43 88
43 91
43 92
43 95
43 96
43 97
43 98
43 99
44 1
44 2
44 3
44 4
44 5
44 6
44 7
44 8
44 10
44 11
44 12
44 14
44 15
44 16
44 17
44 18
44 21
44 24
44 25
44 26
44 28
44 30
44 31
44 33
44 34
44 35
44 36
44 39
44 40
44 41
44 42
44 43
44 45
44 46
44 47
44 48
44 49
44 50
44 52
44 53
44 57
44 58
44 59
44 61
44 62
44 64
44 65
44 66
44 67
44 71
44 72
44 73
44 76
44 77
44 79
44 80
44 81
44 82
44 84
44 85
44 87
44 88
44 89
44 90
44 91
44 92
44 93
44 97
44 98
44 99
44 100
45 3
45 5
45 8
45 9
45 11
45 12
45 13
45 15
45 16
45 17
45 19
45 20
45 21
45 22
45 23
45 26
45 27
45 28
45 30
45 31
45 34
45 35
45 37
45 38
45 40
45 41
45 42
45 44
45 49
45 50
45 51
45 52
45 53
45 56
45 57
45 58
45 59
45 60
45 61
45 62
45 63
45 64
45 65
45 67
45 69
45 71
45 72
45 73
45 74
45 77
45 79
45 80
45 83
45 84
45 85
45 87
45 88
45 91
45 96
45 98
45 100
46 1
46 3
46 5
46 6
46 8
46 10
46 11
46 12
46 14
46 15
46 16
46 17
46 19
46 23
46 24
46 26
46 28
46 31
46 33
46 34
46 35
46 36
46 38
46 41
46 42
46 43
46 44
46 47
46 48
46 49
46 51
46 53
46 54
46 55
46 56
46 58
46 61
46 63
46 65
46 66
46 68
46 70
46 71
46 72
46 73
46 77
46 79
46 81
46 84
46 87
46 88
46 89
46 90
46 91
46 92
46 95
46 98
46 99
46 100
47 4
47 6
47 9
47 10
47 12
47 14
47 16
47 19
47 20
47 22
47 23
47 24
47 25
47 28
47 31
47 32
47 35
47 37
47 39
47 41
47 44
47 46
47 48
47 49
47 51
47 54
47 57
47 61
47 63
47 66
47 68
47 69
47 70
47 71
47 72
47 75
47 76
47 77
47 79
47 81
47 84
47 85
47 86
47 88
47 89
47 90
47 91
47 92
47 93
47 94
47 95
47 96
47 97
47 98
47 100
48 2
48 8
48 10
48 11
48 13
48 15
48 16
48 21
48 23
48 24
48 25
48 26
48 27
48 28
48 29
48 30
48 31
48 32
48 33
48 35
48 37
48 39
48 42
48 43
48 44
48 46
48 47
48 49
48 50
48 53
48 54
48 56
48 57
48 58
48 59
48 61
48 63
48 64
48 65
48 68
48 70
48 73
48 74
48 75
48 77
48 80
48 84
48 87
48 89
48 90
48 92
48 93
48 94
48 95
48 97
48 100
49 1
49 2
49 3
49 4
49 6
49 7
49 8
49 10
49 11
49 12
49 14
49 16
49 17
49 18
49 19
49 20
49 21
49 22
49 23
49 24
49 25
49 29
49 30
49 32
49 33
49 38
49 39
49 41
49 44
49 45
49 46
49 47
49 48
49 51
49 53
49 54
49 55
49 56
49 57
49 58
49 59
49 60
49 64
49 65
49 67
49 68
49 70
49 71
49 74
49 75
49 76
49 77
49 78
49 79
49 80
49 81
49 82
49 86
49 87
49 88
49 90
49 91
49 93
49 96
49 97
49 99
50 1
50 2
50 3
50 5
50 6
50 8
50 9
50 10
50 11
50 12
50 16
50 17
50 18
50 20
50 23
50 24
50 25
50 26
50 27
50 28
50 30
50 31
50 32
50 33
50 34
50 35
50 36
50 37
50 38
50 41
50 42
50 43
50 44
50 45
50 48
50 51
50 52
50 55
50 58
50 60
50 63
50 64
50 65
50 66
50 68
50 69
50 70
50 75
50 76
50 77
50 79
50 80
50 81
50 83
50 86
50 89
50 90
50 91
50 92
50 94
50 99
51 1
51 2
51 3
51 5
51 6
51 8
51 9
51 11
51 12
51 14
51 15
51 16
51 17
51 18
51 23
51 25
51 26
51 28
51 30
51 31
51 33
51 35
51 41
51 42
51 45
51 46
51 47
51 49
51 50
51 54
51 55
51 56
51 57
51 59
51 60
51 61
51 62
51 65
51 66
51 68
51 69
51 70
51 72
51 73
51 74
51 75
51 76
51 77
51 78
51 79
51 80
51 86
51 88
51 89
51 92
51 93
51 95
51 96
51 99
51 100
52 1
52 2
52 3
52 4
52 5
52 6
52 11
52 12
52 14
52 15
52 16
52 17
52 18
52 20
52 22
52 24
52 26
52 27
52 28
52 29
52 33
52 34
52 35
52 36
52 37
52 38
52 39
52 40
52 41
52 42
52 43
52 44
52 45
52 50
52 54
52 55
52 56
52 58
52 59
52 61
52 64
52 66
52 68
52 69
52 70
52 75
52 77
52 79
52 81
52 82
52 83
52 85
52 86
52 87
52 88
52 89
52 91
52 92
52 93
52 95
52 98
52 99
53 6
53 7
53 9
53 11
53 12
53 13
53 14
53 15
53 17
53 18
53 21
53 24
53 25
53 26
53 31
53 34
53 37
53 38
53 39
53 41
53 43
53 44
53 45
53 46
53 48
53 49
53 54
53 55
53 56
53 60
53 65
53 67
53 68
53 70
53 71
53 72
53 73
53 75
53 77
53 78
53 81
53 82
53 83
53 84
53 87
53 88
53 89
53 91
53 92
53 93
53 95
53 98
53 100
54 1
54 2
54 3
54 5
54 6
54 8
54 9
54 10
54 11
54 13
54 15
54 16
54 17
54 19
54 23
54 28
54 29
54 30
54 31
54 34
54 35
54 37
54 38
54 39
54 40
54 41
54 42
54 46
54 47
54 48
54 49
54 51
54 52
54 53
54 55
54 56
54 58
54 60
54 62
54 63
54 64
54 65
54 66
54 69
54 70
54 76
54 77
54 79
54 80
54 81
54 82
54 86
54 88
54 89
54 90
54 92
54 95
54 96
54 97
54 99
55 2
55 3
55 5
55 6
55 8
55 10
55 11
55 13
55 14
55 15
55 18
55 19
55 20
55 22
55 26
55 28
55 29
55 30
55 32
55 34
55 35
55 36
55 37
55 38
55 40
55 42
55 46
55 49
55 50
55 51
55 52
55 53
55 54
55 59
55 60
55 66
55 67
55 69
55 70
55 71
55 72
55 73
55 74
55 75
55 76
55 77
55 82
55 83
55 84
55 85
55 87
55 88
55 89
55 90
55 91
55 92
55 94
55 96
55 97
55 99
55 100
56 1
56 2
56 3
56 4
56 6
56 7
56 8
56 9
56 10
56 11
56 12
56 17
56 20
56 21
56 22
56 23
56 24
56 25
56 28
56 29
56 30
56 32
56 33
56 36
56 37
56 39
56 45
56 46
56 48
56 49
56 51
56 52
56 53
56 54
56 57
56 58
56 61
56 64
56 65
56 66
56 67
56 68
56 69
56 73
56 76
56 78
56 80
56 82
56 83
56 84
56 85
56 86
56 88
56 92
56 93
56 95
56 96
56 98
56 99
56 100
57 1
57 2
57 4
57 5
57 6
57 11
57 12
57 13
57 17
57 21
57 22
57 28
57 29
57 31
57 32
57 35
57 36
57 39
57 40
57 41
57 42
57 43
57 44
57 45
57 47
57 48
57 49
57 51
57 56
57 59
57 61
57 62
57 63
57 66
57 67
57 68
57 70
57 71
57 75
57 76
57 77
57 79
57 81
57 82
57 83
57 85
57 86
57 87
57 88
57 89
57 91
57 92
57 93
57 97
57 99
57 100
58 3
58 6
58 7
58 8
58 9
58 11
58 12
58 13
58 14
58 15
58 16
58 19
58 20
58 21
58 24
58 25
58 26
58 29
58 30
58 31
58 33
58 34
58 35
58 36
58 38
58 39
58 41
58 42
58 44
58 45
58 46
58 48
58 49
58 50
58 52
58 54
58 56
58 59
58 60
58 62
58 64
58 67
58 68
58 69
58 70
58 71
58 73
58 74
58 76
58 78
58 79
58 80
58 81
58 82
58 83
58 84
58 86
58 89
58 91
58 92
58 93
58 95
59 1
59 4
59 5
59 6
59 9
59 11
59 12
59 14
59 17
59 18
59 19
59 20
59 21
59 22
59 23
59 24
59 28
59 29
59 31
59 32
59 33
59 34
59 38
59 39
59 40
59 41
59 42
59 43
59 44
59 45
59 48
59 49
59 51
59 52
59 55
59 57
59 58
59 62
59 63
59 64
59 67
59 68
59 69
59 70
59 75
59 76
59 78
59 80
59 81
59 82
59 84
59 85
59 86
59 87
59 88
59 92
59 93
59 94
59 95
59 96
59 98
59 99
60 1
60 2
60 3
60 5
60 6
60 8
60 9
60 13
60 15
60 17
60 18
60 19
60 20
60 22
60 23
60 24
60 25
60 27
60 28
60 30
60 31
60 32
60 33
60 34
60 35
60 37
60 38
60 39
60 41
60 43
60 45
60 49
60 50
60 51
60 53
60 54
60 55
60 58
60 61
60 63
60 65
60 69
60 71
60 72
60 73
60 76
60 77
60 78
60 79
60 81
60 82
60 84
60 85
60 86
60 87
60 90
60 91
60 93
60 94
60 95
60 96
60 97
60 98
60 99
60 100
61 1
61 2
61 4
61 6
61 7
61 8
61 9
61 10
61 11
61 13
61 14
61 15
61 16
61 18
61 19
61 20
61 22
61 23
61 24
61 25
61 26
61 27
61 28
61 29
61 30
61 31
61 33
61 34
61 35
61 36
61 40
61 42
61 43
61 44
61 45
61 46
61 47
61 48
61 51
61 52
61 56
61 57
61 60
61 65
61 68
61 71
61 72
61 75
61 76
61 77
61 80
61 81
61 82
61 85
61 86
61 87
61 88
61 89
61 93
61 94
61 96
61 97
61 98
61 100
62 1
62 2
62 5
62 9
62 11
62 12
62 13
62 16
62 17
62 18
62 20
62 21
62 23
62 25
62 27
62 28
62 29
62 30
62 31
62 36
62 37
62 39
62 40
62 42
62 43
62 44
62 45
62 51
62 54
62 57
62 58
62 59
62 63
62 64
62 66
62 67
62 68
62 69
62 71
62 76
62 78
62 79
62 81
62 82
62 85
62 87
62 89
62 91
62 92
62 95
62 97
62 98
62 99
63 1
63 2
63 3
63 4
63 6
63 7
63 8
63 10
63 13
63 15
63 17
63 21
63 22
63 24
63 25
63 30
63 32
63 34
63 36
63 39
63 42
63 45
63 46
63 47
63 48
63 50
63 54
63 57
63 59
63 60
63 62
63 64
63 65
63 66
63 69
63 70
63 71
63 72
63 73
63 74
63 77
63 78
63 79
63 80
63 83
63 84
63 85
63 86
63 88
63 90
63 91
63 92
63 93
63 95
63 96
63 97
64 1
64 2
64 3
64 4
64 6
64 7
64 8
64 9
64 10
64 13
64 17
64 21
64 22
64 23
64 25
64 26
64 28
64 38
64 39
64 40
64 41
64 42
64 43
64 44
64 45
64 48
64 49
64 50
64 52
64 54
64 56
64 58
64 59
64 62
64 63
64 66
64 67
64 70
64 72
64 73
64 74
64 75
64 76
64 78
64 81
64 83
64 87
64 88
64 90
64 92
64 93
64 94
64 95
64 99
65 4
65 6
65 9
65 10
65 13
65 15
65 17
65 18
65 21
65 22
65 24
65 25
65 27
65 28
65 29
65 31
65 33
65 34
65 35
65 37
65 39
65 40
65 42
65 43
65 44
65 45
65 46
65 48
65 49
65 50
65 51
65 53
65 54
65 56
65 60
65 61
65 63
65 66
65 69
65 72
65 73
65 77
65 78
65 79
65 80
65 81
65 82
65 84
65 86
65 87
65 89
65 90
65 91
65 92
65 94
65 95
65 97
65 98
65 99
66 1
66 2
66 3
66 8
66 10
66 11
66 12
66 14
66 16
66 17
66 18
66 20
66 23
66 24
66 27
66 28
66 29
66 31
66 32
66 33
66 34
66 35
66 37
66 38
66 39
66 41
66 42
66 43
66 44
66 46
66 47
66 50
66 51
66 52
66 54
66 55
66 56
66 57
66 62
66 63
66 64
66 65
66 68
66 69
66 70
66 74
66 76
66 77
66 79
66 81
66 84
66 86
66 87
66 88
66 89
66 92
66 93
66 94
66 96
66 97
66 98
66 99
66 100
67 1
67 2
67 5
67 6
67 8
67 9
67 10
67 13
67 14
67 15
67 16
67 18
67 21
67 22
67 23
67 25
67 26
67 30
67 31
67 33
67 35
67 37
67 38
67 40
67 41
67 43
67 44
67 45
67 49
67 53
67 55
67 56
67 57
67 58
67 59
67 62
67 64
67 68
67 69
67 70
67 72
67 73
67 79
67 82
67 84
67 86
67 88
67 89
67 90
67 91
67 92
67 94
67 96
67 98
67 99
68 1
68 2
68 3
68 4
68 5
68 7
68 8
68 9
68 11
68 14
68 15
68 17
68 20
68 21
68 22
68 23
68 24
68 26
68 30
68 32
68 33
68 34
68 37
68 38
68 40
68 43
68 46
68 47
68 48
68 49
68 50
68 51
68 52
68 53
68 56
68 57
68 58
68 59
68 61
68 62
68 66
68 67
68 69
68 73
68 74
68 75
68 76
68 77
68 78
68 80
68 82
68 83
68 84
68 86
68 87
68 88
68 89
68 90
68 91
68 92
68 93
68 94
68 96
68 100
69 1
69 4
69 7
69 12
69 13
69 17
69 19
69 24
69 25
69 26
69 27
69 28
69 29
69 31
69 35
69 39
69 40
69 41
69 42
69 43
69 45
69 47
69 50
69 51
69 52
69 54
69 55
69 56
69 58
69 59
69 60
69 62
69 63
69 65
69 66
69 67
69 68
69 70
69 72
69 73
69 79
69 80
69 81
69 87
69 89
69 91
69 92
69 93
69 96
69 98
69 100
70 2
70 6
70 8
70 9
70 10
70 13
70 17
70 18
70 20
70 21
70 22
70 23
70 24
70 25
70 27
70 28
70 29
70 30
70 31
70 32
70 33
70 34
70 36
70 37
70 38
70 40
70 42
70 46
70 47
70 48
70 49
70 50
70 51
70 52
70 53
70 54
70 55
70 57
70 58
70 59
70 63
70 64
70 66
70 67
70 69
70 75
70 76
70 78
70 82
70 83
70 84
70 85
70 86
70 88
70 90
70 92
70 93
70 94
70 98
71 1
71 4
71 6
71 7
71 8
71 10
71 12
71 13
71 15
71 16
71 21
71 22
71 23
71 26
71 27
71 28
71 31
71 32
71 33
71 35
71 36
71 37
71 38
71 39
71 40
71 42
71 44
71 45
71 46
71 47
71 49
71 53
71 55
71 57
71 58
71 60
71 61
71 62
71 63
71 73
71 75
71 77
71 78
71 79
71 80
71 82
71 83
71 85
71 86
71 87
71 90
71 91
71 92
71 93
71 94
71 96
71 97
71 98
72 1
72 2
72 4
72 6
72 8
72 9
72 10
72 12
72 14
72 15
72 18
72 19
72 21
72 22
72 23
72 24
72 26
72 32
72 33
72 35
72 37
72 39
72 40
72 44
72 45
72 46
72 47
72 51
72 53
72 55
72 60
72 61
72 63
72 64
72 65
72 67
72 69
72 74
72 75
72 76
72 78
72 79
72 80
72 81
72 82
72 83
72 84
72 85
72 86
72 87
72 88
72 90
72 91
72 92
72 93
72 95
72 98
72 100
73 1
73 2
73 4
73 6
73 8
73 9
73 11
73 13
73 15
73 17
73 18
73 20
73 21
73 23
73 25
73 27
73 28
73 29
73 30
73 31
73 32
73 33
73 34
73 35
73 36
73 38
73 40
73 41
73 44
73 45
73 46
73 48
73 51
73 53
73 55
73 56
73 58
73 60
73 63
73 64
73 65
73 67
73 68
73 69
73 71
73 74
73 75
73 76
73 79
73 81
73 82
73 84
73 86
73 87
73 88
73 89
73 90
73 93
73 95
73 96
73 97
73 98
73 100
74 2
74 5
74 6
74 9
74 11
74 12
74 13
74 15
74 17
74 22
74 25
74 26
74 28
74 30
74 31
74 33
74 34
74 35
74 37
74 38
74 39
74 41
74 42
74 45
74 48
74 49
74 51
74 55
74 58
74 63
74 64
74 66
74 68
74 72
74 73
74 75
74 77
74 78
74 79
74 81
74 82
74 83
74 85
74 87
74 89
74 93
74 94
74 96
74 99
74 100
75 2
75 4
75 6
75 8
75 9
75 10
75 11
75 14
75 16
75 18
75 20
75 21
75 22
75 24
75 25
75 26
75 27
75 30
75 33
75 35
75 36
75 38
75 39
75 40
75 41
75 42
75 43
75 47
75 48
75 49
75 50
75 51
75 52
75 53
75 55
75 57
75 59
75 61
75 64
75 68
75 70
75 71
75 72
75 73
75 74
75 77
75 81
75 82
75 84
75 85
75 86
75 87
75 88
75 89
75 90
75 94
75 95
75 96
75 98
75 100
76 3
76 4
76 5
76 6
76 9
76 10
76 11
76 12
76 13
76 14
76 16
76 18
76 19
76 20
76 22
76 23
76 26
76 28
76 29
76 30
76 31
76 33
76 34
76 36
76 38
76 41
76 42
76 43
76 44
76 47
76 49
76 50
76 51
76 54
76 55
76 56
76 57
76 58
76 59
76 60
76 61
76 62
76 64
76 66
76 68
76 70
76 72
76 73
76 78
76 79
76 80
76 84
76 86
76 87
76 88
76 89
76 90
76 91
76 92
76 93
76 94
76 97
76 98
76 99
77 1
77 2
77 4
77 5
77 7
77 8
77 9
77 11
77 12
77 13
77 14
77 15
77 16
77 17
77 18
77 19
77 20
77 21
77 22
77 24
77 26
77 28
77 29
77 30
77 31
77 32
77 33
77 35
77 38
77 39
77 40
77 42
77 43
77 44
77 45
77 46
77 47
77 48
77 49
77 50
77 51
77 52
77 53
77 54
77 55
77 57
77 60
77 61
77 63
77 65
77 66
77 68
77 71
77 74
77 75
77 78
77 79
77 80
77 82
77 84
77 87
77 88
77 89
77 90
77 91
77 92
77 94
77 96
77 97
77 99
77 100
78 1
78 3
78 5
78 7
78 8
78 9
78 11
78 13
78 14
78 15
78 16
78 17
78 21
78 23
78 24
78 26
78 27
78 28
78 31
78 33
78 36
78 38
78 39
78 40
78 41
78 43
78 49
78 51
78 53
78 56
78 58
78 59
78 60
78 62
78 63
78 64
78 65
78 68
78 70
78 71
78 72
78 74
78 76
78 77
78 81
78 82
78 83
78 84
78 85
78 86
78 89
78 90
78 92
78 95
78 96
78 97
78 99
78 100
79 3
79 4
79 5
79 6
79 7
79 8
79 10
79 12
79 14
79 15
79 18
79 20
79 21
79 26
79 27
79 28
79 29
79 30
79 32
79 33
79 34
79 36
79 39
79 40
79 41
79 43
79 44
79 45
79 46
79 47
79 49
79 50
79 51
79 52
79 54
79 57
79 58
79 60
79 62
79 63
79 65
79 66
79 67
79 69
79 71
79 72
79 73
79 74
79 76
79 77
79 81
79 83
79 84
79 86
79 87
79 89
79 91
79 92
79 94
79 96
79 97
79 99
79 100
80 1
80 2
80 3
80 4
80 5
80 6
80 7
80 8
80 10
80 11
80 12
80 13
80 14
80 17
80 18
80 19
80 20
80 21
80 22
80 25
80 26
80 27
80 28
80 30
80 32
80 33
80 34
80 36
80 37
80 38
80 40
80 41
80 44
80 45
80 48
80 49
80 50
80 51
80 54
80 56
80 58
80 59
80 61
80 63
80 65
80 68
80 69
80 71
80 72
80 76
80 77
80 84
80 85
80 87
80 90
80 93
80 94
80 97
80 99
80 100
81 2
81 3
81 4
81 6
81 8
81 9
81 10
81 12
81 13
81 15
81 17
81 18
81 19
81 21
81 24
81 25
81 26
81 28
81 29
81 31
81 32
81 37
81 38
81 39
81 41
81 42
81 43
81 44
81 46
81 47
81 49
81 50
81 52
81 53
81 54
81 57
81 58
81 59
81 60
81 61
81 62
81 64
81 65
81 66
81 69
81 72
81 73
81 74
81 75
81 78
81 79
81 84
81 86
81 87
81 88
81 90
81 92
81 93
81 94
81 96
81 97
81 98
81 99
82 1
82 2
82 4
82 5
82 7
82 8
82 12
82 13
82 14
82 17
82 18
82 19
82 20
82 21
82 22
82 23
82 26
82 27
82 28
82 29
82 30
82 33
82 34
82 36
82 38
82 39
82 40
82 42
82 43
82 44
82 49
82 52
82 53
82 54
82 55
82 56
82 57
82 58
82 59
82 60
82 61
82 62
82 65
82 67
82 68
82 70
82 71
82 72
82 73
82 74
82 75
82 77
82 78
82 84
82 87
82 88
82 90
82 92
82 93
82 98
82 99
83 1
83 4
83 5
83 6
83 11
83 12
83 13
83 15
83 17
83 19
83 20
83 24
83 27
83 30
83 33
83 35
83 36
83 38
83 39
83 41
83 42
83 43
83 45
83 50
83 52
83 53
83 55
83 56
83 57
83 58
83 63
83 64
83 68
83 70
83 71
83 72
83 74
83 78
83 79
83 85
83 87
83 89
83 90
83 91
83 92
83 94
83 95
83 96
83 97
83 98
83 99
83 100
84 4
84 5
84 6
84 7
84 11
84 12
84 14
84 18
84 19
84 20
84 21
84 22
84 24
84 25
84 27
84 30
84 31
84 33
84 34
84 36
84 37
84 38
84 39
84 40
84 41
84 42
84 44
84 45
84 46
84 47
84 48
84 53
84 55
84 56
84 58
84 59
84 60
84 63
84 65
84 66
84 67
84 68
84 70
84 72
84 73
84 75
84 76
84 77
84 78
84 79
84 80
84 81
84 82
84 85
84 86
84 87
84 94
84 95
84 96
84 97
84 99
84 100
85 1
85 2
85 4
85 5
85 6
85 7
85 8
85 9
85 13
85 14
85 16
85 19
85 20
85 21
85 22
85 23
85 24
85 26
85 27
85 28
85 29
85 30
85 33
85 34
85 35
85 36
85 37
85 39
85 40
85 41
85 43
85 44
85 45
85 47
85 52
85 55
85 56
85 57
85 59
85 60
85 61
85 62
85 63
85 70
85 71
85 72
85 74
85 75
85 78
85 80
85 83
85 84
85 86
85 87
85 88
85 93
85 95
86 1
86 2
86 3
86 4
86 6
86 7
86 9
86 10
86 11
86 12
86 14
86 16
86 17
86 18
86 20
86 21
86 23
86 27
86 28
86 30
86 31
86 32
86 35
86 36
86 39
86 41
86 42
86 43
86 47
86 49
86 50
86 51
86 52
86 54
86 56
86 57
86 58
86 59
86 60
86 61
86 63
86 65
86 66
86 67
86 68
86 70
86 71
86 72
86 73
86 75
86 76
86 78
86 79
86 81
86 84
86 85
86 89
86 90
86 91
86 92
86 93
86 94
86 95
86 96
86 97
86 100
87 1
87 2
87 3
87 4
87 5
87 6
87 7
87 8
87 10
87 13
87 15
87 16
87 18
87 21
87 22
87 25
87 29
87 30
87 31
87 32
87 35
87 37
87 39
87 40
87 42
87 43
87 44
87 45
87 46
87 48
87 49
87 52
87 53
87 55
87 57
87 59
87 60
87 61
87 62
87 64
87 65
87 66
87 68
87 69
87 71
87 72
87 73
87 74
87 75
87 76
87 77
87 79
87 80
87 81
87 82
87 83
87 84
87 85
87 89
87 91
87 92
87 94
87 95
87 96
87 97
87 98
88 1
88 2
88 3
88 4
88 5
88 7
88 8
88 9
88 11
88 12
88 13
88 14
88 15
88 16
88 17
88 18
88 21
88 23
88 24
88 27
88 29
88 30
88 33
88 34
88 35
88 37
88 39
88 41
88 42
88 43
88 44
88 45
88 46
88 47
88 49
88 51
88 52
88 53
88 54
88 55
88 56
88 57
88 59
88 61
88 63
88 64
88 66
88 67
88 68
88 70
88 72
88 73
88 75
88 76
88 77
88 81
88 82
88 85
88 90
88 91
88 92
88 96
88 100
89 2
89 5
89 6
89 8
89 9
89 10
89 11
89 13
89 14
89 15
89 16
89 18
89 19
89 20
89 21
89 22
89 23
89 25
89 26
89 29
89 33
89 34
89 38
89 39
89 41
89 44
89 46
89 47
89 48
89 50
89 51
89 52
89 53
89 54
89 55
89 57
89 58
89 61
89 62
89 65
89 66
89 67
89 68
89 69
89 73
89 74
89 75
89 76
89 77
89 78
89 79
89 83
89 86
89 87
89 92
89 96
89 97
89 100
90 1
90 2
90 3
90 7
90 9
90 12
90 16
90 19
90 22
90 23
90 25
90 26
90 27
90 28
90 30
90 32
90 33
90 35
90 37
90 38
90 39
90 40
90 42
90 44
90 46
90 47
90 48
90 49
90 50
90 54
90 55
90 60
90 63
90 64
90 65
90 67
90 68
90 70
90 71
90 72
90 73
90 75
90 76
90 77
90 78
90 80
90 81
90 82
90 83
90 86
90 88
90 91
90 92
90 93
90 95
90 96
90 97
90 98
90 99
90 100
91 1
91 4
91 6
91 8
91 9
91 10
91 12
91 13
91 14
91 16
91 18
91 19
91 21
91 22
91 23
91 24
91 26
91 28
91 29
91 32
91 33
91 35
91 36
91 39
91 40
91 41
91 42
91 43
91 44
91 45
91 46
91 47
91 49
91 50
91 52
91 53
91 55
91 57
91 58
91 60
91 62
91 63
91 65
91 67
91 68
91 69
91 71
91 72
91 76
91 77
91 79
91 83
91 86
91 87
91 88
91 90
91 92
91 93
91 95
91 96
91 97
91 98
91 99
92 1
92 2
92 3
92 4
92 5
92 9
92 13
92 14
92 15
92 16
92 17
92 18
92 19
92 20
92 22
92 23
92 26
92 27
92 28
92 29
92 32
92 33
92 34
92 35
92 36
92 37
92 39
92 41
92 43
92 44
92 46
92 47
92 48
92 50
92 51
92 52
92 53
92 54
92 55
92 56
92 57
92 58
92 59
92 62
92 63
92 64
92 65
92 66
92 67
92 68
92 69
92 70
92 71
92 72
92 76
92 77
92 78
92 79
92 81
92 82
92 83
92 86
92 87
92 88
92 89
92 90
92 91
92 95
92 97
92 98
92 100
93 1
93 2
93 4
93 5
93 6
93 10
93 11
93 15
93 18
93 19
93 21
93 23
93 24
93 26
93 28
93 31
93 33
93 35
93 38
93 39
93 40
93 41
93 42
93 44
93 47
93 48
93 49
93 51
93 52
93 53
93 56
93 57
93 58
93 59
93 60
93 61
93 63
93 64
93 66
93 68
93 69
93 70
93 71
93 72
93 73
93 74
93 76
93 80
93 81
93 82
93 85
93 86
93 90
93 91
93 94
93 95
93 96
93 99
93 100
94 6
94 7
94 10
94 11
94 13
94 14
94 19
94 20
94 21
94 22
94 23
94 25
94 26
94 27
94 28
94 29
94 30
94 31
94 32
94 35
94 36
94 37
94 40
94 41
94 42
94 47
94 48
94 50
94 55
94 59
94 60
94 61
94 64
94 65
94 66
94 67
94 68
94 70
94 71
94 74
94 75
94 76
94 77
94 79
94 80
94 81
94 83
94 84
94 86
94 87
94 93
94 96
94 97
94 98
94 99
94 100
95 2
95 3
95 5
95 10
95 11
95 13
95 14
95 15
95 17
95 20
95 21
95 22
95 23
95 25
95 26
95 27
95 28
95 32
95 33
95 35
95 37
95 38
95 39
95 40
95 43
95 46
95 47
95 48
95 51
95 52
95 53
95 54
95 56
95 58
95 59
95 60
95 62
95 63
95 64
95 65
95 72
95 73
95 75
95 78
95 83
95 84
95 85
95 86
95 87
95 90
95 91
95 92
95 93
95 97
95 99
95 100
96 4
96 5
96 6
96 7
96 8
96 10
96 11
96 13
96 14
96 15
96 16
96 18
96 20
96 21
96 23
96 24
96 25
96 26
96 27
96 28
96 31
96 32
96 33
96 37
96 39
96 41
96 42
96 43
96 45
96 47
96 49
96 51
96 54
96 55
96 56
96 59
96 60
96 61
96 63
96 66
96 67
96 68
96 69
96 71
96 73
96 74
96 75
96 77
96 78
96 79
96 81
96 83
96 84
96 86
96 87
96 88
96 89
96 90
96 91
96 93
96 94
96 97
96 98
96 99
96 100
97 1
97 4
97 6
97 8
97 11
97 13
97 14
97 17
97 19
97 22
97 23
97 24
97 25
97 26
97 27
97 28
97 30
97 31
97 32
97 34
97 37
97 43
97 44
97 47
97 48
97 49
97 54
97 55
97 57
97 60
97 61
97 62
97 63
97 65
97 66
97 71
97 73
97 76
97 77
97 78
97 79
97 80
97 81
97 83
97 84
97 86
97 87
97 89
97 90
97 91
97 92
97 94
97 95
97 96
97 98
97 99
97 100
98 3
98 4
98 5
98 8
98 9
98 10
98 13
98 14
98 15
98 17
98 18
98 20
98 22
98 23
98 26
98 27
98 28
98 30
98 31
98 33
98 34
98 39
98 40
98 41
98 42
98 43
98 44
98 45
98 46
98 47
98 52
98 53
98 56
98 59
98 60
98 61
98 62
98 65
98 66
98 67
98 69
98 70
98 71
98 72
98 73
98 75
98 76
98 81
98 82
98 83
98 87
98 90
98 91
98 92
98 94
98 96
98 97
98 99
99 2
99 6
99 8
99 9
99 11
99 13
99 14
99 15
99 17
99 18
99 19
99 26
99 28
99 30
99 31
99 33
99 35
99 39
99 40
99 42
99 43
99 44
99 46
99 49
99 50
99 51
99 52
99 54
99 55
99 56
99 57
99 59
99 60
99 62
99 64
99 65
99 66
99 67
99 74
99 76
99 77
99 78
99 79
99 80
99 81
99 82
99 83
99 84
99 90
99 91
99 93
99 94
99 95
99 96
99 97
99 98
99 100
100 2
100 4
100 8
100 11
100 12
100 15
100 17
100 18
100 19
100 22
100 23
100 24
100 25
100 26
100 27
100 28
100 29
100 30
100 31
100 32
100 34
100 35
100 37
100 38
100 40
100 41
100 44
100 45
100 46
100 47
100 48
100 51
100 53
100 55
100 56
100 57
100 60
100 61
100 66
100 68
100 69
100 72
100 73
100 74
100 75
100 77
100 78
100 79
100 80
100 83
100 84
100 86
100 88
100 89
100 90
100 92
100 93
100 94
100 95
100 96
100 97
100 99
