100
1 4
1 13
1 15
1 19
1 22
1 25
1 26
1 31
1 32
1 35
1 40
1 41
1 42
1 43
1 48
1 49
1 51
1 58
1 67
1 71
1 72
1 73
1 74
1 76
1 77
1 78
1 81
1 83
1 85
1 88
1 92
1 93
1 94
1 95
1 96
1 97
1 100
2 3
2 4
2 6
2 8
2 14
2 15
2 16
2 18
2 19
2 20
2 22
2 23
2 24
2 25
2 29
2 33
2 34
2 42
2 43
2 44
2 47
2 49
2 57
2 62
2 63
2 64
2 65
2 66
2 68
2 72
2 73
2 75
2 81
2 82
2 83
2 84
2 85
2 87
2 92
2 94
2 95
2 98
2 99
3 2
3 7
3 10
3 13
3 14
3 18
3 21
3 24
3 27
3 28
3 30
3 31
3 35
3 38
3 41
3 43
3 46
3 48
3 50
3 52
3 56
3 58
3 63
3 64
3 65
3 68
3 69
3 70
3 73
3 75
3 82
3 85
3 94
3 97
4 1
4 2
4 6
4 7
4 8
4 10
4 11
4 14
4 16
4 18
4 20
4 25
4 28
4 34
4 36
4 37
4 40
4 41
4 42
4 44
4 54
4 59
4 64
4 65
4 68
4 71
4 72
4 76
4 81
4 82
4 84
4 85
4 89
4 90
4 94
4 97
4 98
4 100
5 6
5 12
5 15
5 16
5 20
5 21
5 26
5 32
5 35
5 39
5 40
5 41
5 43
5 46
5 47
5 48
5 49
5 50
5 53
5 55
5 59
5 63
5 66
5 73
5 74
5 77
5 78
5 81
5 84
5 85
5 87
5 90
5 97
6 2
6 4
6 5
6 7
6 8
6 10
6 16
6 17
6 20
6 23
6 26
6 27
6 31
6 34
6 37
6 38
6 39
6 41
6 44
6 45
6 47
6 48
6 49
6 50
6 52
6 55
6 56
6 60
6 61
6 62
6 68
6 70
6 72
6 82
6 83
6 84
6 85
6 88
6 91
6 93
6 98
6 99
6 100
7 3
7 4
7 6
7 14
7 16
7 17
7 20
7 26
7 29
7 30
7 31
7 33
7 34
7 43
7 45
7 48
7 49
7 51
7 54
7 58
7 59
7 61
7 71
7 73
7 76
7 79
7 80
7 84
7 85
7 87
7 88
7 91
7 92
7 94
7 96
7 100
8 2
8 4
8 6
8 11
8 16
8 17
8 19
8 21
8 23
8 24
8 26
8 30
8 35
8 36
8 37
8 38
8 39
8 40
8 43
8 50
8 52
8 54
8 56
8 57
8 60
8 61
8 65
8 66
8 70
8 72
8 74
8 76
8 78
8 83
8 86
8 90
8 91
8 92
8 93
8 95
8 96
8 98
8 100
9 12
9 13
9 16
9 17
9 18
9 19
9 20
9 21
9 22
9 24
9 26
9 28
9 29
9 30
9 31
9 32
9 33
9 34
9 39
9 40
9 41
9 44
9 47
9 50
9 53
9 54
9 58
9 61
9 64
9 66
9 70
9 71
9 73
9 75
9 76
9 77
9 79
9 80
9 81
9 82
9 83
9 95
9 98
10 3
10 4
10 6
10 11
10 12
10 13
10 16
10 20
10 21
10 22
10 23
10 25
10 31
10 33
10 36
10 38
10 41
10 46
10 48
10 49
10 50
10 53
10 60
10 61
10 62
10 65
10 66
10 67
10 72
10 75
10 76
10 78
10 86
10 87
10 93
10 95
10 96
10 99
11 4
11 8
11 10
11 21
11 23
11 24
11 25
11 26
11 28
11 31
11 32
11 33
11 35
11 36
11 37
11 38
11 43
11 48
11 50
11 51
11 52
11 53
11 57
11 58
11 66
11 67
11 69
11 70
11 73
11 76
11 78
11 79
11 84
11 85
11 88
11 90
11 95
11 96
11 99
12 5
12 9
12 10
12 14
12 20
12 23
12 26
12 28
12 29
12 33
12 36
12 41
12 42
12 44
12 47
12 50
12 56
12 59
12 61
12 64
12 70
12 72
12 73
12 82
12 89
12 90
12 92
12 95
12 98
12 100
13 1
13 3
13 9
13 10
13 14
13 15
13 23
13 27
13 28
13 29
13 33
13 37
13 38
13 47
13 48
13 50
13 55
13 58
13 61
13 62
13 66
13 68
13 72
13 76
13 77
13 79
13 84
13 94
13 95
13 96
13 99
13 100
14 2
14 3
14 4
14 7
14 12
14 13
14 17
14 18
14 19
14 21
14 25
14 30
14 35
14 40
14 43
14 44
14 45
14 46
14 52
14 55
14 56
14 59
14 62
14 65
14 66
14 67
14 68
14 75
14 77
14 78
14 81
14 83
14 89
14 90
15 1
15 2
15 5
15 13
15 21
15 26
15 29
15 32
15 34
15 35
15 36
15 42
15 43
15 47
15 49
15 51
15 56
15 60
15 61
15 62
15 63
15 64
15 78
15 81
15 87
15 88
15 90
15 93
15 94
15 99
15 100
16 2
16 4
16 5
16 6
16 7
16 8
16 9
16 10
16 18
16 20
16 22
16 24
16 25
16 26
16 27
16 33
16 34
16 35
16 39
16 40
16 42
16 44
16 45
16 48
16 50
16 51
16 52
16 55
16 57
16 60
16 61
16 62
16 69
16 71
16 75
16 77
16 79
16 82
16 83
16 84
16 89
16 90
16 91
16 98
17 6
17 7
17 8
17 9
17 14
17 20
17 21
17 28
17 31
17 35
17 38
17 40
17 41
17 42
17 46
17 47
17 48
17 49
17 53
17 56
17 57
17 58
17 63
17 64
17 65
17 67
17 71
17 72
17 76
17 81
17 83
17 89
17 92
17 95
17 98
18 2
18 3
18 4
18 9
18 14
18 16
18 19
18 20
18 23
18 25
18 27
18 30
18 31
18 32
18 33
18 34
18 37
18 38
18 47
18 48
18 51
18 56
18 58
18 61
18 62
18 63
18 64
18 65
18 71
18 72
18 74
18 78
18 80
18 82
18 86
18 91
18 92
18 94
18 95
18 96
18 98
19 1
19 2
19 8
19 9
19 14
19 18
19 23
19 25
19 28
19 29
19 32
19 36
19 42
19 46
19 49
19 62
19 66
19 70
19 73
19 82
19 84
19 86
19 87
19 90
19 91
19 97
20 2
20 4
20 5
20 6
20 7
20 9
20 10
20 12
20 16
20 17
20 18
20 29
20 31
20 34
20 35
20 37
20 43
20 45
20 48
20 53
20 56
20 60
20 62
20 64
20 69
20 71
20 76
20 78
20 81
20 84
20 87
20 90
20 92
20 94
20 96
21 3
21 5
21 8
21 9
21 10
21 11
21 14
21 15
21 17
21 23
21 26
21 27
21 30
21 31
21 43
21 48
21 49
21 50
21 53
21 54
21 55
21 59
21 60
21 61
21 62
21 65
21 70
21 72
21 73
21 75
21 77
21 79
21 82
21 89
21 92
21 98
21 99
22 1
22 2
22 9
22 10
22 16
22 28
22 37
22 39
22 41
22 42
22 45
22 46
22 49
22 50
22 53
22 57
22 58
22 59
22 60
22 61
22 63
22 65
22 68
22 71
22 72
22 73
22 75
22 77
22 81
22 82
22 89
22 90
22 91
22 93
22 96
22 99
23 2
23 6
23 8
23 10
23 11
23 12
23 13
23 18
23 19
23 21
23 25
23 26
23 28
23 33
23 34
23 36
23 39
23 41
23 44
23 45
23 47
23 52
23 53
23 54
23 60
23 61
23 62
23 63
23 64
23 66
23 67
23 68
23 71
23 77
23 79
23 80
23 83
23 92
23 93
23 96
23 98
23 100
24 2
24 3
24 8
24 9
24 11
24 16
24 25
24 29
24 31
24 32
24 33
24 34
24 36
24 42
24 45
24 50
24 52
24 54
24 57
24 61
24 63
24 66
24 67
24 68
24 74
24 77
24 82
24 85
24 86
24 87
24 88
24 91
24 94
24 96
24 97
24 98
24 100
25 1
25 2
25 4
25 10
25 11
25 14
25 16
25 18
25 19
25 23
25 24
25 28
25 29
25 32
25 33
25 34
25 35
25 36
25 38
25 43
25 46
25 47
25 48
25 49
25 50
25 52
25 54
25 57
25 58
25 61
25 62
25 64
25 65
25 66
25 69
25 76
25 78
25 79
25 88
25 89
25 91
25 92
25 93
25 95
25 99
25 100
26 1
26 5
26 6
26 7
26 8
26 9
26 11
26 12
26 15
26 16
26 21
26 23
26 29
26 31
26 32
26 33
26 34
26 36
26 39
26 40
26 43
26 44
26 48
26 54
26 56
26 57
26 60
26 62
26 71
26 72
26 76
26 77
26 81
26 83
26 84
26 85
26 87
26 88
26 90
26 91
26 93
26 97
27 3
27 6
27 13
27 16
27 18
27 21
27 28
27 31
27 32
27 33
27 35
27 36
27 38
27 39
27 42
27 44
27 45
27 46
27 47
27 51
27 52
27 56
27 57
27 58
27 59
27 64
27 65
27 66
27 70
27 77
27 79
27 81
27 83
27 85
27 88
27 90
27 91
27 95
27 96
27 98
28 3
28 4
28 9
28 11
28 12
28 13
28 17
28 19
28 22
28 23
28 25
28 27
28 29
28 33
28 35
28 40
28 46
28 47
28 48
28 49
28 53
28 54
28 59
28 60
28 62
28 64
28 65
28 66
28 68
28 76
28 77
28 81
28 86
28 89
28 93
29 2
29 7
29 9
29 12
29 13
29 15
29 19
29 20
29 24
29 25
29 26
29 28
29 30
29 35
29 36
29 38
29 39
29 40
29 43
29 45
29 46
29 47
29 54
29 70
29 73
29 77
29 78
29 85
29 88
29 89
29 90
29 92
29 94
29 100
30 3
30 7
30 8
30 9
30 14
30 18
30 21
30 29
30 36
30 37
30 39
30 40
30 41
30 43
30 46
30 47
30 49
30 59
30 60
30 62
30 72
30 73
30 79
30 80
30 81
30 87
30 91
30 93
30 96
31 1
31 3
31 6
31 7
31 9
31 10
31 11
31 17
31 18
31 20
31 21
31 24
31 26
31 27
31 38
31 44
31 47
31 50
31 51
31 53
31 54
31 58
31 60
31 61
31 66
31 67
31 68
31 69
31 70
31 72
31 77
31 83
31 87
31 89
31 94
31 99
31 100
32 1
32 5
32 9
32 11
32 15
32 18
32 19
32 24
32 25
32 26
32 27
32 33
32 36
32 49
32 50
32 51
32 55
32 58
32 61
32 62
32 64
32 65
32 70
32 71
32 72
32 74
32 77
32 78
32 79
32 82
32 84
32 88
32 89
32 91
32 93
32 95
32 97
32 100
33 2
33 7
33 9
33 10
33 11
33 12
33 13
33 16
33 18
33 23
33 24
33 25
33 26
33 27
33 28
33 32
33 35
33 37
33 40
33 44
33 50
33 51
33 52
33 55
33 64
33 70
33 71
33 72
33 73
33 74
33 75
33 79
33 84
33 86
33 87
33 88
33 89
33 90
33 91
33 92
33 94
33 95
33 99
34 2
34 4
34 6
34 7
34 9
34 15
34 16
34 18
34 20
34 23
34 24
34 25
34 26
34 39
34 40
34 45
34 54
34 59
34 63
34 66
34 68
34 69
34 72
34 75
34 76
34 79
34 80
34 83
34 87
34 89
34 94
34 95
34 97
34 99
34 100
35 1
35 3
35 5
35 8
35 11
35 14
35 15
35 16
35 17
35 20
35 25
35 27
35 28
35 29
35 33
35 36
35 37
35 39
35 41
35 45
35 47
35 48
35 53
35 54
35 56
35 57
35 61
35 63
35 65
35 66
35 67
35 69
35 72
35 74
35 75
35 76
35 78
35 82
35 83
35 86
35 88
36 4
36 8
36 10
36 11
36 12
36 15
36 19
36 23
36 24
36 25
36 26
36 27
36 29
36 30
36 32
36 35
36 46
36 47
36 48
36 52
36 54
36 55
36 57
36 58
36 60
36 63
36 64
36 66
36 70
36 73
36 74
36 79
36 82
36 83
36 85
36 87
36 90
36 92
36 95
36 96
37 4
37 6
37 8
37 11
37 13
37 18
37 20
37 22
37 30
37 33
37 35
37 38
37 40
37 43
37 47
37 48
37 53
37 58
37 64
37 71
37 73
37 74
37 75
37 77
37 78
37 79
37 80
37 81
37 88
37 92
37 96
37 97
37 98
37 100
38 3
38 6
38 8
38 10
38 11
38 13
38 17
38 18
38 25
38 27
38 29
38 31
38 37
38 40
38 41
38 52
38 54
38 55
38 56
38 57
38 58
38 64
38 68
38 70
38 71
38 74
38 81
38 82
38 83
38 87
38 88
38 91
38 92
38 94
38 96
38 98
38 99
39 5
39 6
39 8
39 9
39 16
39 22
39 23
39 26
39 27
39 29
39 30
39 34
39 35
39 43
39 45
39 49
39 50
39 57
39 62
39 63
39 66
39 74
39 80
39 87
39 92
39 93
39 95
39 100
40 1
40 4
40 5
40 8
40 9
40 14
40 16
40 17
40 26
40 28
40 29
40 30
40 33
40 34
40 37
40 38
40 42
40 46
40 48
40 49
40 50
40 52
40 58
40 60
40 62
40 64
40 68
40 74
40 75
40 76
40 77
40 78
40 82
40 88
40 90
40 91
40 92
40 94
40 98
41 1
41 3
41 4
41 5
41 6
41 9
41 10
41 12
41 17
41 22
41 23
41 30
41 35
41 38
41 44
41 49
41 51
41 52
41 54
41 55
41 56
41 60
41 64
41 66
41 70
41 72
41 75
41 79
41 83
41 84
41 86
41 88
41 89
41 91
41 92
41 93
41 94
41 95
41 97
41 98
41 100
42 1
42 2
42 4
42 12
42 15
42 16
42 17
42 19
42 22
42 24
42 27
42 40
42 46
42 52
42 53
42 54
42 56
42 58
42 59
42 60
42 65
42 69
42 70
42 71
42 72
42 74
42 76
42 79
42 80
42 81
42 83
42 84
42 85
42 90
42 94
42 96
43 1
43 2
43 3
43 5
43 7
43 8
43 11
43 14
43 15
43 20
43 21
43 25
43 26
43 29
43 30
43 37
43 39
43 44
43 46
43 49
43 53
43 57
43 59
43 63
43 66
43 67
43 69
43 70
43 72
43 73
43 74
43 75
43 76
43 77
43 78
43 81
43 84
43 86
43 88
43 91
43 92
43 97
44 2
44 4
44 6
44 9
44 12
44 14
44 16
44 23
44 26
44 27
44 31
44 33
44 41
44 43
44 45
44 47
44 54
44 56
44 57
44 60
44 68
44 70
44 72
44 74
44 75
44 77
44 81
44 82
44 83
44 86
44 87
44 88
44 89
44 91
44 95
44 97
44 98
45 6
45 7
45 14
45 16
45 20
45 22
45 23
45 24
45 27
45 29
45 34
45 35
45 39
45 44
45 52
45 54
45 61
45 62
45 65
45 67
45 71
45 74
45 75
45 76
45 77
45 80
45 83
45 84
45 85
45 86
45 88
45 90
45 91
45 92
45 94
45 97
45 98
45 99
45 100
46 3
46 5
46 10
46 14
46 17
46 19
46 22
46 25
46 27
46 28
46 29
46 30
46 36
46 40
46 42
46 43
46 47
46 48
46 51
46 55
46 58
46 63
46 65
46 67
46 69
46 70
46 71
46 75
46 77
46 78
46 83
46 84
46 85
46 89
46 90
46 98
47 2
47 5
47 6
47 9
47 12
47 13
47 15
47 17
47 18
47 23
47 25
47 27
47 28
47 29
47 30
47 31
47 35
47 36
47 37
47 44
47 46
47 50
47 52
47 54
47 58
47 59
47 61
47 62
47 66
47 67
47 68
47 74
47 76
47 77
47 80
47 84
47 85
47 88
47 90
47 93
47 94
47 95
47 96
47 97
47 98
47 99
48 1
48 3
48 5
48 6
48 7
48 10
48 11
48 13
48 16
48 17
48 18
48 20
48 21
48 25
48 26
48 28
48 35
48 36
48 37
48 40
48 46
48 54
48 57
48 60
48 65
48 66
48 68
48 69
48 71
48 76
48 80
48 82
48 86
48 93
48 94
48 96
48 97
48 99
49 1
49 2
49 5
49 6
49 7
49 10
49 15
49 17
49 19
49 21
49 22
49 25
49 28
49 30
49 32
49 39
49 40
49 41
49 43
49 50
49 51
49 52
49 53
49 59
49 68
49 70
49 71
49 74
49 83
49 84
49 89
49 93
49 94
49 96
49 99
50 3
50 5
50 6
50 8
50 9
50 10
50 11
50 12
50 13
50 16
50 21
50 22
50 24
50 25
50 31
50 32
50 33
50 39
50 40
50 47
50 49
50 51
50 53
50 54
50 56
50 58
50 59
50 61
50 63
50 69
50 73
50 88
50 89
50 92
50 100
51 1
51 7
51 11
51 15
51 16
51 18
51 27
51 31
51 32
51 33
51 41
51 46
51 49
51 50
51 53
51 55
51 56
51 57
51 58
51 60
51 61
51 64
51 65
51 68
51 74
51 76
51 78
51 81
51 82
51 86
51 89
51 90
51 94
51 96
51 100
52 3
52 6
52 8
52 11
52 14
52 16
52 23
52 24
52 25
52 27
52 33
52 36
52 38
52 40
52 41
52 42
52 45
52 47
52 49
52 55
52 57
52 65
52 66
52 67
52 71
52 76
52 78
52 79
52 92
52 93
52 94
52 98
52 100
53 5
53 9
53 10
53 11
53 17
53 20
53 21
53 22
53 23
53 28
53 31
53 35
53 37
53 42
53 43
53 49
53 50
53 51
53 56
53 58
53 59
53 64
53 67
53 72
53 74
53 76
53 80
53 83
53 85
53 91
53 92
53 93
53 94
53 95
53 96
53 97
54 4
54 7
54 8
54 9
54 21
54 23
54 24
54 25
54 26
54 28
54 29
54 31
54 34
54 35
54 36
54 38
54 41
54 42
54 44
54 45
54 47
54 48
54 50
54 55
54 57
54 64
54 69
54 70
54 72
54 73
54 74
54 76
54 77
54 80
54 82
54 84
54 85
54 86
54 88
54 90
54 95
54 97
54 99
54 100
55 5
55 6
55 13
55 14
55 16
55 21
55 32
55 33
55 36
55 38
55 41
55 46
55 51
55 52
55 54
55 60
55 62
55 64
55 67
55 68
55 69
55 73
55 74
55 78
55 79
55 85
55 86
55 91
55 95
55 96
56 3
56 6
56 8
56 12
56 14
56 15
56 17
56 18
56 20
56 26
56 27
56 35
56 38
56 41
56 42
56 44
56 50
56 51
56 53
56 57
56 60
56 61
56 64
56 65
56 69
56 71
56 73
56 76
56 83
56 85
56 100
57 2
57 8
57 11
57 16
57 17
57 22
57 24
57 25
57 26
57 27
57 35
57 36
57 38
57 39
57 43
57 44
57 48
57 51
57 52
57 54
57 56
57 59
57 62
57 63
57 64
57 66
57 68
57 69
57 76
57 83
57 84
57 89
57 92
57 94
57 96
57 99
58 1
58 3
58 7
58 9
58 11
58 13
58 17
58 18
58 22
58 25
58 27
58 31
58 32
58 36
58 37
58 38
58 40
58 42
58 46
58 47
58 50
58 51
58 53
58 61
58 63
58 64
58 65
58 66
58 67
58 70
58 73
58 75
58 81
58 82
58 86
58 88
58 89
58 95
58 97
58 98
59 4
59 5
59 7
59 12
59 14
59 21
59 22
59 27
59 28
59 30
59 34
59 42
59 43
59 47
59 49
59 50
59 53
59 57
59 60
59 61
59 63
59 69
59 71
59 74
59 75
59 77
59 80
59 86
59 90
59 91
59 97
59 98
59 99
60 6
60 8
60 10
60 15
60 16
60 20
60 21
60 22
60 23
60 26
60 28
60 30
60 31
60 36
60 40
60 41
60 42
60 44
60 48
60 51
60 55
60 56
60 59
60 62
60 64
60 67
60 69
60 70
60 72
60 73
60 75
60 77
60 79
60 83
60 87
60 88
60 90
60 91
60 100
61 6
61 7
61 8
61 9
61 10
61 12
61 13
61 15
61 16
61 18
61 21
61 22
61 23
61 24
61 25
61 31
61 32
61 35
61 45
61 47
61 50
61 51
61 56
61 58
61 59
61 65
61 66
61 68
61 70
61 71
61 77
61 79
61 80
61 81
61 82
61 83
61 84
61 85
61 88
61 90
61 93
61 94
61 95
61 97
61 99
62 2
62 6
62 10
62 13
62 14
62 15
62 16
62 18
62 19
62 20
62 21
62 23
62 25
62 26
62 28
62 30
62 32
62 39
62 40
62 45
62 47
62 55
62 57
62 60
62 63
62 64
62 65
62 66
62 67
62 71
62 72
62 81
62 86
62 92
62 93
62 96
62 99
62 100
63 2
63 3
63 5
63 15
63 17
63 18
63 22
63 23
63 24
63 34
63 35
63 36
63 39
63 43
63 46
63 50
63 57
63 58
63 59
63 62
63 67
63 69
63 73
63 78
63 79
63 80
63 81
63 86
63 89
63 90
63 91
63 95
63 98
63 99
64 2
64 3
64 4
64 9
64 12
64 15
64 17
64 18
64 20
64 23
64 25
64 27
64 28
64 32
64 33
64 36
64 37
64 38
64 40
64 41
64 51
64 53
64 54
64 55
64 56
64 57
64 58
64 60
64 62
64 65
64 70
64 72
64 74
64 75
64 79
64 83
64 92
64 95
64 97
64 98
64 99
65 2
65 3
65 4
65 8
65 10
65 14
65 17
65 18
65 21
65 22
65 25
65 27
65 28
65 32
65 35
65 42
65 45
65 46
65 48
65 51
65 52
65 56
65 58
65 61
65 62
65 64
65 66
65 69
65 71
65 72
65 73
65 76
65 77
65 78
65 82
65 88
65 89
65 92
66 2
66 5
66 8
66 9
66 10
66 11
66 13
66 14
66 19
66 23
66 24
66 25
66 27
66 28
66 31
66 34
66 35
66 36
66 39
66 41
66 43
66 47
66 48
66 52
66 57
66 58
66 61
66 62
66 65
66 68
66 70
66 71
66 76
66 79
66 83
66 84
66 89
66 90
66 93
66 96
67 1
67 10
67 11
67 14
67 17
67 23
67 24
67 31
67 35
67 43
67 45
67 46
67 47
67 52
67 53
67 55
67 58
67 60
67 62
67 63
67 73
67 74
67 76
67 77
67 79
67 81
67 82
67 83
67 84
67 86
67 96
67 97
67 99
67 100
68 2
68 3
68 4
68 6
68 13
68 14
68 22
68 23
68 24
68 28
68 31
68 34
68 38
68 40
68 44
68 47
68 48
68 49
68 51
68 55
68 57
68 61
68 66
68 70
68 71
68 72
68 73
68 75
68 78
68 80
68 86
68 88
68 91
68 92
68 97
68 98
68 100
69 3
69 11
69 16
69 20
69 25
69 31
69 34
69 35
69 42
69 43
69 46
69 48
69 50
69 54
69 55
69 56
69 57
69 59
69 60
69 63
69 65
69 70
69 71
69 72
69 75
69 77
69 78
69 82
69 83
69 84
69 86
69 91
69 92
69 93
69 97
69 100
70 3
70 6
70 8
70 9
70 11
70 12
70 19
70 21
70 27
70 29
70 31
70 32
70 33
70 36
70 38
70 41
70 42
70 43
70 44
70 46
70 49
70 54
70 58
70 60
70 61
70 64
70 66
70 68
70 69
70 73
70 75
70 77
70 82
70 84
70 85
70 86
70 88
70 92
70 93
70 95
70 98
71 1
71 4
71 7
71 9
71 16
71 17
71 18
71 20
71 22
71 23
71 26
71 32
71 33
71 37
71 38
71 42
71 45
71 46
71 48
71 49
71 52
71 56
71 59
71 61
71 62
71 65
71 66
71 68
71 69
71 76
71 79
71 82
71 83
71 84
71 85
71 88
71 94
71 96
71 100
72 1
72 2
72 4
72 6
72 8
72 10
72 12
72 13
72 17
72 18
72 21
72 22
72 26
72 30
72 31
72 32
72 33
72 34
72 35
72 41
72 42
72 43
72 44
72 53
72 54
72 60
72 62
72 64
72 65
72 68
72 69
72 76
72 77
72 80
72 81
72 82
72 83
72 85
72 86
72 89
72 91
72 95
72 97
72 100
73 1
73 2
73 3
73 5
73 7
73 9
73 11
73 12
73 19
73 21
73 22
73 29
73 30
73 33
73 36
73 37
73 43
73 50
73 54
73 55
73 56
73 58
73 60
73 63
73 65
73 67
73 68
73 70
73 76
73 77
73 81
73 82
73 83
73 84
73 85
73 86
73 87
73 91
73 93
74 1
74 5
74 8
74 18
74 24
74 32
74 33
74 35
74 36
74 37
74 38
74 39
74 40
74 42
74 43
74 44
74 45
74 47
74 49
74 51
74 53
74 54
74 55
74 59
74 64
74 67
74 75
74 79
74 82
74 85
74 88
74 89
74 91
74 94
75 2
75 3
75 9
75 10
75 14
75 16
75 21
75 22
75 33
75 34
75 35
75 37
75 40
75 41
75 43
75 44
75 45
75 46
75 58
75 59
75 60
75 64
75 68
75 69
75 70
75 74
75 82
75 83
75 88
75 90
75 94
75 98
76 1
76 4
76 7
76 8
76 9
76 10
76 11
76 13
76 17
76 20
76 25
76 26
76 28
76 34
76 35
76 40
76 42
76 43
76 45
76 47
76 48
76 51
76 52
76 53
76 54
76 56
76 57
76 65
76 66
76 67
76 71
76 72
76 73
76 78
76 80
76 82
76 84
76 86
76 87
76 89
76 90
76 91
76 95
76 99
77 1
77 5
77 9
77 13
77 14
77 16
77 21
77 22
77 23
77 24
77 26
77 27
77 28
77 29
77 31
77 32
77 37
77 40
77 43
77 44
77 45
77 46
77 47
77 54
77 59
77 60
77 61
77 65
77 67
77 69
77 70
77 72
77 73
77 78
77 80
77 83
77 84
77 86
77 87
77 88
77 89
77 95
77 98
77 99
77 100
78 1
78 5
78 8
78 10
78 11
78 14
78 15
78 18
78 20
78 25
78 29
78 32
78 35
78 37
78 40
78 43
78 46
78 51
78 52
78 55
78 63
78 65
78 68
78 69
78 76
78 77
78 79
78 80
78 84
78 85
78 89
78 90
78 91
78 92
78 93
79 7
79 9
79 11
79 13
79 16
79 21
79 23
79 25
79 27
79 30
79 32
79 33
79 34
79 36
79 37
79 41
79 42
79 52
79 55
79 60
79 61
79 63
79 64
79 66
79 67
79 71
79 74
79 78
79 80
79 81
79 85
79 86
79 100
80 7
80 9
80 18
80 23
80 30
80 34
80 37
80 39
80 42
80 45
80 47
80 48
80 53
80 54
80 59
80 61
80 63
80 68
80 72
80 76
80 77
80 78
80 79
80 83
80 84
80 85
80 86
80 88
80 89
80 95
80 98
81 1
81 2
81 4
81 5
81 9
81 14
81 15
81 17
81 20
81 22
81 26
81 27
81 28
81 30
81 37
81 38
81 42
81 43
81 44
81 51
81 58
81 61
81 62
81 63
81 67
81 72
81 73
81 79
81 83
81 90
81 93
81 94
81 96
81 100
82 2
82 3
82 4
82 6
82 9
82 12
82 16
82 18
82 19
82 21
82 22
82 24
82 32
82 35
82 36
82 38
82 40
82 44
82 48
82 51
82 54
82 58
82 61
82 65
82 67
82 69
82 70
82 71
82 72
82 73
82 74
82 75
82 76
82 83
82 86
82 87
82 90
82 97
82 98
82 99
83 1
83 2
83 6
83 8
83 9
83 14
83 16
83 17
83 23
83 26
83 27
83 31
83 34
83 35
83 36
83 38
83 41
83 42
83 44
83 45
83 46
83 49
83 53
83 56
83 57
83 60
83 61
83 64
83 66
83 67
83 69
83 71
83 72
83 73
83 75
83 77
83 80
83 81
83 82
83 90
83 91
83 92
83 93
83 95
83 97
83 99
83 100
84 2
84 4
84 5
84 6
84 7
84 11
84 13
84 16
84 19
84 20
84 26
84 32
84 33
84 41
84 42
84 43
84 45
84 46
84 47
84 49
84 54
84 57
84 61
84 66
84 67
84 69
84 70
84 71
84 73
84 76
84 77
84 78
84 80
84 87
84 88
84 91
84 95
84 96
84 97
84 99
84 100
85 1
85 2
85 3
85 4
85 5
85 6
85 7
85 11
85 24
85 26
85 27
85 29
85 36
85 42
85 45
85 46
85 47
85 53
85 54
85 55
85 56
85 61
85 70
85 71
85 72
85 73
85 74
85 78
85 79
85 80
85 90
85 91
85 92
85 93
85 95
85 96
85 98
85 100
86 8
86 10
86 18
86 19
86 24
86 28
86 33
86 35
86 41
86 43
86 44
86 45
86 48
86 51
86 54
86 55
86 58
86 59
86 62
86 63
86 67
86 68
86 69
86 70
86 72
86 73
86 76
86 77
86 79
86 80
86 82
86 87
86 93
86 94
86 96
86 97
86 98
86 99
86 100
87 2
87 5
87 7
87 10
87 15
87 19
87 20
87 24
87 26
87 30
87 31
87 33
87 34
87 36
87 38
87 39
87 44
87 60
87 73
87 76
87 77
87 82
87 84
87 86
87 89
87 91
87 94
87 95
87 100
88 1
88 6
88 7
88 11
88 15
88 24
88 25
88 26
88 27
88 29
88 32
88 33
88 35
88 37
88 38
88 40
88 41
88 43
88 44
88 45
88 47
88 50
88 54
88 58
88 60
88 61
88 65
88 68
88 70
88 71
88 74
88 75
88 77
88 80
88 84
88 89
88 97
89 4
89 12
89 14
89 16
89 17
89 21
89 22
89 25
89 28
89 29
89 31
89 32
89 33
89 34
89 41
89 44
89 46
89 49
89 50
89 51
89 57
89 58
89 63
89 65
89 66
89 72
89 74
89 76
89 77
89 78
89 80
89 87
89 88
89 90
89 91
89 93
89 96
89 98
89 100
90 4
90 5
90 8
90 11
90 12
90 14
90 15
90 16
90 19
90 20
90 22
90 26
90 27
90 29
90 33
90 36
90 40
90 42
90 45
90 46
90 47
90 51
90 54
90 59
90 60
90 61
90 63
90 66
90 75
90 76
90 78
90 81
90 82
90 83
90 85
90 89
90 91
90 92
90 96
90 98
90 99
91 6
91 7
91 8
91 16
91 18
91 19
91 22
91 24
91 25
91 26
91 27
91 30
91 32
91 33
91 38
91 40
91 41
91 43
91 44
91 45
91 53
91 55
91 59
91 60
91 63
91 68
91 69
91 72
91 73
91 74
91 76
91 78
91 83
91 84
91 85
91 87
91 89
91 90
91 93
91 97
91 98
91 99
92 1
92 2
92 7
92 8
92 12
92 17
92 18
92 20
92 21
92 23
92 25
92 29
92 33
92 36
92 37
92 38
92 39
92 40
92 41
92 43
92 45
92 50
92 52
92 53
92 57
92 62
92 64
92 65
92 68
92 69
92 70
92 78
92 83
92 85
92 90
92 93
92 96
92 97
92 98
92 100
93 1
93 6
93 8
93 10
93 15
93 22
93 23
93 25
93 26
93 28
93 30
93 32
93 39
93 41
93 47
93 48
93 49
93 52
93 53
93 61
93 62
93 66
93 69
93 70
93 73
93 78
93 81
93 83
93 85
93 86
93 89
93 91
93 92
93 94
93 95
93 96
93 97
94 1
94 2
94 3
94 4
94 7
94 13
94 15
94 18
94 20
94 24
94 29
94 31
94 33
94 34
94 38
94 40
94 41
94 42
94 45
94 47
94 48
94 49
94 51
94 52
94 53
94 57
94 61
94 71
94 74
94 75
94 81
94 86
94 87
94 93
94 95
94 97
94 100
95 1
95 2
95 8
95 9
95 10
95 11
95 12
95 13
95 17
95 18
95 25
95 27
95 32
95 33
95 34
95 36
95 39
95 41
95 44
95 47
95 53
95 54
95 55
95 58
95 61
95 63
95 64
95 70
95 72
95 76
95 77
95 80
95 83
95 84
95 85
95 87
95 93
95 94
95 96
95 99
96 1
96 7
96 8
96 10
96 11
96 13
96 18
96 20
96 22
96 23
96 24
96 27
96 30
96 36
96 37
96 38
96 42
96 47
96 48
96 49
96 51
96 53
96 55
96 57
96 62
96 66
96 67
96 71
96 81
96 84
96 85
96 86
96 89
96 90
96 92
96 93
96 95
96 97
96 99
97 1
97 3
97 4
97 5
97 19
97 24
97 26
97 32
97 34
97 37
97 41
97 43
97 44
97 45
97 47
97 48
97 53
97 54
97 58
97 59
97 61
97 64
97 67
97 68
97 69
97 72
97 82
97 83
97 84
97 86
97 88
97 91
97 92
97 93
97 94
97 96
97 100
98 2
98 4
98 6
98 8
98 9
98 12
98 16
98 17
98 18
98 21
98 23
98 24
98 27
98 37
98 38
98 40
98 41
98 44
98 45
98 46
98 47
98 52
98 58
98 59
98 63
98 64
98 68
98 70
98 75
98 77
98 80
98 82
98 85
98 86
98 89
98 90
98 91
98 92
98 100
99 2
99 6
99 10
99 11
99 13
99 15
99 21
99 22
99 25
99 31
99 33
99 34
99 38
99 45
99 47
99 48
99 49
99 54
99 57
99 59
99 61
99 62
99 63
99 64
99 67
99 76
99 77
99 82
99 83
99 84
99 86
99 90
99 91
99 95
99 96
100 1
100 4
100 6
100 7
100 8
100 12
100 13
100 15
100 23
100 24
100 25
100 29
100 31
100 32
100 34
100 37
100 39
100 41
100 45
100 50
100 51
100 52
100 54
100 56
100 60
100 62
100 67
100 68
100 69
100 71
100 72
100 77
100 79
100 81
100 83
100 84
100 85
100 86
100 87
100 89
100 92
100 94
100 97
100 98
