100
1 2
1 3
1 4
1 6
1 7
1 9
1 10
1 11
1 12
1 13
1 15
1 16
1 17
1 19
1 23
1 25
1 26
1 27
1 28
1 34
1 35
1 36
1 37
1 39
1 40
1 42
1 46
1 47
1 48
1 49
1 50
1 51
1 56
1 57
1 58
1 59
1 61
1 62
1 64
1 65
1 69
1 71
1 72
1 73
1 75
1 80
1 81
1 82
1 84
1 86
1 87
1 90
1 92
1 94
1 95
1 97
2 1
2 4
2 5
2 7
2 10
2 11
2 12
2 13
2 14
2 15
2 16
2 17
2 18
2 20
2 22
2 27
2 30
2 31
2 34
2 35
2 37
2 40
2 41
2 44
2 46
2 48
2 49
2 50
2 51
2 52
2 53
2 54
2 55
2 56
2 58
2 59
2 60
2 61
2 63
2 64
2 65
2 66
2 67
2 68
2 72
2 73
2 76
2 77
2 78
2 80
2 81
2 85
2 86
2 91
2 92
2 98
2 99
3 1
3 6
3 7
3 9
3 15
3 17
3 20
3 22
3 24
3 28
3 29
3 30
3 34
3 37
3 38
3 39
3 40
3 43
3 44
3 45
3 48
3 52
3 53
3 54
3 55
3 56
3 57
3 60
3 61
3 63
3 64
3 67
3 71
3 72
3 73
3 74
3 76
3 77
3 78
3 79
3 81
3 83
3 84
3 86
3 87
3 91
3 92
3 94
3 95
3 98
3 99
3 100
4 1
4 2
4 5
4 6
4 15
4 16
4 19
4 20
4 22
4 23
4 28
4 29
4 33
4 35
4 37
4 38
4 40
4 41
4 44
4 45
4 46
4 47
4 48
4 53
4 54
4 55
4 56
4 57
4 58
4 59
4 62
4 63
4 66
4 67
4 69
4 70
4 72
4 73
4 74
4 76
4 79
4 80
4 81
4 83
4 86
4 88
4 90
4 93
4 94
4 95
4 96
4 97
4 98
4 99
4 100
5 2
5 4
5 6
5 7
5 8
5 9
5 10
5 12
5 13
5 14
5 15
5 17
5 21
5 22
5 23
5 24
5 25
5 26
5 28
5 30
5 31
5 32
5 35
5 38
5 41
5 43
5 46
5 49
5 52
5 55
5 56
5 57
5 60
5 64
5 66
5 68
5 74
5 75
5 77
5 78
5 82
5 83
5 84
5 85
5 86
5 88
5 89
5 90
5 92
5 94
5 95
5 97
5 99
6 1
6 3
6 4
6 5
6 7
6 9
6 10
6 11
6 13
6 15
6 16
6 18
6 19
6 21
6 22
6 23
6 26
6 29
6 33
6 36
6 37
6 38
6 39
6 42
6 43
6 44
6 45
6 46
6 48
6 51
6 54
6 56
6 57
6 59
6 60
6 62
6 64
6 65
6 66
6 69
6 73
6 75
6 77
6 78
6 80
6 81
6 82
6 84
6 85
6 86
6 88
6 90
6 91
6 93
6 94
6 95
6 97
6 98
6 99
6 100
7 1
7 2
7 3
7 5
7 6
7 8
7 11
7 12
7 15
7 16
7 17
7 18
7 19
7 21
7 22
7 24
7 25
7 26
7 27
7 28
7 30
7 31
7 32
7 36
7 38
7 44
7 48
7 49
7 51
7 53
7 54
7 56
7 59
7 60
7 61
7 63
7 65
7 68
7 69
7 70
7 71
7 73
7 77
7 78
7 79
7 81
7 82
7 85
7 87
7 89
7 91
7 92
7 94
7 95
7 97
7 99
7 100
8 5
8 7
8 9
8 13
8 16
8 17
8 18
8 19
8 21
8 23
8 24
8 25
8 26
8 27
8 30
8 31
8 33
8 35
8 36
8 37
8 38
8 39
8 40
8 41
8 42
8 43
8 44
8 46
8 49
8 50
8 51
8 52
8 53
8 55
8 56
8 57
8 63
8 65
8 66
8 70
8 71
8 73
8 74
8 76
8 78
8 79
8 80
8 81
8 83
8 84
8 85
8 86
8 87
8 88
8 90
8 91
8 93
8 96
8 98
9 1
9 3
9 5
9 6
9 8
9 10
9 11
9 14
9 15
9 16
9 20
9 21
9 22
9 23
9 28
9 29
9 30
9 31
9 32
9 33
9 35
9 36
9 37
9 40
9 41
9 43
9 44
9 45
9 46
9 47
9 50
9 54
9 55
9 56
9 57
9 63
9 64
9 65
9 66
9 68
9 69
9 70
9 71
9 72
9 74
9 75
9 78
9 79
9 80
9 83
9 84
9 85
9 86
9 87
9 93
9 95
9 96
9 97
9 98
9 100
10 1
10 2
10 5
10 6
10 9
10 11
10 13
10 14
10 15
10 16
10 17
10 18
10 19
10 21
10 22
10 23
10 25
10 29
10 31
10 33
10 34
10 35
10 37
10 40
10 42
10 44
10 45
10 47
10 48
10 49
10 53
10 55
10 57
10 58
10 62
10 63
10 64
10 65
10 66
10 67
10 71
10 73
10 74
10 76
10 78
10 79
10 82
10 83
10 84
10 85
10 86
10 87
10 88
10 89
10 92
10 93
10 94
10 95
10 97
10 99
10 100
11 1
11 2
11 6
11 7
11 9
11 10
11 12
11 14
11 16
11 17
11 18
11 19
11 20
11 24
11 25
11 26
11 27
11 28
11 32
11 34
11 36
11 37
11 38
11 39
11 40
11 43
11 44
11 46
11 47
11 48
11 49
11 53
11 54
11 55
11 57
11 58
11 61
11 63
11 64
11 67
11 69
11 70
11 71
11 72
11 75
11 76
11 77
11 78
11 79
11 80
11 82
11 83
11 84
11 86
11 87
11 89
11 90
11 93
11 95
11 96
11 97
11 99
12 1
12 2
12 5
12 7
12 11
12 13
12 15
12 16
12 17
12 18
12 19
12 21
12 23
12 24
12 25
12 27
12 30
12 34
12 35
12 37
12 38
12 42
12 45
12 46
12 49
12 51
12 53
12 54
12 55
12 57
12 58
12 59
12 60
12 61
12 63
12 65
12 66
12 68
12 70
12 71
12 73
12 75
12 77
12 79
12 80
12 82
12 84
12 85
12 86
12 89
12 90
12 91
12 92
12 93
12 94
12 95
12 96
12 99
13 1
13 2
13 5
13 6
13 8
13 10
13 12
13 14
13 15
13 18
13 19
13 20
13 22
13 24
13 27
13 31
13 34
13 35
13 36
13 37
13 38
13 39
13 40
13 41
13 42
13 43
13 47
13 48
13 50
13 51
13 53
13 55
13 56
13 58
13 60
13 62
13 63
13 64
13 65
13 67
13 69
13 71
13 75
13 76
13 78
13 79
13 81
13 82
13 84
13 85
13 86
13 88
13 90
13 91
13 92
13 93
13 95
13 97
13 99
13 100
14 2
14 5
14 9
14 10
14 11
14 13
14 15
14 16
14 17
14 19
14 20
14 21
14 22
14 26
14 27
14 28
14 29
14 31
14 33
14 35
14 36
14 39
14 43
14 47
14 49
14 50
14 51
14 53
14 54
14 55
14 56
14 62
14 66
14 68
14 69
14 70
14 71
14 72
14 73
14 74
14 75
14 77
14 78
14 80
14 81
14 82
14 83
14 84
14 85
14 86
14 87
14 88
14 90
14 92
14 93
14 94
14 97
14 99
14 100
15 1
15 2
15 3
15 4
15 5
15 6
15 7
15 9
15 10
15 12
15 13
15 14
15 16
15 18
15 20
15 21
15 22
15 25
15 27
15 29
15 30
15 31
15 32
15 33
15 34
15 35
15 37
15 38
15 42
15 45
15 46
15 48
15 49
15 50
15 52
15 53
15 54
15 55
15 56
15 57
15 58
15 59
15 60
15 62
15 63
15 66
15 68
15 69
15 70
15 71
15 72
15 73
15 74
15 75
15 76
15 77
15 78
15 79
15 81
15 83
15 85
15 86
15 88
15 89
15 90
15 91
15 92
15 93
15 95
15 97
15 98
15 99
15 100
16 1
16 2
16 4
16 6
16 7
16 8
16 9
16 10
16 11
16 12
16 14
16 15
16 17
16 18
16 19
16 20
16 21
16 22
16 23
16 24
16 25
16 29
16 31
16 33
16 35
16 36
16 37
16 39
16 40
16 41
16 42
16 43
16 45
16 46
16 47
16 49
16 51
16 52
16 55
16 59
16 60
16 61
16 62
16 63
16 66
16 67
16 73
16 74
16 76
16 77
16 78
16 82
16 83
16 84
16 85
16 87
16 88
16 89
16 90
16 91
16 92
16 93
16 94
16 98
16 99
16 100
17 1
17 2
17 3
17 5
17 7
17 8
17 10
17 11
17 12
17 14
17 16
17 20
17 21
17 24
17 28
17 29
17 30
17 31
17 35
17 36
17 37
17 38
17 41
17 50
17 51
17 52
17 54
17 58
17 59
17 61
17 63
17 65
17 67
17 70
17 71
17 74
17 75
17 76
17 77
17 78
17 79
17 80
17 83
17 84
17 85
17 87
17 88
17 91
17 92
17 95
17 99
17 100
18 2
18 6
18 7
18 8
18 10
18 11
18 12
18 13
18 15
18 16
18 19
18 21
18 25
18 26
18 27
18 29
18 30
18 32
18 34
18 35
18 37
18 38
18 40
18 42
18 43
18 45
18 48
18 49
18 50
18 51
18 52
18 53
18 54
18 55
18 56
18 58
18 59
18 60
18 63
18 66
18 68
18 69
18 71
18 72
18 77
18 78
18 79
18 80
18 83
18 85
18 86
18 88
18 89
18 90
18 91
18 92
18 95
18 97
18 99
19 1
19 4
19 6
19 7
19 8
19 10
19 11
19 12
19 13
19 14
19 16
19 18
19 20
19 21
19 22
19 23
19 24
19 26
19 31
19 32
19 35
19 36
19 37
19 38
19 40
19 41
19 43
19 44
19 46
19 47
19 48
19 49
19 50
19 52
19 53
19 54
19 56
19 57
19 59
19 62
19 66
19 68
19 73
19 74
19 77
19 79
19 80
19 83
19 85
19 86
19 88
19 89
19 90
19 92
19 93
19 95
19 97
19 99
19 100
20 2
20 3
20 4
20 9
20 11
20 13
20 14
20 15
20 16
20 17
20 19
20 22
20 23
20 26
20 29
20 31
20 33
20 35
20 36
20 37
20 39
20 40
20 41
20 43
20 46
20 47
20 48
20 49
20 51
20 52
20 53
20 55
20 59
20 63
20 65
20 67
20 69
20 70
20 73
20 74
20 77
20 78
20 80
20 81
20 82
20 84
20 85
20 86
20 87
20 88
20 90
20 91
20 93
20 96
20 97
20 98
20 99
20 100
21 5
21 6
21 7
21 8
21 9
21 10
21 12
21 14
21 15
21 16
21 17
21 18
21 19
21 23
21 25
21 28
21 29
21 30
21 32
21 34
21 35
21 36
21 38
21 39
21 42
21 44
21 45
21 46
21 49
21 50
21 51
21 52
21 55
21 56
21 57
21 59
21 60
21 61
21 62
21 63
21 65
21 66
21 67
21 68
21 69
21 70
21 75
21 78
21 79
21 80
21 81
21 86
21 87
21 88
21 89
21 90
21 91
21 93
21 95
21 96
21 97
21 98
22 2
22 3
22 4
22 5
22 6
22 7
22 9
22 10
22 13
22 14
22 15
22 16
22 19
22 20
22 23
22 25
22 26
22 27
22 29
22 30
22 32
22 33
22 34
22 37
22 39
22 40
22 41
22 42
22 47
22 48
22 49
22 50
22 51
22 52
22 54
22 55
22 56
22 57
22 59
22 60
22 61
22 62
22 63
22 65
22 66
22 67
22 68
22 69
22 70
22 73
22 75
22 79
22 80
22 82
22 83
22 84
22 85
22 86
22 88
22 92
22 93
22 95
22 96
22 97
22 98
22 100
23 1
23 4
23 5
23 6
23 8
23 9
23 10
23 12
23 16
23 19
23 20
23 21
23 22
23 26
23 27
23 28
23 29
23 30
23 35
23 36
23 37
23 41
23 43
23 49
23 51
23 53
23 54
23 55
23 56
23 57
23 60
23 61
23 62
23 63
23 64
23 67
23 68
23 69
23 70
23 71
23 72
23 73
23 74
23 75
23 77
23 78
23 80
23 81
23 82
23 83
23 84
23 85
23 86
23 87
23 88
23 92
23 93
23 95
23 98
23 99
23 100
24 3
24 5
24 7
24 8
24 11
24 12
24 13
24 16
24 17
24 19
24 26
24 29
24 30
24 31
24 32
24 33
24 34
24 35
24 36
24 38
24 40
24 42
24 43
24 48
24 49
24 50
24 51
24 52
24 53
24 54
24 57
24 58
24 59
24 60
24 61
24 62
24 63
24 65
24 68
24 72
24 74
24 75
24 77
24 78
24 79
24 81
24 82
24 84
24 85
24 88
24 90
24 93
24 95
24 96
24 97
24 99
24 100
25 1
25 5
25 7
25 8
25 10
25 11
25 12
25 15
25 16
25 18
25 21
25 22
25 26
25 30
25 32
25 34
25 35
25 37
25 38
25 39
25 42
25 43
25 45
25 47
25 48
25 49
25 50
25 53
25 54
25 55
25 56
25 57
25 62
25 63
25 64
25 67
25 70
25 71
25 72
25 73
25 74
25 75
25 76
25 77
25 78
25 79
25 83
25 84
25 85
25 87
25 88
25 90
25 92
25 93
25 94
25 95
25 98
25 99
25 100
26 1
26 5
26 6
26 7
26 8
26 11
26 14
26 18
26 19
26 20
26 22
26 23
26 24
26 25
26 28
26 30
26 31
26 32
26 33
26 34
26 39
26 40
26 42
26 44
26 46
26 47
26 49
26 50
26 53
26 54
26 55
26 56
26 58
26 59
26 61
26 64
26 66
26 68
26 69
26 70
26 71
26 72
26 73
26 74
26 75
26 76
26 77
26 78
26 80
26 82
26 83
26 84
26 85
26 86
26 88
26 92
26 95
26 96
26 99
26 100
27 1
27 2
27 7
27 8
27 11
27 12
27 13
27 14
27 15
27 18
27 22
27 23
27 28
27 29
27 31
27 32
27 35
27 36
27 37
27 38
27 39
27 44
27 46
27 47
27 49
27 50
27 51
27 52
27 54
27 55
27 57
27 58
27 59
27 61
27 62
27 63
27 64
27 66
27 67
27 68
27 69
27 70
27 71
27 72
27 73
27 74
27 75
27 76
27 77
27 78
27 85
27 87
27 93
27 96
27 97
27 98
27 99
27 100
28 1
28 3
28 4
28 5
28 7
28 9
28 11
28 14
28 17
28 21
28 23
28 26
28 27
28 29
28 31
28 35
28 36
28 37
28 38
28 39
28 41
28 43
28 44
28 46
28 47
28 49
28 50
28 51
28 52
28 55
28 56
28 57
28 58
28 61
28 62
28 63
28 67
28 69
28 70
28 71
28 73
28 74
28 75
28 76
28 77
28 80
28 81
28 83
28 85
28 86
28 87
28 91
28 92
28 93
28 96
28 97
28 98
28 99
28 100
29 3
29 4
29 6
29 9
29 10
29 14
29 15
29 16
29 17
29 18
29 20
29 21
29 22
29 23
29 24
29 27
29 28
29 30
29 31
29 32
29 35
29 39
29 43
29 44
29 46
29 48
29 50
29 54
29 55
29 56
29 61
29 62
29 63
29 65
29 66
29 67
29 69
29 71
29 73
29 74
29 77
29 79
29 81
29 83
29 84
29 86
29 88
29 89
29 90
29 91
29 92
29 93
29 94
29 96
29 98
29 100
30 2
30 3
30 5
30 7
30 8
30 9
30 12
30 15
30 17
30 18
30 21
30 22
30 23
30 24
30 25
30 26
30 29
30 31
30 33
30 34
30 37
30 40
30 47
30 48
30 49
30 50
30 51
30 52
30 54
30 55
30 56
30 57
30 60
30 61
30 62
30 63
30 65
30 67
30 68
30 69
30 72
30 73
30 75
30 76
30 77
30 79
30 81
30 83
30 84
30 86
30 87
30 89
30 91
30 92
30 93
30 94
30 95
30 96
30 98
30 99
30 100
31 2
31 5
31 7
31 8
31 9
31 10
31 13
31 14
31 15
31 16
31 17
31 19
31 20
31 24
31 26
31 27
31 28
31 29
31 30
31 33
31 34
31 35
31 37
31 38
31 39
31 40
31 41
31 43
31 44
31 46
31 47
31 49
31 53
31 54
31 55
31 56
31 58
31 59
31 61
31 62
31 64
31 65
31 66
31 67
31 68
31 69
31 72
31 73
31 74
31 79
31 80
31 81
31 82
31 86
31 87
31 89
31 90
31 93
31 94
31 97
31 99
31 100
32 5
32 7
32 9
32 11
32 15
32 18
32 19
32 21
32 22
32 24
32 25
32 26
32 27
32 29
32 34
32 38
32 40
32 42
32 46
32 48
32 51
32 53
32 55
32 57
32 58
32 60
32 62
32 63
32 65
32 66
32 69
32 72
32 73
32 74
32 81
32 83
32 84
32 85
32 86
32 88
32 90
32 91
32 93
32 94
32 95
32 96
32 97
32 98
32 99
33 4
33 6
33 8
33 9
33 10
33 14
33 15
33 16
33 20
33 22
33 24
33 26
33 30
33 31
33 35
33 36
33 37
33 38
33 41
33 43
33 46
33 47
33 48
33 49
33 50
33 51
33 52
33 54
33 55
33 58
33 59
33 60
33 61
33 62
33 65
33 66
33 67
33 70
33 72
33 73
33 75
33 76
33 77
33 78
33 80
33 82
33 83
33 84
33 86
33 87
33 88
33 89
33 90
33 92
33 93
33 94
33 95
33 97
33 100
34 1
34 2
34 3
34 10
34 11
34 12
34 13
34 15
34 18
34 21
34 22
34 24
34 25
34 26
34 30
34 31
34 32
34 35
34 36
34 39
34 41
34 42
34 44
34 49
34 51
34 54
34 57
34 62
34 63
34 64
34 65
34 68
34 69
34 70
34 71
34 72
34 73
34 74
34 75
34 76
34 77
34 80
34 82
34 84
34 86
34 88
34 89
34 91
34 93
34 95
34 97
34 99
35 1
35 2
35 4
35 5
35 8
35 9
35 10
35 12
35 13
35 14
35 15
35 16
35 17
35 18
35 19
35 20
35 21
35 23
35 24
35 25
35 27
35 28
35 29
35 31
35 33
35 34
35 36
35 38
35 40
35 41
35 42
35 46
35 47
35 48
35 49
35 51
35 52
35 53
35 54
35 57
35 59
35 60
35 62
35 63
35 67
35 68
35 69
35 70
35 71
35 74
35 75
35 80
35 81
35 82
35 83
35 84
35 87
35 88
35 91
35 92
35 93
35 94
35 95
35 96
35 99
35 100
36 1
36 6
36 7
36 8
36 9
36 11
36 13
36 14
36 16
36 17
36 19
36 20
36 21
36 23
36 24
36 27
36 28
36 33
36 34
36 35
36 37
36 38
36 39
36 40
36 41
36 42
36 46
36 47
36 49
36 50
36 51
36 52
36 56
36 57
36 61
36 64
36 67
36 68
36 69
36 70
36 71
36 72
36 75
36 76
36 78
36 79
36 80
36 81
36 82
36 85
36 86
36 88
36 89
36 90
36 91
36 93
36 95
36 96
37 1
37 2
37 3
37 4
37 6
37 8
37 9
37 10
37 11
37 12
37 13
37 15
37 16
37 17
37 18
37 19
37 20
37 22
37 23
37 25
37 27
37 28
37 30
37 31
37 33
37 36
37 38
37 40
37 44
37 46
37 47
37 49
37 50
37 51
37 52
37 53
37 54
37 61
37 63
37 65
37 66
37 67
37 69
37 70
37 73
37 74
37 75
37 76
37 80
37 81
37 85
37 86
37 88
37 90
37 91
37 92
37 93
37 95
37 96
37 97
37 98
38 3
38 4
38 5
38 6
38 7
38 8
38 11
38 12
38 13
38 15
38 17
38 18
38 19
38 21
38 24
38 25
38 27
38 28
38 31
38 32
38 33
38 35
38 36
38 37
38 39
38 40
38 41
38 42
38 43
38 44
38 45
38 50
38 51
38 52
38 55
38 57
38 59
38 60
38 61
38 62
38 63
38 64
38 65
38 67
38 68
38 72
38 74
38 75
38 76
38 77
38 80
38 81
38 82
38 83
38 84
38 86
38 88
38 89
38 90
38 92
38 96
38 97
38 98
38 100
39 1
39 3
39 6
39 8
39 11
39 13
39 14
39 16
39 20
39 21
39 22
39 25
39 26
39 27
39 28
39 29
39 31
39 34
39 36
39 38
39 40
39 41
39 42
39 45
39 47
39 49
39 50
39 53
39 54
39 56
39 58
39 61
39 62
39 63
39 64
39 65
39 67
39 69
39 71
39 73
39 75
39 76
39 78
39 79
39 80
39 81
39 82
39 84
39 86
39 89
39 90
39 91
39 92
39 93
39 94
39 95
39 96
39 98
39 100
40 1
40 2
40 3
40 4
40 8
40 9
40 10
40 11
40 13
40 16
40 18
40 19
40 20
40 22
40 24
40 26
40 30
40 31
40 32
40 35
40 36
40 37
40 38
40 39
40 41
40 43
40 44
40 48
40 50
40 51
40 52
40 53
40 54
40 57
40 59
40 60
40 61
40 63
40 65
40 66
40 68
40 70
40 73
40 74
40 76
40 79
40 81
40 82
40 83
40 85
40 86
40 88
40 91
40 92
40 93
40 94
40 95
40 96
40 98
40 99
40 100
41 2
41 4
41 5
41 8
41 9
41 13
41 16
41 17
41 19
41 20
41 22
41 23
41 28
41 31
41 33
41 34
41 35
41 36
41 38
41 39
41 40
41 43
41 45
41 47
41 49
41 50
41 51
41 52
41 54
41 55
41 57
41 58
41 60
41 61
41 62
41 63
41 64
41 66
41 70
41 71
41 72
41 74
41 80
41 82
41 84
41 85
41 87
41 88
41 89
41 91
41 92
41 93
41 94
41 95
41 97
41 99
42 1
42 6
42 8
42 10
42 12
42 13
42 15
42 16
42 18
42 21
42 22
42 24
42 25
42 26
42 32
42 34
42 35
42 36
42 38
42 39
42 43
42 46
42 47
42 48
42 50
42 51
42 53
42 54
42 55
42 57
42 58
42 60
42 61
42 63
42 64
42 65
42 66
42 67
42 73
42 76
42 79
42 80
42 81
42 82
42 84
42 86
42 89
42 90
42 91
42 93
42 94
42 95
42 99
43 3
43 5
43 6
43 8
43 9
43 11
43 13
43 14
43 16
43 18
43 19
43 20
43 23
43 24
43 25
43 28
43 29
43 31
43 33
43 38
43 40
43 41
43 42
43 46
43 48
43 50
43 51
43 54
43 55
43 56
43 57
43 58
43 59
43 62
43 63
43 65
43 67
43 71
43 73
43 75
43 76
43 77
43 78
43 79
43 82
43 84
43 86
43 88
43 89
43 90
43 91
43 94
43 97
43 98
43 100
44 2
44 3
44 4
44 6
44 7
44 8
44 9
44 10
44 11
44 19
44 21
44 26
44 27
44 28
44 29
44 31
44 34
44 37
44 38
44 40
44 45
44 46
44 47
44 48
44 51
44 52
44 53
44 54
44 55
44 56
44 58
44 59
44 60
44 64
44 65
44 67
44 68
44 69
44 70
44 72
44 73
44 75
44 77
44 78
44 80
44 87
44 89
44 91
44 92
44 93
44 94
44 95
44 96
44 100
45 3
45 4
45 6
45 9
45 10
45 12
45 15
45 16
45 18
45 21
45 25
45 38
45 39
45 41
45 44
45 46
45 47
45 48
45 49
45 50
45 52
45 54
45 57
45 58
45 61
45 63
45 64
45 66
45 71
45 72
45 75
45 76
45 77
45 78
45 79
45 80
45 85
45 87
45 88
45 92
45 93
45 94
45 96
45 99
45 100
46 1
46 2
46 4
46 5
46 6
46 8
46 9
46 11
46 12
46 15
46 16
46 19
46 20
46 21
46 26
46 27
46 28
46 29
46 31
46 32
46 33
46 35
46 36
46 37
46 42
46 43
46 44
46 45
46 47
46 49
46 50
46 51
46 54
46 56
46 57
46 59
46 60
46 62
46 64
46 65
46 66
46 68
46 69
46 70
46 71
46 73
46 76
46 77
46 80
46 81
46 84
46 85
46 86
46 87
46 89
46 90
46 91
46 92
46 93
46 94
46 100
47 1
47 4
47 9
47 10
47 11
47 13
47 14
47 16
47 19
47 20
47 22
47 25
47 26
47 27
47 28
47 30
47 31
47 33
47 35
47 36
47 37
47 39
47 41
47 42
47 44
47 45
47 46
47 49
47 50
47 51
47 54
47 56
47 57
47 58
47 59
47 61
47 62
47 63
47 65
47 66
47 67
47 69
47 70
47 71
47 73
47 75
47 76
47 78
47 80
47 82
47 86
47 90
47 91
47 92
47 93
47 96
47 97
47 98
47 99
48 1
48 2
48 3
48 4
48 6
48 7
48 10
48 11
48 13
48 15
48 18
48 19
48 20
48 22
48 24
48 25
48 29
48 30
48 32
48 33
48 35
48 40
48 42
48 43
48 44
48 45
48 49
48 50
48 53
48 54
48 55
48 56
48 57
48 58
48 60
48 61
48 62
48 64
48 65
48 66
48 67
48 69
48 72
48 73
48 76
48 77
48 78
48 79
48 81
48 82
48 84
48 86
48 87
48 88
48 89
48 90
48 92
48 94
48 96
49 1
49 2
49 5
49 7
49 8
49 10
49 11
49 12
49 14
49 15
49 16
49 18
49 19
49 20
49 21
49 22
49 23
49 24
49 25
49 26
49 27
49 28
49 30
49 31
49 33
49 34
49 35
49 36
49 37
49 39
49 41
49 45
49 46
49 47
49 48
49 50
49 51
49 52
49 54
49 56
49 58
49 59
49 64
49 65
49 66
49 67
49 69
49 70
49 72
49 73
49 74
49 75
49 76
49 77
49 78
49 79
49 86
49 87
49 89
49 90
49 92
49 93
49 94
49 95
49 96
49 97
49 100
50 1
50 2
50 8
50 9
50 13
50 14
50 15
50 17
50 18
50 19
50 21
50 22
50 24
50 25
50 26
50 27
50 28
50 29
50 30
50 33
50 36
50 37
50 38
50 39
50 40
50 41
50 42
50 43
50 45
50 46
50 47
50 48
50 49
50 51
50 53
50 54
50 55
50 57
50 58
50 60
50 63
50 65
50 66
50 68
50 71
50 72
50 74
50 75
50 76
50 77
50 80
50 81
50 85
50 86
50 87
50 90
50 94
50 95
50 97
50 98
51 1
51 2
51 6
51 7
51 8
51 12
51 13
51 14
51 16
51 17
51 18
51 20
51 21
51 22
51 23
51 24
51 27
51 28
51 30
51 32
51 33
51 34
51 35
51 36
51 37
51 38
51 40
51 41
51 42
51 43
51 44
51 46
51 47
51 49
51 50
51 56
51 58
51 59
51 60
51 61
51 62
51 63
51 65
51 66
51 67
51 68
51 69
51 70
51 74
51 76
51 80
51 81
51 82
51 83
51 84
51 85
51 86
51 88
51 90
51 91
51 92
51 93
51 95
51 96
51 97
51 98
52 2
52 3
52 5
52 8
52 15
52 16
52 17
52 18
52 19
52 20
52 21
52 22
52 24
52 27
52 28
52 30
52 33
52 35
52 36
52 37
52 38
52 40
52 41
52 44
52 45
52 49
52 53
52 54
52 55
52 56
52 57
52 58
52 60
52 61
52 64
52 66
52 67
52 68
52 69
52 71
52 74
52 77
52 78
52 79
52 82
52 83
52 84
52 85
52 88
52 90
52 92
52 93
52 95
52 96
52 97
52 98
52 99
52 100
53 2
53 3
53 4
53 7
53 8
53 10
53 11
53 12
53 13
53 14
53 15
53 18
53 19
53 20
53 23
53 24
53 25
53 26
53 31
53 32
53 35
53 37
53 39
53 40
53 42
53 44
53 48
53 50
53 52
53 56
53 58
53 59
53 60
53 61
53 62
53 63
53 65
53 66
53 67
53 68
53 73
53 75
53 78
53 80
53 82
53 83
53 85
53 87
53 88
53 91
53 92
53 94
53 99
54 2
54 3
54 4
54 6
54 7
54 9
54 11
54 12
54 14
54 15
54 17
54 18
54 19
54 22
54 23
54 24
54 25
54 26
54 27
54 29
54 30
54 31
54 33
54 34
54 35
54 37
54 39
54 40
54 41
54 42
54 43
54 44
54 45
54 46
54 47
54 48
54 49
54 50
54 52
54 56
54 57
54 59
54 60
54 62
54 63
54 64
54 66
54 67
54 68
54 70
54 71
54 72
54 73
54 74
54 75
54 76
54 78
54 80
54 82
54 83
54 88
54 89
54 93
54 94
54 95
54 97
54 100
55 2
55 3
55 4
55 5
55 8
55 9
55 10
55 11
55 12
55 13
55 14
55 15
55 16
55 18
55 20
55 21
55 22
55 23
55 25
55 26
55 27
55 28
55 29
55 30
55 31
55 32
55 33
55 38
55 41
55 42
55 43
55 44
55 48
55 50
55 52
55 56
55 61
55 63
55 64
55 65
55 66
55 70
55 72
55 75
55 77
55 78
55 79
55 82
55 83
55 84
55 85
55 87
55 90
55 92
55 94
55 96
55 97
55 98
55 99
55 100
56 1
56 2
56 3
56 4
56 5
56 6
56 7
56 8
56 9
56 13
56 14
56 15
56 18
56 19
56 21
56 22
56 23
56 25
56 26
56 28
56 29
56 30
56 31
56 36
56 39
56 43
56 44
56 46
56 47
56 48
56 49
56 51
56 52
56 53
56 54
56 55
56 57
56 58
56 59
56 61
56 63
56 64
56 68
56 69
56 70
56 71
56 72
56 73
56 75
56 76
56 80
56 81
56 82
56 84
56 85
56 86
56 87
56 88
56 89
56 92
56 93
56 94
56 96
56 97
56 99
56 100
57 1
57 3
57 4
57 5
57 6
57 8
57 9
57 10
57 11
57 12
57 15
57 19
57 21
57 22
57 23
57 24
57 25
57 27
57 28
57 30
57 32
57 34
57 35
57 36
57 38
57 40
57 41
57 42
57 43
57 45
57 46
57 47
57 48
57 50
57 52
57 54
57 56
57 58
57 61
57 62
57 64
57 66
57 67
57 68
57 69
57 78
57 79
57 80
57 82
57 85
57 88
57 92
57 94
57 95
57 96
57 97
57 98
57 100
58 1
58 2
58 4
58 10
58 11
58 12
58 13
58 15
58 17
58 18
58 24
58 26
58 27
58 28
58 31
58 32
58 33
58 39
58 41
58 42
58 43
58 44
58 45
58 47
58 48
58 49
58 50
58 51
58 52
58 53
58 56
58 57
58 59
58 61
58 64
58 66
58 68
58 69
58 70
58 73
58 74
58 75
58 76
58 78
58 79
58 80
58 81
58 82
58 83
58 84
58 85
58 90
58 91
58 92
58 93
58 95
58 96
58 99
58 100
59 1
59 2
59 4
59 6
59 7
59 12
59 15
59 16
59 17
59 18
59 19
59 20
59 21
59 22
59 24
59 26
59 27
59 31
59 33
59 35
59 38
59 40
59 43
59 44
59 46
59 47
59 49
59 51
59 53
59 54
59 56
59 58
59 60
59 64
59 66
59 67
59 70
59 71
59 73
59 75
59 77
59 78
59 79
59 81
59 82
59 83
59 84
59 87
59 88
59 89
59 90
59 93
59 94
59 95
59 96
59 98
59 99
60 2
60 3
60 5
60 6
60 7
60 12
60 13
60 15
60 16
60 18
60 21
60 22
60 23
60 24
60 30
60 32
60 33
60 35
60 38
60 40
60 41
60 42
60 44
60 46
60 48
60 50
60 51
60 52
60 53
60 54
60 59
60 61
60 62
60 63
60 66
60 67
60 68
60 70
60 75
60 76
60 78
60 79
60 80
60 81
60 84
60 86
60 87
60 90
60 91
60 92
60 93
60 95
60 96
60 99
61 1
61 2
61 3
61 7
61 11
61 12
61 16
61 17
61 21
61 22
61 23
61 24
61 26
61 27
61 28
61 29
61 30
61 31
61 33
61 36
61 37
61 38
61 39
61 40
61 41
61 42
61 45
61 47
61 48
61 51
61 52
61 53
61 55
61 56
61 57
61 58
61 60
61 62
61 67
61 68
61 69
61 70
61 71
61 73
61 74
61 76
61 77
61 78
61 79
61 80
61 82
61 83
61 84
61 88
61 89
61 90
61 92
61 93
61 94
61 95
61 96
61 97
61 99
62 1
62 4
62 6
62 10
62 13
62 14
62 15
62 16
62 19
62 21
62 22
62 23
62 24
62 25
62 27
62 28
62 29
62 30
62 31
62 32
62 33
62 34
62 35
62 38
62 39
62 41
62 43
62 46
62 47
62 48
62 51
62 53
62 54
62 57
62 60
62 61
62 64
62 66
62 67
62 68
62 69
62 70
62 71
62 73
62 74
62 75
62 77
62 78
62 79
62 80
62 82
62 83
62 86
62 87
62 91
62 92
62 96
62 97
62 99
62 100
63 2
63 3
63 4
63 7
63 8
63 9
63 10
63 11
63 12
63 13
63 15
63 16
63 17
63 18
63 20
63 21
63 22
63 23
63 24
63 25
63 27
63 28
63 29
63 30
63 32
63 34
63 35
63 37
63 38
63 39
63 40
63 41
63 42
63 43
63 45
63 47
63 50
63 51
63 53
63 54
63 55
63 56
63 60
63 64
63 65
63 66
63 67
63 68
63 70
63 72
63 73
63 74
63 75
63 76
63 77
63 78
63 82
63 83
63 85
63 89
63 90
63 91
63 93
63 94
63 95
63 98
64 1
64 2
64 3
64 5
64 6
64 9
64 10
64 11
64 13
64 23
64 25
64 26
64 27
64 31
64 34
64 36
64 38
64 39
64 41
64 42
64 44
64 45
64 46
64 48
64 49
64 52
64 54
64 55
64 56
64 57
64 58
64 59
64 62
64 63
64 65
64 67
64 68
64 70
64 71
64 72
64 73
64 74
64 75
64 76
64 78
64 79
64 81
64 85
64 87
64 89
64 91
64 92
64 93
64 95
64 97
64 98
64 100
65 1
65 2
65 6
65 7
65 8
65 9
65 10
65 12
65 13
65 17
65 20
65 21
65 22
65 24
65 29
65 30
65 31
65 32
65 33
65 34
65 37
65 38
65 39
65 40
65 42
65 43
65 44
65 46
65 47
65 48
65 49
65 50
65 51
65 53
65 55
65 63
65 64
65 66
65 68
65 70
65 74
65 78
65 79
65 81
65 83
65 84
65 85
65 86
65 87
65 88
65 90
65 91
65 92
65 93
65 97
65 98
66 2
66 4
66 5
66 6
66 8
66 9
66 10
66 12
66 14
66 15
66 16
66 18
66 19
66 21
66 22
66 26
66 27
66 29
66 31
66 32
66 33
66 37
66 40
66 41
66 42
66 45
66 46
66 47
66 48
66 49
66 50
66 51
66 52
66 53
66 54
66 55
66 57
66 58
66 59
66 60
66 62
66 63
66 65
66 68
66 70
66 71
66 74
66 76
66 77
66 78
66 80
66 81
66 82
66 83
66 85
66 86
66 87
66 88
66 89
66 92
66 93
66 94
66 95
66 98
66 100
67 2
67 3
67 4
67 10
67 11
67 13
67 16
67 17
67 20
67 21
67 22
67 23
67 25
67 27
67 28
67 29
67 30
67 31
67 33
67 35
67 36
67 37
67 38
67 39
67 42
67 43
67 44
67 47
67 48
67 49
67 51
67 52
67 53
67 54
67 57
67 59
67 60
67 61
67 62
67 63
67 64
67 68
67 70
67 72
67 75
67 76
67 77
67 78
67 80
67 81
67 85
67 89
67 90
67 91
67 92
67 96
67 97
67 98
67 99
67 100
68 2
68 5
68 7
68 9
68 12
68 14
68 15
68 18
68 19
68 21
68 22
68 23
68 24
68 26
68 27
68 30
68 31
68 34
68 35
68 36
68 38
68 40
68 44
68 46
68 50
68 51
68 52
68 53
68 54
68 56
68 57
68 58
68 60
68 61
68 62
68 63
68 64
68 65
68 66
68 67
68 70
68 71
68 73
68 74
68 76
68 78
68 79
68 80
68 82
68 83
68 87
68 90
68 91
68 92
68 93
68 94
68 95
68 96
68 98
68 100
69 1
69 4
69 6
69 7
69 9
69 11
69 13
69 14
69 15
69 18
69 20
69 21
69 22
69 23
69 26
69 27
69 28
69 29
69 30
69 31
69 32
69 34
69 35
69 36
69 37
69 39
69 44
69 46
69 47
69 48
69 49
69 51
69 52
69 56
69 57
69 58
69 61
69 62
69 70
69 77
69 78
69 79
69 83
69 84
69 85
69 88
69 93
69 94
69 95
69 96
69 97
69 98
69 99
69 100
70 4
70 7
70 8
70 9
70 11
70 12
70 14
70 15
70 17
70 20
70 21
70 22
70 23
70 25
70 26
70 27
70 28
70 33
70 34
70 35
70 36
70 37
70 40
70 41
70 44
70 46
70 47
70 49
70 51
70 54
70 55
70 56
70 58
70 59
70 60
70 61
70 62
70 63
70 64
70 65
70 66
70 67
70 68
70 69
70 71
70 72
70 73
70 74
70 75
70 76
70 77
70 80
70 81
70 82
70 83
70 84
70 86
70 87
70 88
70 89
70 90
70 91
70 92
70 94
70 95
70 96
70 98
70 99
71 1
71 3
71 7
71 8
71 9
71 10
71 11
71 12
71 13
71 14
71 15
71 17
71 18
71 23
71 25
71 26
71 27
71 28
71 29
71 34
71 35
71 36
71 39
71 41
71 43
71 45
71 46
71 47
71 50
71 52
71 54
71 56
71 59
71 61
71 62
71 64
71 66
71 68
71 70
71 72
71 74
71 75
71 77
71 83
71 84
71 86
71 89
71 90
71 92
71 94
71 95
71 96
71 98
71 99
71 100
72 1
72 2
72 3
72 4
72 9
72 11
72 14
72 15
72 18
72 23
72 24
72 25
72 26
72 27
72 30
72 31
72 32
72 33
72 34
72 36
72 38
72 41
72 44
72 45
72 48
72 49
72 50
72 54
72 55
72 56
72 63
72 64
72 67
72 70
72 71
72 73
72 75
72 76
72 77
72 78
72 83
72 87
72 89
72 90
72 91
72 92
72 93
72 94
72 95
72 98
72 100
73 1
73 2
73 3
73 4
73 6
73 7
73 8
73 10
73 12
73 14
73 15
73 16
73 19
73 20
73 22
73 23
73 25
73 26
73 27
73 28
73 29
73 30
73 31
73 32
73 33
73 34
73 37
73 39
73 40
73 42
73 43
73 44
73 46
73 47
73 48
73 49
73 53
73 54
73 56
73 58
73 59
73 61
73 62
73 63
73 64
73 68
73 70
73 72
73 74
73 77
73 78
73 79
73 81
73 85
73 86
73 87
73 91
73 92
73 94
73 96
73 99
74 3
74 4
74 5
74 8
74 9
74 10
74 14
74 15
74 16
74 17
74 19
74 20
74 23
74 24
74 25
74 26
74 27
74 28
74 29
74 31
74 32
74 34
74 35
74 37
74 38
74 40
74 41
74 49
74 50
74 51
74 52
74 54
74 58
74 61
74 62
74 63
74 64
74 65
74 66
74 68
74 70
74 71
74 73
74 76
74 77
74 78
74 79
74 84
74 86
74 88
74 89
74 90
74 91
74 92
74 93
74 95
74 96
74 97
74 98
74 99
75 1
75 5
75 6
75 9
75 11
75 12
75 13
75 14
75 15
75 17
75 21
75 22
75 23
75 24
75 25
75 26
75 27
75 28
75 30
75 33
75 34
75 35
75 36
75 37
75 38
75 39
75 43
75 44
75 45
75 47
75 49
75 50
75 53
75 54
75 55
75 56
75 58
75 59
75 60
75 62
75 63
75 64
75 67
75 70
75 71
75 72
75 76
75 78
75 79
75 80
75 81
75 82
75 87
75 88
75 91
75 93
75 95
75 97
75 100
76 2
76 3
76 4
76 8
76 10
76 11
76 13
76 15
76 16
76 17
76 25
76 26
76 27
76 28
76 30
76 33
76 34
76 36
76 37
76 38
76 39
76 40
76 42
76 43
76 45
76 46
76 47
76 48
76 49
76 50
76 51
76 54
76 56
76 58
76 60
76 61
76 63
76 64
76 66
76 67
76 68
76 70
76 72
76 74
76 75
76 77
76 80
76 81
76 82
76 83
76 86
76 87
76 89
76 90
76 91
76 93
76 94
76 95
76 96
77 2
77 3
77 5
77 6
77 7
77 11
77 12
77 14
77 15
77 16
77 17
77 18
77 19
77 20
77 23
77 24
77 25
77 26
77 27
77 28
77 29
77 30
77 33
77 34
77 38
77 43
77 44
77 45
77 46
77 48
77 49
77 50
77 52
77 55
77 59
77 61
77 62
77 63
77 66
77 67
77 69
77 70
77 71
77 72
77 73
77 74
77 76
77 78
77 80
77 81
77 84
77 86
77 88
77 90
77 91
77 94
77 95
77 96
77 99
77 100
78 2
78 3
78 5
78 6
78 7
78 8
78 9
78 10
78 11
78 13
78 14
78 15
78 16
78 17
78 18
78 20
78 21
78 23
78 24
78 25
78 26
78 27
78 33
78 36
78 39
78 43
78 44
78 45
78 47
78 48
78 49
78 52
78 53
78 54
78 55
78 57
78 58
78 59
78 60
78 61
78 62
78 63
78 64
78 65
78 66
78 67
78 68
78 69
78 72
78 73
78 74
78 75
78 77
78 79
78 81
78 82
78 83
78 84
78 85
78 86
78 88
78 89
78 90
78 92
78 94
78 95
78 96
78 97
78 98
78 99
78 100
79 3
79 4
79 7
79 8
79 9
79 10
79 11
79 12
79 13
79 15
79 17
79 18
79 19
79 21
79 22
79 24
79 25
79 29
79 30
79 31
79 36
79 39
79 40
79 42
79 43
79 45
79 48
79 49
79 52
79 55
79 57
79 58
79 59
79 60
79 61
79 62
79 64
79 65
79 68
79 69
79 73
79 74
79 75
79 78
79 80
79 84
79 85
79 86
79 87
79 88
79 89
79 91
79 92
79 94
79 96
79 97
79 98
79 99
80 1
80 2
80 4
80 6
80 8
80 9
80 11
80 12
80 14
80 17
80 18
80 19
80 20
80 21
80 22
80 23
80 26
80 28
80 31
80 33
80 34
80 35
80 36
80 37
80 38
80 39
80 41
80 42
80 44
80 45
80 46
80 47
80 50
80 51
80 53
80 54
80 56
80 57
80 58
80 60
80 61
80 62
80 66
80 67
80 68
80 70
80 75
80 76
80 77
80 79
80 81
80 83
80 85
80 87
80 88
80 89
80 91
80 92
80 93
80 94
80 96
80 98
80 99
80 100
81 1
81 2
81 3
81 4
81 6
81 7
81 8
81 13
81 14
81 15
81 20
81 21
81 23
81 24
81 28
81 29
81 30
81 31
81 32
81 35
81 36
81 37
81 38
81 39
81 40
81 42
81 46
81 48
81 50
81 51
81 56
81 58
81 59
81 60
81 64
81 65
81 66
81 67
81 70
81 73
81 75
81 76
81 77
81 78
81 80
81 84
81 86
81 88
81 89
81 91
81 92
81 94
81 96
81 99
82 1
82 5
82 6
82 7
82 10
82 11
82 12
82 13
82 14
82 16
82 20
82 22
82 23
82 24
82 26
82 31
82 33
82 34
82 35
82 36
82 38
82 39
82 40
82 41
82 42
82 43
82 47
82 48
82 51
82 52
82 53
82 54
82 55
82 56
82 57
82 58
82 59
82 61
82 62
82 63
82 66
82 68
82 70
82 75
82 76
82 78
82 83
82 84
82 86
82 87
82 89
82 91
82 93
82 98
83 3
83 4
83 5
83 8
83 9
83 10
83 11
83 14
83 15
83 16
83 17
83 18
83 19
83 22
83 23
83 25
83 26
83 28
83 29
83 30
83 32
83 33
83 35
83 38
83 40
83 51
83 52
83 53
83 54
83 55
83 58
83 59
83 61
83 62
83 63
83 65
83 66
83 68
83 69
83 70
83 71
83 72
83 76
83 78
83 80
83 82
83 84
83 85
83 86
83 87
83 88
83 89
83 90
83 91
83 92
83 93
83 95
83 96
83 99
83 100
84 1
84 3
84 5
84 6
84 8
84 9
84 10
84 11
84 12
84 13
84 14
84 16
84 17
84 20
84 22
84 23
84 24
84 25
84 26
84 29
84 30
84 32
84 33
84 34
84 35
84 38
84 39
84 41
84 42
84 43
84 46
84 48
84 51
84 52
84 55
84 56
84 58
84 59
84 60
84 61
84 65
84 69
84 70
84 71
84 74
84 77
84 78
84 79
84 81
84 82
84 83
84 85
84 86
84 88
84 89
84 90
84 91
84 92
84 93
84 95
84 96
84 98
84 100
85 2
85 5
85 6
85 7
85 8
85 9
85 10
85 12
85 13
85 14
85 15
85 16
85 17
85 18
85 19
85 20
85 22
85 23
85 24
85 25
85 26
85 27
85 28
85 32
85 36
85 37
85 40
85 41
85 45
85 46
85 50
85 51
85 52
85 53
85 55
85 56
85 57
85 58
85 63
85 64
85 65
85 66
85 67
85 69
85 73
85 78
85 79
85 80
85 83
85 84
85 86
85 87
85 88
85 90
85 91
85 93
85 96
85 97
85 98
85 99
85 100
86 1
86 2
86 3
86 4
86 5
86 6
86 8
86 9
86 10
86 11
86 12
86 13
86 14
86 15
86 18
86 19
86 20
86 21
86 22
86 23
86 26
86 28
86 29
86 30
86 31
86 32
86 33
86 34
86 36
86 37
86 38
86 39
86 40
86 42
86 43
86 46
86 47
86 48
86 49
86 50
86 51
86 56
86 60
86 62
86 65
86 66
86 70
86 71
86 73
86 74
86 76
86 77
86 78
86 79
86 81
86 82
86 83
86 84
86 85
86 90
86 92
86 95
86 97
86 98
86 100
87 1
87 3
87 7
87 8
87 9
87 10
87 11
87 14
87 16
87 17
87 20
87 21
87 23
87 25
87 27
87 28
87 30
87 31
87 33
87 35
87 41
87 44
87 45
87 46
87 48
87 49
87 50
87 53
87 55
87 56
87 59
87 60
87 62
87 64
87 65
87 66
87 68
87 70
87 72
87 73
87 75
87 76
87 79
87 80
87 82
87 83
87 85
87 89
87 93
87 96
87 99
87 100
88 4
88 5
88 6
88 8
88 10
88 13
88 14
88 15
88 16
88 17
88 18
88 19
88 20
88 21
88 22
88 23
88 24
88 25
88 26
88 29
88 32
88 33
88 34
88 35
88 36
88 37
88 38
88 40
88 41
88 43
88 45
88 48
88 51
88 52
88 53
88 54
88 56
88 57
88 59
88 61
88 65
88 66
88 69
88 70
88 74
88 75
88 77
88 78
88 79
88 80
88 81
88 83
88 84
88 85
88 89
88 91
88 92
88 94
88 95
88 99
89 5
89 7
89 10
89 11
89 12
89 15
89 16
89 18
89 19
89 21
89 29
89 30
89 31
89 33
89 34
89 36
89 38
89 39
89 41
89 42
89 43
89 44
89 46
89 48
89 49
89 54
89 56
89 59
89 61
89 63
89 64
89 66
89 67
89 70
89 71
89 72
89 74
89 76
89 78
89 79
89 80
89 81
89 82
89 83
89 84
89 87
89 88
89 90
89 91
89 92
89 94
89 95
89 96
89 97
89 99
90 1
90 4
90 5
90 6
90 8
90 11
90 12
90 13
90 14
90 15
90 16
90 18
90 19
90 20
90 21
90 24
90 25
90 29
90 31
90 32
90 33
90 36
90 37
90 38
90 39
90 42
90 43
90 46
90 47
90 48
90 49
90 50
90 51
90 52
90 55
90 58
90 59
90 60
90 61
90 63
90 65
90 67
90 68
90 70
90 71
90 72
90 74
90 76
90 77
90 78
90 83
90 84
90 85
90 86
90 89
90 91
90 92
90 93
90 95
90 96
90 97
90 98
90 99
90 100
91 2
91 3
91 6
91 7
91 8
91 12
91 13
91 15
91 16
91 17
91 18
91 20
91 21
91 28
91 29
91 30
91 32
91 34
91 35
91 36
91 37
91 39
91 40
91 41
91 42
91 43
91 44
91 46
91 47
91 51
91 53
91 58
91 60
91 62
91 63
91 64
91 65
91 67
91 68
91 70
91 72
91 73
91 74
91 75
91 76
91 77
91 79
91 80
91 81
91 82
91 83
91 84
91 85
91 88
91 89
91 90
91 92
91 93
91 97
91 99
92 1
92 2
92 3
92 5
92 7
92 10
92 12
92 13
92 14
92 15
92 16
92 17
92 18
92 19
92 22
92 23
92 25
92 26
92 28
92 29
92 30
92 33
92 35
92 37
92 38
92 39
92 40
92 41
92 44
92 45
92 46
92 47
92 48
92 49
92 51
92 52
92 53
92 55
92 56
92 57
92 58
92 60
92 61
92 62
92 64
92 65
92 66
92 67
92 68
92 70
92 71
92 72
92 73
92 74
92 78
92 79
92 80
92 81
92 83
92 84
92 86
92 88
92 89
92 90
92 91
92 93
92 95
92 96
92 100
93 4
93 6
93 8
93 9
93 10
93 11
93 12
93 13
93 14
93 15
93 16
93 19
93 20
93 21
93 22
93 23
93 24
93 25
93 27
93 28
93 29
93 30
93 31
93 32
93 33
93 34
93 35
93 36
93 37
93 39
93 40
93 41
93 42
93 44
93 45
93 46
93 47
93 49
93 51
93 52
93 54
93 56
93 58
93 59
93 60
93 61
93 63
93 64
93 65
93 66
93 68
93 69
93 72
93 74
93 75
93 76
93 80
93 82
93 83
93 84
93 85
93 87
93 90
93 91
93 92
93 94
93 98
93 99
94 1
94 3
94 4
94 5
94 6
94 7
94 10
94 12
94 14
94 16
94 25
94 29
94 30
94 31
94 32
94 33
94 35
94 39
94 40
94 41
94 42
94 43
94 44
94 45
94 46
94 48
94 49
94 50
94 53
94 54
94 55
94 56
94 57
94 59
94 61
94 63
94 66
94 68
94 69
94 70
94 71
94 72
94 73
94 76
94 77
94 78
94 79
94 80
94 81
94 88
94 89
94 93
94 95
94 96
94 97
94 98
94 100
95 1
95 3
95 4
95 5
95 6
95 7
95 9
95 10
95 11
95 12
95 13
95 15
95 17
95 18
95 19
95 21
95 22
95 23
95 24
95 25
95 26
95 30
95 32
95 33
95 34
95 35
95 36
95 37
95 39
95 40
95 41
95 42
95 44
95 49
95 50
95 51
95 52
95 54
95 57
95 58
95 59
95 60
95 61
95 63
95 64
95 66
95 68
95 69
95 70
95 71
95 72
95 74
95 75
95 76
95 77
95 78
95 83
95 84
95 86
95 88
95 89
95 90
95 92
95 94
95 96
95 98
95 99
95 100
96 4
96 8
96 9
96 11
96 12
96 20
96 21
96 22
96 24
96 26
96 27
96 28
96 29
96 30
96 32
96 35
96 36
96 37
96 38
96 39
96 40
96 44
96 45
96 47
96 48
96 49
96 51
96 52
96 55
96 56
96 57
96 58
96 59
96 60
96 61
96 62
96 67
96 68
96 69
96 70
96 71
96 73
96 74
96 76
96 77
96 78
96 79
96 80
96 81
96 83
96 84
96 85
96 87
96 89
96 90
96 92
96 94
96 95
96 97
96 98
96 99
96 100
97 1
97 4
97 5
97 6
97 7
97 9
97 10
97 11
97 13
97 14
97 15
97 18
97 19
97 20
97 21
97 22
97 24
97 27
97 28
97 31
97 32
97 33
97 34
97 37
97 38
97 41
97 43
97 47
97 49
97 50
97 51
97 52
97 54
97 55
97 56
97 57
97 61
97 62
97 64
97 65
97 67
97 69
97 74
97 75
97 78
97 79
97 85
97 86
97 89
97 90
97 91
97 94
97 96
97 98
97 100
98 2
98 3
98 4
98 6
98 8
98 9
98 15
98 16
98 20
98 21
98 22
98 23
98 25
98 27
98 28
98 29
98 30
98 32
98 37
98 38
98 39
98 40
98 43
98 47
98 50
98 51
98 52
98 55
98 57
98 59
98 63
98 64
98 65
98 66
98 67
98 68
98 69
98 70
98 71
98 72
98 74
98 78
98 79
98 80
98 82
98 84
98 85
98 86
98 90
98 93
98 94
98 95
98 96
98 97
98 99
98 100
99 2
99 3
99 4
99 5
99 6
99 7
99 10
99 11
99 12
99 13
99 14
99 15
99 16
99 17
99 18
99 19
99 20
99 23
99 24
99 25
99 26
99 27
99 28
99 30
99 31
99 32
99 34
99 35
99 40
99 41
99 42
99 45
99 47
99 52
99 53
99 55
99 56
99 58
99 59
99 60
99 61
99 62
99 67
99 69
99 70
99 71
99 73
99 74
99 77
99 78
99 79
99 80
99 81
99 83
99 85
99 87
99 88
99 89
99 90
99 91
99 93
99 95
99 96
99 98
100 3
100 4
100 6
100 7
100 9
100 10
100 13
100 14
100 15
100 16
100 17
100 19
100 20
100 22
100 23
100 24
100 25
100 26
100 27
100 28
100 29
100 30
100 31
100 33
100 35
100 38
100 39
100 40
100 43
100 44
100 45
100 46
100 49
100 52
100 54
100 55
100 56
100 57
100 58
100 62
100 64
100 66
100 67
100 68
100 69
100 71
100 72
100 75
100 77
100 78
100 80
100 83
100 84
100 85
100 86
100 87
100 90
100 92
100 94
100 95
100 96
100 97
100 98
