100
1 2
1 4
1 5
1 6
1 10
1 14
1 18
1 21
1 22
1 24
1 28
1 30
1 31
1 32
1 34
1 36
1 37
1 39
1 42
1 47
1 53
1 59
1 61
1 65
1 69
1 73
1 74
1 78
1 79
1 80
1 83
1 85
1 89
1 90
1 93
1 95
1 97
1 98
2 1
2 5
2 9
2 10
2 13
2 15
2 21
2 24
2 25
2 26
2 33
2 42
2 43
2 44
2 45
2 51
2 52
2 53
2 55
2 61
2 63
2 65
2 66
2 67
2 69
2 70
2 73
2 75
2 76
2 78
2 81
2 88
2 89
2 91
2 92
2 93
2 94
2 95
2 99
3 4
3 5
3 8
3 9
3 11
3 15
3 16
3 17
3 19
3 21
3 22
3 25
3 28
3 29
3 30
3 31
3 32
3 37
3 41
3 42
3 44
3 47
3 50
3 53
3 56
3 58
3 60
3 61
3 62
3 71
3 73
3 74
3 78
3 80
3 81
3 86
3 90
3 93
3 96
3 100
4 1
4 3
4 5
4 6
4 10
4 12
4 19
4 20
4 24
4 26
4 29
4 30
4 33
4 36
4 41
4 45
4 46
4 48
4 50
4 51
4 52
4 53
4 57
4 63
4 66
4 71
4 72
4 74
4 75
4 77
4 78
4 80
4 81
4 88
4 96
4 99
5 1
5 2
5 3
5 4
5 7
5 10
5 12
5 15
5 17
5 20
5 22
5 24
5 25
5 26
5 29
5 34
5 35
5 37
5 38
5 42
5 47
5 49
5 51
5 54
5 58
5 62
5 65
5 66
5 67
5 69
5 72
5 73
5 75
5 82
5 88
5 89
5 91
5 93
5 94
5 96
5 98
6 1
6 4
6 10
6 11
6 14
6 19
6 27
6 28
6 30
6 31
6 34
6 35
6 36
6 37
6 39
6 42
6 43
6 44
6 46
6 47
6 51
6 55
6 60
6 62
6 66
6 68
6 69
6 73
6 75
6 79
6 83
6 87
6 89
6 90
6 92
6 93
6 95
6 97
6 98
6 99
6 100
7 5
7 10
7 14
7 18
7 19
7 21
7 24
7 25
7 31
7 38
7 39
7 44
7 49
7 51
7 55
7 58
7 61
7 62
7 63
7 65
7 66
7 68
7 72
7 73
7 76
7 78
7 79
7 80
7 89
7 91
7 94
7 99
8 3
8 9
8 10
8 12
8 13
8 15
8 18
8 21
8 24
8 25
8 28
8 29
8 31
8 33
8 34
8 39
8 45
8 48
8 49
8 50
8 51
8 55
8 60
8 64
8 66
8 67
8 68
8 69
8 71
8 79
8 81
8 83
8 84
8 86
8 90
8 93
8 94
8 96
8 97
8 98
8 99
8 100
9 2
9 3
9 8
9 20
9 26
9 29
9 32
9 33
9 34
9 35
9 39
9 46
9 49
9 50
9 51
9 59
9 60
9 61
9 64
9 65
9 69
9 71
9 72
9 75
9 76
9 77
9 78
9 91
9 93
9 94
9 99
9 100
10 1
10 2
10 4
10 5
10 6
10 7
10 8
10 11
10 13
10 17
10 18
10 19
10 20
10 26
10 27
10 28
10 29
10 31
10 36
10 39
10 41
10 46
10 48
10 50
10 52
10 57
10 59
10 62
10 67
10 69
10 73
10 74
10 76
10 80
10 82
10 83
10 84
10 86
10 88
10 89
10 90
10 99
11 3
11 6
11 10
11 13
11 15
11 19
11 21
11 33
11 35
11 36
11 41
11 42
11 43
11 44
11 50
11 51
11 57
11 58
11 62
11 63
11 66
11 73
11 80
11 81
11 89
11 95
12 4
12 5
12 8
12 13
12 14
12 21
12 23
12 25
12 28
12 31
12 32
12 36
12 37
12 38
12 39
12 43
12 47
12 48
12 51
12 52
12 53
12 55
12 60
12 62
12 65
12 68
12 70
12 72
12 75
12 76
12 83
12 84
12 86
12 88
12 89
12 90
12 93
12 98
12 100
13 2
13 8
13 10
13 11
13 12
13 15
13 16
13 18
13 22
13 23
13 26
13 27
13 29
13 30
13 32
13 35
13 36
13 38
13 40
13 41
13 42
13 46
13 47
13 50
13 55
13 58
13 60
13 63
13 66
13 71
13 74
13 75
13 81
13 82
13 85
13 92
13 95
13 97
14 1
14 6
14 7
14 12
14 18
14 21
14 22
14 23
14 25
14 27
14 28
14 29
14 33
14 35
14 38
14 42
14 43
14 44
14 46
14 47
14 55
14 59
14 60
14 61
14 63
14 65
14 67
14 71
14 72
14 73
14 74
14 75
14 76
14 78
14 82
14 84
14 85
14 86
14 87
14 92
14 95
14 96
14 98
15 2
15 3
15 5
15 8
15 11
15 13
15 18
15 23
15 25
15 26
15 29
15 31
15 35
15 38
15 39
15 41
15 45
15 47
15 48
15 51
15 57
15 58
15 60
15 62
15 63
15 65
15 66
15 67
15 68
15 69
15 73
15 74
15 75
15 76
15 77
15 81
15 84
15 85
15 87
15 91
15 93
15 94
15 95
15 100
16 3
16 13
16 17
16 19
16 20
16 21
16 26
16 30
16 36
16 37
16 39
16 41
16 46
16 48
16 50
16 51
16 52
16 53
16 54
16 55
16 59
16 61
16 62
16 64
16 65
16 66
16 68
16 70
16 72
16 74
16 77
16 79
16 87
16 88
16 96
16 97
16 99
16 100
17 3
17 5
17 10
17 16
17 18
17 21
17 25
17 26
17 27
17 28
17 29
17 31
17 39
17 42
17 43
17 44
17 46
17 57
17 59
17 63
17 64
17 66
17 72
17 75
17 76
17 77
17 79
17 83
17 86
17 89
17 92
17 94
17 95
17 98
17 99
18 1
18 7
18 8
18 10
18 13
18 14
18 15
18 17
18 20
18 24
18 26
18 28
18 30
18 31
18 32
18 33
18 36
18 40
18 41
18 42
18 47
18 50
18 60
18 62
18 65
18 67
18 69
18 71
18 75
18 77
18 80
18 81
18 90
18 92
18 94
18 98
18 100
19 3
19 4
19 6
19 7
19 10
19 11
19 16
19 27
19 28
19 34
19 39
19 42
19 43
19 44
19 45
19 48
19 59
19 60
19 62
19 64
19 67
19 71
19 74
19 77
19 78
19 81
19 82
19 85
19 87
19 89
19 90
19 99
19 100
20 4
20 5
20 9
20 10
20 16
20 18
20 23
20 26
20 29
20 30
20 35
20 37
20 38
20 42
20 44
20 48
20 50
20 51
20 53
20 55
20 57
20 58
20 62
20 63
20 64
20 65
20 67
20 68
20 69
20 70
20 72
20 75
20 78
20 80
20 82
20 84
20 85
20 86
20 88
20 90
20 92
20 97
20 99
21 1
21 2
21 3
21 7
21 8
21 11
21 12
21 14
21 16
21 17
21 23
21 24
21 27
21 29
21 35
21 38
21 39
21 42
21 43
21 46
21 49
21 50
21 51
21 54
21 55
21 56
21 57
21 58
21 59
21 60
21 62
21 63
21 64
21 65
21 66
21 80
21 82
21 84
21 85
21 86
21 90
21 92
21 93
21 95
21 100
22 1
22 3
22 5
22 13
22 14
22 24
22 29
22 31
22 36
22 38
22 39
22 40
22 42
22 44
22 48
22 50
22 52
22 57
22 58
22 59
22 61
22 63
22 64
22 69
22 76
22 77
22 81
22 83
22 86
22 87
22 89
22 92
22 93
22 95
22 97
23 12
23 13
23 14
23 15
23 20
23 21
23 24
23 26
23 32
23 33
23 34
23 38
23 39
23 40
23 41
23 45
23 46
23 50
23 53
23 61
23 65
23 67
23 70
23 72
23 73
23 74
23 76
23 77
23 78
23 86
23 88
23 92
23 94
23 97
23 100
24 1
24 2
24 4
24 5
24 7
24 8
24 18
24 21
24 22
24 23
24 26
24 28
24 33
24 35
24 36
24 37
24 41
24 42
24 43
24 45
24 47
24 49
24 50
24 54
24 55
24 56
24 57
24 58
24 63
24 65
24 70
24 73
24 74
24 76
24 78
24 79
24 83
24 89
24 92
24 93
24 94
24 95
24 96
24 97
25 2
25 3
25 5
25 7
25 8
25 12
25 14
25 15
25 17
25 27
25 37
25 38
25 40
25 43
25 45
25 49
25 50
25 51
25 54
25 55
25 57
25 63
25 71
25 72
25 75
25 83
25 84
25 86
25 89
25 91
26 2
26 4
26 5
26 9
26 10
26 13
26 15
26 16
26 17
26 18
26 20
26 23
26 24
26 28
26 30
26 35
26 39
26 40
26 48
26 50
26 52
26 53
26 59
26 60
26 62
26 63
26 64
26 67
26 68
26 71
26 73
26 74
26 75
26 78
26 79
26 82
26 83
26 85
26 91
26 92
26 93
26 96
26 97
26 99
27 6
27 10
27 13
27 14
27 17
27 19
27 21
27 25
27 28
27 29
27 30
27 33
27 38
27 41
27 43
27 46
27 49
27 50
27 52
27 53
27 55
27 56
27 59
27 61
27 62
27 64
27 66
27 69
27 73
27 76
27 78
27 79
27 82
27 84
27 85
27 94
27 100
28 1
28 3
28 6
28 8
28 10
28 12
28 14
28 17
28 18
28 19
28 24
28 26
28 27
28 30
28 36
28 38
28 41
28 43
28 44
28 52
28 53
28 55
28 59
28 65
28 66
28 71
28 76
28 78
28 80
28 81
28 83
28 89
28 91
28 93
28 94
28 95
28 96
28 97
28 100
29 3
29 4
29 5
29 8
29 9
29 10
29 13
29 14
29 15
29 17
29 20
29 21
29 22
29 27
29 30
29 33
29 39
29 41
29 43
29 44
29 45
29 46
29 48
29 53
29 56
29 62
29 63
29 65
29 66
29 68
29 69
29 72
29 73
29 74
29 77
29 78
29 81
29 83
29 84
29 88
29 90
29 91
29 94
29 95
29 96
29 97
29 99
30 1
30 3
30 4
30 6
30 13
30 16
30 18
30 20
30 26
30 27
30 28
30 29
30 33
30 40
30 41
30 43
30 45
30 48
30 49
30 50
30 51
30 53
30 56
30 58
30 59
30 63
30 70
30 73
30 74
30 79
30 80
30 81
30 84
30 86
30 88
30 89
30 90
30 93
30 95
30 96
30 99
31 1
31 3
31 6
31 7
31 8
31 10
31 12
31 15
31 17
31 18
31 22
31 32
31 34
31 36
31 45
31 46
31 49
31 50
31 51
31 53
31 54
31 57
31 58
31 62
31 67
31 69
31 73
31 76
31 77
31 80
31 88
31 96
31 97
31 100
32 1
32 3
32 9
32 12
32 13
32 18
32 23
32 31
32 34
32 35
32 36
32 39
32 43
32 44
32 46
32 47
32 50
32 51
32 52
32 54
32 55
32 57
32 60
32 61
32 64
32 65
32 66
32 67
32 69
32 72
32 74
32 75
32 76
32 78
32 79
32 81
32 82
32 83
32 84
32 85
32 87
32 91
32 93
32 96
32 97
32 98
32 99
33 2
33 4
33 8
33 9
33 11
33 14
33 18
33 23
33 24
33 27
33 29
33 30
33 38
33 40
33 41
33 43
33 50
33 52
33 53
33 55
33 67
33 71
33 72
33 74
33 75
33 76
33 87
33 95
33 98
33 99
34 1
34 5
34 6
34 8
34 9
34 19
34 23
34 31
34 32
34 39
34 40
34 41
34 47
34 51
34 52
34 56
34 57
34 63
34 68
34 69
34 71
34 72
34 73
34 75
34 80
34 83
34 84
34 85
34 88
34 91
34 94
34 96
34 97
34 100
35 5
35 6
35 9
35 11
35 13
35 14
35 15
35 20
35 21
35 24
35 26
35 32
35 36
35 38
35 39
35 43
35 46
35 55
35 57
35 60
35 66
35 68
35 71
35 72
35 74
35 78
35 79
35 80
35 82
35 87
35 89
35 90
35 91
35 93
35 95
36 1
36 4
36 6
36 10
36 11
36 12
36 13
36 16
36 18
36 22
36 24
36 28
36 31
36 32
36 35
36 38
36 40
36 42
36 45
36 46
36 47
36 50
36 51
36 52
36 53
36 56
36 57
36 61
36 64
36 66
36 71
36 72
36 73
36 76
36 77
36 78
36 79
36 81
36 85
36 93
36 95
36 97
36 100
37 1
37 3
37 5
37 6
37 12
37 16
37 20
37 24
37 25
37 38
37 39
37 41
37 42
37 43
37 47
37 51
37 52
37 53
37 56
37 59
37 60
37 61
37 62
37 68
37 71
37 72
37 77
37 78
37 79
37 80
37 83
37 84
37 92
37 93
37 94
37 97
37 99
37 100
38 5
38 7
38 12
38 13
38 14
38 15
38 20
38 21
38 22
38 23
38 25
38 27
38 28
38 33
38 35
38 36
38 37
38 40
38 41
38 42
38 43
38 49
38 55
38 58
38 59
38 60
38 61
38 62
38 63
38 69
38 71
38 75
38 76
38 79
38 80
38 85
38 88
38 89
38 90
38 91
38 93
38 94
38 95
38 97
38 99
38 100
39 1
39 6
39 7
39 8
39 9
39 10
39 12
39 15
39 16
39 17
39 19
39 21
39 22
39 23
39 26
39 29
39 32
39 34
39 35
39 37
39 43
39 46
39 48
39 49
39 51
39 52
39 53
39 56
39 57
39 63
39 66
39 67
39 71
39 77
39 78
39 82
39 86
39 88
39 91
39 92
39 95
39 100
40 13
40 18
40 22
40 23
40 25
40 26
40 30
40 33
40 34
40 36
40 38
40 43
40 47
40 48
40 49
40 53
40 56
40 58
40 59
40 61
40 62
40 72
40 73
40 78
40 79
40 80
40 83
40 94
40 95
40 99
41 3
41 4
41 10
41 11
41 13
41 15
41 16
41 18
41 23
41 24
41 27
41 28
41 29
41 30
41 33
41 34
41 37
41 38
41 44
41 45
41 48
41 49
41 52
41 55
41 56
41 58
41 60
41 66
41 70
41 71
41 74
41 75
41 76
41 79
41 80
41 81
41 82
41 86
41 87
41 95
41 96
41 100
42 1
42 2
42 3
42 5
42 6
42 11
42 13
42 14
42 17
42 18
42 19
42 20
42 21
42 22
42 24
42 36
42 37
42 38
42 43
42 44
42 48
42 51
42 53
42 56
42 57
42 59
42 60
42 63
42 68
42 74
42 75
42 78
42 80
42 81
42 82
42 83
42 84
42 85
42 87
42 89
42 90
42 91
42 94
42 95
42 97
42 98
43 2
43 6
43 11
43 12
43 14
43 17
43 19
43 21
43 24
43 25
43 27
43 28
43 29
43 30
43 32
43 33
43 35
43 37
43 38
43 39
43 40
43 42
43 49
43 51
43 55
43 58
43 62
43 64
43 69
43 70
43 71
43 72
43 75
43 79
43 81
43 84
43 85
43 87
43 89
43 90
43 91
43 94
43 95
43 98
44 2
44 3
44 6
44 7
44 11
44 14
44 17
44 19
44 20
44 22
44 28
44 29
44 32
44 41
44 42
44 46
44 47
44 48
44 49
44 50
44 52
44 58
44 66
44 68
44 69
44 72
44 74
44 75
44 77
44 83
44 86
44 87
44 98
44 100
45 2
45 4
45 8
45 15
45 19
45 23
45 24
45 25
45 29
45 30
45 31
45 36
45 41
45 47
45 48
45 49
45 50
45 51
45 52
45 59
45 61
45 63
45 64
45 67
45 70
45 71
45 75
45 78
45 82
45 85
45 89
45 91
45 93
45 96
45 99
45 100
46 4
46 6
46 9
46 10
46 13
46 14
46 16
46 17
46 21
46 23
46 27
46 29
46 31
46 32
46 35
46 36
46 39
46 44
46 49
46 51
46 52
46 55
46 56
46 60
46 66
46 69
46 71
46 72
46 81
46 82
46 87
46 92
46 93
46 95
46 96
46 97
46 98
46 99
46 100
47 1
47 3
47 5
47 6
47 12
47 13
47 14
47 15
47 18
47 24
47 32
47 34
47 36
47 37
47 40
47 44
47 45
47 48
47 55
47 56
47 58
47 60
47 61
47 63
47 64
47 68
47 75
47 78
47 79
47 80
47 81
47 82
47 84
47 85
47 87
47 88
47 93
47 95
47 99
48 4
48 8
48 10
48 12
48 15
48 16
48 19
48 20
48 22
48 26
48 29
48 30
48 39
48 40
48 41
48 42
48 44
48 45
48 47
48 49
48 51
48 52
48 54
48 55
48 61
48 67
48 69
48 70
48 78
48 80
48 82
48 83
48 84
48 85
48 86
48 87
48 89
48 94
48 97
48 98
48 100
49 5
49 7
49 8
49 9
49 21
49 24
49 25
49 27
49 30
49 31
49 38
49 39
49 40
49 41
49 43
49 44
49 45
49 46
49 48
49 50
49 52
49 54
49 55
49 60
49 62
49 63
49 65
49 66
49 69
49 78
49 80
49 81
49 82
49 83
49 90
49 93
49 98
50 3
50 4
50 8
50 9
50 10
50 11
50 13
50 16
50 18
50 20
50 21
50 22
50 23
50 24
50 25
50 26
50 27
50 30
50 31
50 32
50 33
50 36
50 44
50 45
50 49
50 51
50 53
50 54
50 60
50 61
50 63
50 70
50 74
50 77
50 78
50 79
50 83
50 84
50 86
50 89
50 90
50 91
50 95
50 97
50 99
50 100
51 2
51 4
51 5
51 6
51 7
51 8
51 9
51 11
51 12
51 15
51 16
51 20
51 21
51 25
51 30
51 31
51 32
51 34
51 36
51 37
51 39
51 42
51 43
51 45
51 46
51 48
51 50
51 52
51 53
51 54
51 55
51 59
51 60
51 61
51 62
51 65
51 66
51 68
51 70
51 81
51 85
51 86
51 87
51 90
51 91
51 94
51 95
51 97
51 98
51 99
51 100
52 2
52 4
52 10
52 12
52 16
52 22
52 26
52 27
52 28
52 32
52 33
52 34
52 36
52 37
52 39
52 41
52 44
52 45
52 46
52 48
52 49
52 51
52 53
52 54
52 55
52 59
52 65
52 66
52 72
52 75
52 76
52 78
52 81
52 86
52 88
52 92
52 94
52 95
52 98
53 1
53 2
53 3
53 4
53 12
53 16
53 20
53 23
53 26
53 27
53 28
53 29
53 30
53 31
53 33
53 36
53 37
53 39
53 40
53 42
53 50
53 51
53 52
53 60
53 62
53 64
53 67
53 68
53 71
53 73
53 76
53 77
53 78
53 80
53 83
53 86
53 90
53 92
53 93
53 94
53 95
53 99
54 5
54 16
54 21
54 24
54 25
54 31
54 32
54 48
54 49
54 50
54 51
54 52
54 57
54 64
54 65
54 66
54 68
54 70
54 72
54 73
54 75
54 77
54 80
54 81
54 82
54 85
54 86
54 87
54 88
54 92
54 94
54 95
54 96
54 97
55 2
55 6
55 7
55 8
55 12
55 13
55 14
55 16
55 20
55 21
55 24
55 25
55 27
55 28
55 32
55 33
55 35
55 38
55 41
55 43
55 46
55 47
55 48
55 49
55 51
55 52
55 56
55 61
55 62
55 64
55 65
55 66
55 75
55 77
55 79
55 80
55 82
55 92
55 93
55 98
55 99
56 3
56 21
56 24
56 27
56 29
56 30
56 34
56 36
56 37
56 39
56 40
56 41
56 42
56 46
56 47
56 55
56 57
56 58
56 60
56 62
56 63
56 64
56 65
56 66
56 67
56 69
56 70
56 71
56 73
56 74
56 77
56 78
56 80
56 84
56 85
56 88
56 91
56 96
56 100
57 4
57 10
57 11
57 15
57 17
57 20
57 21
57 22
57 24
57 25
57 31
57 32
57 34
57 35
57 36
57 39
57 42
57 54
57 56
57 58
57 59
57 60
57 61
57 64
57 65
57 66
57 68
57 70
57 72
57 76
57 78
57 81
57 82
57 83
57 84
57 85
57 86
57 93
57 96
58 3
58 5
58 7
58 11
58 13
58 15
58 20
58 21
58 22
58 24
58 30
58 31
58 38
58 40
58 41
58 43
58 44
58 47
58 56
58 57
58 60
58 63
58 65
58 66
58 68
58 71
58 74
58 78
58 79
58 80
58 83
58 84
58 86
58 87
58 88
58 90
58 92
58 94
58 96
58 97
59 1
59 9
59 10
59 14
59 16
59 17
59 19
59 21
59 22
59 26
59 27
59 28
59 30
59 37
59 38
59 40
59 42
59 45
59 51
59 52
59 57
59 61
59 62
59 63
59 65
59 67
59 71
59 74
59 76
59 79
59 80
59 81
59 82
59 84
59 87
59 90
59 92
59 95
59 98
60 3
60 6
60 8
60 9
60 12
60 13
60 14
60 15
60 18
60 19
60 21
60 26
60 32
60 35
60 37
60 38
60 41
60 42
60 46
60 47
60 49
60 50
60 51
60 53
60 56
60 57
60 58
60 62
60 63
60 65
60 68
60 69
60 70
60 74
60 76
60 78
60 80
60 83
60 89
60 91
60 96
60 97
60 99
61 1
61 2
61 3
61 7
61 9
61 14
61 16
61 22
61 23
61 27
61 32
61 36
61 37
61 38
61 40
61 45
61 47
61 48
61 50
61 51
61 55
61 57
61 59
61 62
61 63
61 65
61 66
61 67
61 68
61 69
61 70
61 79
61 80
61 81
61 83
61 84
61 85
61 87
61 89
61 90
61 91
61 93
61 97
61 98
61 99
62 3
62 5
62 6
62 7
62 10
62 11
62 12
62 15
62 16
62 18
62 19
62 20
62 21
62 26
62 27
62 29
62 31
62 37
62 38
62 40
62 43
62 49
62 51
62 53
62 55
62 56
62 59
62 60
62 61
62 63
62 65
62 68
62 70
62 74
62 75
62 76
62 77
62 83
62 85
62 89
62 90
62 93
62 94
62 96
62 99
63 2
63 4
63 7
63 11
63 13
63 14
63 15
63 17
63 20
63 21
63 22
63 24
63 25
63 26
63 29
63 30
63 34
63 38
63 39
63 42
63 45
63 47
63 49
63 50
63 56
63 58
63 59
63 60
63 61
63 62
63 65
63 69
63 74
63 77
63 78
63 80
63 81
63 82
63 83
63 87
63 88
63 89
63 93
63 94
63 96
64 8
64 9
64 16
64 17
64 19
64 20
64 21
64 22
64 26
64 27
64 32
64 36
64 43
64 45
64 47
64 53
64 54
64 55
64 56
64 57
64 68
64 69
64 73
64 78
64 83
64 84
64 85
64 86
64 87
64 89
64 91
64 93
64 97
64 98
64 100
65 1
65 2
65 5
65 7
65 9
65 12
65 14
65 15
65 16
65 18
65 20
65 21
65 23
65 24
65 28
65 29
65 32
65 49
65 51
65 52
65 54
65 55
65 56
65 57
65 58
65 59
65 60
65 61
65 62
65 63
65 66
65 68
65 69
65 72
65 76
65 78
65 81
65 82
65 84
65 85
65 86
65 87
65 90
65 94
65 95
65 96
65 99
65 100
66 2
66 4
66 5
66 6
66 7
66 8
66 11
66 13
66 15
66 16
66 17
66 21
66 27
66 28
66 29
66 32
66 35
66 36
66 39
66 41
66 44
66 46
66 49
66 51
66 52
66 54
66 55
66 56
66 57
66 58
66 61
66 65
66 69
66 70
66 73
66 74
66 78
66 80
66 87
66 88
66 89
66 92
67 2
67 5
67 8
67 10
67 14
67 15
67 18
67 19
67 20
67 23
67 26
67 31
67 32
67 33
67 39
67 45
67 48
67 53
67 56
67 59
67 61
67 68
67 73
67 82
67 84
67 86
67 87
67 91
67 93
67 97
67 98
68 6
68 7
68 8
68 12
68 15
68 16
68 20
68 26
68 29
68 34
68 35
68 37
68 42
68 44
68 47
68 51
68 53
68 54
68 57
68 58
68 60
68 61
68 62
68 64
68 65
68 67
68 69
68 70
68 71
68 72
68 74
68 77
68 80
68 83
68 90
68 92
68 94
68 97
68 99
69 1
69 2
69 5
69 6
69 8
69 9
69 10
69 15
69 18
69 20
69 22
69 27
69 29
69 31
69 32
69 34
69 38
69 43
69 44
69 46
69 48
69 49
69 56
69 60
69 61
69 63
69 64
69 65
69 66
69 68
69 71
69 72
69 74
69 79
69 80
69 82
69 83
69 85
69 91
69 94
69 95
69 97
69 100
70 2
70 12
70 16
70 20
70 23
70 24
70 30
70 41
70 43
70 45
70 48
70 50
70 51
70 54
70 56
70 57
70 60
70 61
70 62
70 66
70 68
70 74
70 76
70 80
70 81
70 95
70 96
70 97
70 100
71 3
71 4
71 8
71 9
71 13
71 14
71 18
71 19
71 25
71 26
71 28
71 33
71 34
71 35
71 36
71 37
71 38
71 39
71 41
71 43
71 45
71 46
71 53
71 56
71 58
71 59
71 68
71 69
71 73
71 75
71 80
71 81
71 82
71 83
71 84
71 85
71 86
71 87
71 90
71 91
71 95
71 99
71 100
72 4
72 5
72 7
72 9
72 12
72 14
72 16
72 17
72 20
72 23
72 25
72 29
72 32
72 33
72 34
72 35
72 36
72 37
72 40
72 43
72 44
72 46
72 52
72 54
72 57
72 65
72 68
72 69
72 73
72 74
72 75
72 77
72 80
72 82
72 83
72 85
72 86
72 88
72 90
72 91
72 95
72 96
73 1
73 2
73 3
73 5
73 6
73 7
73 10
73 11
73 14
73 15
73 23
73 24
73 26
73 27
73 29
73 30
73 31
73 34
73 36
73 40
73 53
73 54
73 56
73 64
73 66
73 67
73 71
73 72
73 76
73 77
73 83
73 88
73 89
73 91
73 93
73 100
74 1
74 3
74 4
74 10
74 13
74 14
74 15
74 16
74 19
74 23
74 24
74 26
74 29
74 30
74 32
74 33
74 35
74 41
74 42
74 44
74 50
74 56
74 58
74 59
74 60
74 62
74 63
74 66
74 68
74 69
74 70
74 72
74 75
74 76
74 78
74 79
74 80
74 87
74 88
74 89
74 90
74 91
74 92
74 93
75 2
75 4
75 5
75 6
75 9
75 12
75 13
75 14
75 15
75 17
75 18
75 20
75 25
75 26
75 32
75 33
75 34
75 38
75 41
75 42
75 43
75 44
75 45
75 47
75 52
75 54
75 55
75 62
75 71
75 72
75 74
75 76
75 77
75 78
75 80
75 81
75 82
75 86
75 88
75 89
75 90
75 91
75 92
75 94
75 97
76 2
76 7
76 9
76 10
76 12
76 14
76 15
76 17
76 22
76 23
76 24
76 27
76 28
76 31
76 32
76 33
76 36
76 38
76 41
76 52
76 53
76 57
76 59
76 60
76 62
76 65
76 70
76 73
76 74
76 75
76 78
76 81
76 82
76 87
76 92
76 93
76 98
76 100
77 4
77 9
77 15
77 16
77 17
77 18
77 19
77 22
77 23
77 29
77 31
77 36
77 37
77 39
77 44
77 50
77 53
77 54
77 55
77 56
77 62
77 63
77 68
77 72
77 73
77 75
77 79
77 81
77 82
77 83
77 90
77 93
77 94
77 95
77 96
77 99
78 1
78 2
78 3
78 4
78 7
78 9
78 14
78 19
78 20
78 23
78 24
78 26
78 27
78 28
78 29
78 32
78 35
78 36
78 37
78 39
78 40
78 42
78 45
78 47
78 48
78 49
78 50
78 52
78 53
78 56
78 57
78 58
78 60
78 63
78 64
78 65
78 66
78 74
78 75
78 76
78 86
78 93
78 94
78 97
79 1
79 6
79 7
79 8
79 16
79 17
79 24
79 26
79 27
79 30
79 32
79 35
79 36
79 37
79 38
79 40
79 41
79 43
79 47
79 50
79 55
79 58
79 59
79 61
79 69
79 74
79 77
79 81
79 82
79 83
79 87
79 91
79 92
79 93
79 94
79 95
79 97
79 98
80 1
80 3
80 4
80 7
80 10
80 11
80 18
80 20
80 21
80 28
80 30
80 31
80 34
80 35
80 37
80 38
80 40
80 41
80 42
80 47
80 48
80 49
80 53
80 54
80 55
80 56
80 58
80 59
80 60
80 61
80 63
80 66
80 68
80 69
80 70
80 71
80 72
80 74
80 75
80 82
80 90
80 98
80 99
81 2
81 3
81 4
81 8
81 11
81 13
81 15
81 18
81 19
81 22
81 28
81 29
81 30
81 32
81 36
81 41
81 42
81 43
81 46
81 47
81 49
81 51
81 52
81 54
81 57
81 59
81 61
81 63
81 65
81 70
81 71
81 75
81 76
81 77
81 79
81 84
81 86
81 87
81 89
81 90
81 91
82 5
82 10
82 13
82 14
82 19
82 20
82 21
82 26
82 27
82 32
82 35
82 39
82 41
82 42
82 45
82 46
82 47
82 48
82 49
82 54
82 55
82 57
82 59
82 63
82 65
82 67
82 69
82 71
82 72
82 75
82 76
82 77
82 79
82 80
82 86
82 87
82 89
82 98
83 1
83 6
83 8
83 10
83 12
83 17
83 22
83 24
83 25
83 26
83 28
83 29
83 32
83 34
83 37
83 40
83 42
83 44
83 48
83 49
83 50
83 53
83 57
83 58
83 60
83 61
83 62
83 63
83 64
83 68
83 69
83 71
83 72
83 73
83 77
83 79
83 91
83 96
83 99
84 8
84 10
84 12
84 14
84 15
84 20
84 21
84 25
84 27
84 29
84 30
84 32
84 34
84 37
84 42
84 43
84 47
84 48
84 50
84 56
84 57
84 58
84 59
84 61
84 64
84 65
84 67
84 71
84 81
84 90
84 91
84 95
84 100
85 1
85 13
85 14
85 15
85 19
85 20
85 21
85 26
85 27
85 32
85 34
85 36
85 38
85 42
85 43
85 45
85 47
85 48
85 51
85 54
85 56
85 57
85 61
85 62
85 64
85 65
85 69
85 71
85 72
85 90
85 92
85 93
85 95
85 96
85 97
85 98
86 3
86 8
86 10
86 12
86 14
86 17
86 20
86 21
86 22
86 23
86 25
86 30
86 39
86 41
86 44
86 48
86 50
86 51
86 52
86 53
86 54
86 57
86 58
86 64
86 65
86 67
86 71
86 72
86 75
86 78
86 81
86 82
86 91
86 93
86 95
86 96
86 97
87 6
87 14
87 15
87 16
87 19
87 22
87 32
87 33
87 35
87 41
87 42
87 43
87 44
87 46
87 47
87 48
87 51
87 54
87 58
87 59
87 61
87 63
87 64
87 65
87 66
87 67
87 71
87 74
87 76
87 79
87 81
87 82
87 91
87 93
87 94
87 95
87 96
87 97
87 99
87 100
88 2
88 4
88 5
88 10
88 12
88 16
88 20
88 23
88 29
88 30
88 31
88 34
88 38
88 39
88 47
88 52
88 54
88 56
88 58
88 63
88 66
88 72
88 73
88 74
88 75
88 89
88 92
88 95
88 98
89 1
89 2
89 5
89 6
89 7
89 10
89 11
89 12
89 17
89 19
89 22
89 24
89 25
89 28
89 30
89 35
89 38
89 42
89 43
89 45
89 48
89 50
89 60
89 61
89 62
89 63
89 64
89 66
89 73
89 74
89 75
89 81
89 82
89 88
89 93
90 1
90 3
90 6
90 8
90 10
90 12
90 18
90 19
90 20
90 21
90 29
90 30
90 35
90 38
90 42
90 43
90 49
90 50
90 51
90 53
90 58
90 59
90 61
90 62
90 65
90 68
90 71
90 72
90 74
90 75
90 77
90 80
90 81
90 84
90 85
90 93
90 98
90 100
91 2
91 5
91 7
91 9
91 15
91 25
91 26
91 28
91 29
91 32
91 34
91 35
91 38
91 39
91 42
91 43
91 45
91 50
91 51
91 56
91 60
91 61
91 64
91 67
91 69
91 71
91 72
91 73
91 74
91 75
91 79
91 81
91 83
91 84
91 86
91 87
91 92
91 95
91 96
91 97
91 98
91 99
91 100
92 2
92 6
92 13
92 14
92 17
92 18
92 20
92 21
92 22
92 23
92 24
92 26
92 37
92 39
92 46
92 52
92 53
92 54
92 55
92 58
92 59
92 66
92 68
92 74
92 75
92 76
92 79
92 85
92 88
92 91
92 94
92 96
92 97
92 98
92 100
93 1
93 2
93 3
93 5
93 6
93 8
93 9
93 12
93 15
93 21
93 22
93 24
93 26
93 28
93 30
93 32
93 35
93 36
93 37
93 38
93 45
93 46
93 47
93 49
93 53
93 55
93 57
93 61
93 62
93 63
93 64
93 67
93 73
93 74
93 76
93 77
93 78
93 79
93 85
93 86
93 87
93 89
93 90
93 95
93 99
93 100
94 2
94 5
94 7
94 8
94 9
94 15
94 17
94 18
94 23
94 24
94 27
94 28
94 29
94 34
94 37
94 38
94 40
94 42
94 43
94 48
94 51
94 52
94 53
94 54
94 58
94 62
94 63
94 65
94 68
94 69
94 75
94 77
94 78
94 79
94 87
94 92
94 98
94 100
95 1
95 2
95 6
95 11
95 13
95 14
95 15
95 17
95 21
95 22
95 24
95 28
95 29
95 30
95 33
95 35
95 36
95 38
95 39
95 40
95 41
95 42
95 43
95 46
95 47
95 50
95 51
95 52
95 53
95 54
95 59
95 65
95 69
95 70
95 71
95 72
95 77
95 79
95 84
95 85
95 86
95 87
95 88
95 91
95 93
95 96
95 97
95 100
96 3
96 4
96 5
96 8
96 14
96 16
96 24
96 26
96 28
96 29
96 30
96 31
96 32
96 34
96 41
96 45
96 46
96 54
96 56
96 57
96 58
96 60
96 62
96 63
96 65
96 70
96 72
96 77
96 83
96 85
96 86
96 87
96 91
96 92
96 95
96 100
97 1
97 6
97 8
97 13
97 16
97 20
97 22
97 23
97 24
97 26
97 28
97 29
97 31
97 32
97 34
97 36
97 37
97 38
97 42
97 46
97 48
97 50
97 51
97 54
97 58
97 60
97 61
97 64
97 67
97 68
97 69
97 70
97 75
97 78
97 79
97 85
97 86
97 87
97 91
97 92
97 95
98 1
98 5
98 6
98 8
98 12
98 14
98 17
98 18
98 32
98 33
98 42
98 43
98 44
98 46
98 48
98 49
98 51
98 52
98 55
98 59
98 61
98 64
98 67
98 76
98 79
98 80
98 82
98 85
98 88
98 90
98 91
98 92
98 94
98 99
98 100
99 2
99 4
99 6
99 7
99 8
99 9
99 10
99 16
99 17
99 19
99 20
99 26
99 29
99 30
99 32
99 33
99 37
99 38
99 40
99 45
99 46
99 47
99 50
99 51
99 53
99 55
99 60
99 61
99 62
99 65
99 68
99 71
99 77
99 80
99 83
99 87
99 91
99 93
99 98
100 3
100 6
100 8
100 9
100 12
100 15
100 16
100 18
100 19
100 21
100 23
100 27
100 28
100 31
100 34
100 36
100 37
100 38
100 39
100 41
100 44
100 45
100 46
100 48
100 50
100 51
100 56
100 64
100 65
100 69
100 70
100 71
100 73
100 76
100 84
100 87
100 90
100 91
100 92
100 93
100 94
100 95
100 96
100 98
