100
1 2
1 3
1 4
1 5
1 6
1 7
1 8
1 9
1 10
1 12
1 14
1 16
1 17
1 19
1 21
1 23
1 24
1 26
1 27
1 29
1 31
1 33
1 39
1 41
1 42
1 43
1 44
1 45
1 46
1 47
1 50
1 52
1 54
1 56
1 57
1 59
1 60
1 61
1 62
1 63
1 64
1 66
1 70
1 71
1 74
1 75
1 76
1 77
1 80
1 81
1 82
1 84
1 85
1 86
1 87
1 90
1 93
1 95
1 97
1 100
2 1
2 3
2 7
2 8
2 9
2 10
2 11
2 12
2 13
2 14
2 15
2 16
2 17
2 19
2 20
2 22
2 23
2 26
2 30
2 31
2 34
2 36
2 40
2 41
2 43
2 44
2 45
2 46
2 47
2 48
2 49
2 50
2 53
2 54
2 55
2 57
2 58
2 60
2 62
2 63
2 65
2 66
2 68
2 71
2 72
2 73
2 74
2 75
2 76
2 79
2 81
2 82
2 86
2 87
2 90
2 91
2 92
2 93
2 94
2 95
2 96
2 99
3 1
3 2
3 4
3 5
3 6
3 7
3 8
3 14
3 15
3 17
3 18
3 20
3 21
3 22
3 23
3 24
3 27
3 28
3 29
3 32
3 34
3 35
3 38
3 41
3 44
3 45
3 48
3 50
3 52
3 53
3 54
3 57
3 58
3 59
3 60
3 63
3 67
3 68
3 69
3 71
3 74
3 75
3 77
3 78
3 79
3 80
3 84
3 86
3 87
3 89
3 90
3 91
3 94
3 95
3 96
3 99
4 1
4 3
4 6
4 7
4 8
4 9
4 10
4 14
4 15
4 16
4 17
4 18
4 20
4 21
4 22
4 23
4 24
4 26
4 27
4 29
4 30
4 31
4 32
4 33
4 34
4 36
4 37
4 38
4 39
4 40
4 41
4 42
4 43
4 45
4 49
4 50
4 52
4 53
4 55
4 56
4 60
4 61
4 62
4 63
4 64
4 65
4 68
4 69
4 70
4 71
4 72
4 74
4 75
4 77
4 78
4 80
4 81
4 83
4 85
4 86
4 89
4 91
4 92
4 94
4 95
4 97
5 1
5 3
5 6
5 7
5 8
5 11
5 12
5 13
5 14
5 20
5 22
5 24
5 26
5 27
5 28
5 30
5 31
5 32
5 33
5 34
5 35
5 37
5 38
5 39
5 40
5 41
5 42
5 44
5 45
5 47
5 49
5 50
5 51
5 53
5 54
5 55
5 56
5 57
5 59
5 62
5 63
5 64
5 65
5 66
5 69
5 71
5 72
5 75
5 76
5 77
5 78
5 81
5 82
5 83
5 84
5 85
5 87
5 88
5 89
5 91
5 93
5 94
5 95
5 96
5 97
5 98
5 100
6 1
6 3
6 4
6 5
6 7
6 8
6 9
6 11
6 14
6 15
6 18
6 20
6 22
6 23
6 24
6 25
6 27
6 29
6 30
6 32
6 33
6 35
6 36
6 38
6 39
6 40
6 41
6 42
6 43
6 44
6 45
6 47
6 48
6 49
6 50
6 51
6 53
6 56
6 57
6 58
6 59
6 61
6 65
6 67
6 68
6 70
6 71
6 72
6 73
6 76
6 78
6 79
6 80
6 82
6 85
6 86
6 87
6 89
6 92
6 95
6 96
6 97
6 99
6 100
7 1
7 2
7 3
7 4
7 5
7 6
7 8
7 10
7 13
7 14
7 15
7 18
7 19
7 20
7 22
7 23
7 25
7 26
7 31
7 34
7 35
7 42
7 43
7 45
7 46
7 47
7 48
7 53
7 55
7 56
7 57
7 59
7 60
7 62
7 64
7 66
7 67
7 68
7 69
7 73
7 74
7 77
7 79
7 80
7 81
7 83
7 86
7 92
7 93
7 94
7 95
7 97
7 99
8 1
8 2
8 3
8 4
8 5
8 6
8 7
8 9
8 15
8 16
8 18
8 19
8 21
8 22
8 24
8 26
8 27
8 28
8 36
8 37
8 43
8 44
8 45
8 46
8 48
8 50
8 51
8 52
8 53
8 54
8 56
8 60
8 63
8 64
8 65
8 66
8 67
8 68
8 71
8 73
8 74
8 78
8 82
8 83
8 85
8 86
8 88
8 89
8 90
8 91
8 94
8 96
8 97
8 99
8 100
9 1
9 2
9 4
9 6
9 8
9 10
9 11
9 14
9 15
9 16
9 17
9 19
9 20
9 21
9 23
9 26
9 28
9 29
9 30
9 31
9 32
9 33
9 35
9 37
9 38
9 40
9 41
9 42
9 43
9 44
9 46
9 48
9 50
9 54
9 55
9 56
9 57
9 59
9 60
9 63
9 64
9 65
9 66
9 69
9 70
9 71
9 74
9 76
9 77
9 79
9 81
9 84
9 85
9 86
9 88
9 89
9 90
9 91
9 92
9 96
9 97
9 98
10 1
10 2
10 4
10 7
10 9
10 12
10 13
10 15
10 16
10 18
10 23
10 25
10 26
10 28
10 33
10 37
10 39
10 40
10 41
10 43
10 45
10 47
10 49
10 50
10 51
10 52
10 53
10 54
10 55
10 58
10 59
10 60
10 61
10 62
10 63
10 64
10 66
10 67
10 69
10 70
10 71
10 73
10 74
10 75
10 76
10 79
10 82
10 83
10 84
10 86
10 89
10 92
10 94
10 95
10 98
10 99
11 2
11 5
11 6
11 9
11 13
11 18
11 23
11 24
11 25
11 26
11 28
11 30
11 32
11 34
11 35
11 36
11 37
11 39
11 42
11 43
11 46
11 49
11 50
11 51
11 52
11 53
11 54
11 57
11 61
11 62
11 64
11 66
11 69
11 70
11 72
11 73
11 74
11 75
11 78
11 80
11 82
11 83
11 84
11 87
11 89
11 91
11 92
11 93
11 94
11 96
11 98
11 99
11 100
12 1
12 2
12 5
12 10
12 13
12 15
12 16
12 17
12 20
12 23
12 29
12 31
12 34
12 38
12 39
12 40
12 44
12 45
12 48
12 49
12 50
12 51
12 52
12 53
12 57
12 59
12 62
12 64
12 65
12 68
12 70
12 71
12 73
12 75
12 76
12 77
12 78
12 79
12 80
12 81
12 82
12 84
12 87
12 88
12 89
12 91
12 92
12 94
12 95
12 98
12 100
13 2
13 5
13 7
13 10
13 11
13 12
13 14
13 15
13 16
13 18
13 19
13 22
13 25
13 26
13 27
13 34
13 36
13 39
13 40
13 41
13 43
13 44
13 45
13 48
13 49
13 50
13 53
13 55
13 56
13 58
13 60
13 61
13 63
13 65
13 66
13 67
13 69
13 74
13 78
13 79
13 81
13 82
13 83
13 85
13 88
13 90
13 91
13 92
13 95
13 97
13 98
13 99
13 100
14 1
14 2
14 3
14 4
14 5
14 6
14 7
14 9
14 13
14 15
14 17
14 18
14 19
14 20
14 22
14 23
14 24
14 25
14 28
14 29
14 30
14 33
14 36
14 37
14 38
14 41
14 43
14 44
14 47
14 49
14 51
14 52
14 53
14 54
14 55
14 56
14 57
14 58
14 59
14 60
14 61
14 62
14 63
14 64
14 65
14 66
14 67
14 68
14 69
14 70
14 71
14 72
14 73
14 74
14 75
14 79
14 80
14 81
14 82
14 83
14 85
14 86
14 87
14 88
14 90
14 91
14 94
14 95
14 96
14 97
14 98
14 99
15 2
15 3
15 4
15 6
15 7
15 8
15 9
15 10
15 12
15 13
15 14
15 16
15 17
15 18
15 19
15 20
15 22
15 23
15 24
15 25
15 27
15 28
15 33
15 35
15 36
15 38
15 40
15 41
15 42
15 46
15 49
15 52
15 53
15 56
15 57
15 58
15 61
15 65
15 66
15 71
15 73
15 74
15 77
15 81
15 82
15 84
15 86
15 88
15 89
15 90
15 91
15 92
15 93
15 94
15 96
15 99
15 100
16 1
16 2
16 4
16 8
16 9
16 10
16 12
16 13
16 15
16 17
16 18
16 21
16 26
16 27
16 28
16 29
16 32
16 33
16 34
16 36
16 38
16 39
16 41
16 42
16 43
16 45
16 46
16 48
16 50
16 57
16 58
16 59
16 62
16 64
16 66
16 68
16 69
16 70
16 71
16 72
16 73
16 74
16 76
16 77
16 78
16 79
16 80
16 81
16 82
16 83
16 84
16 85
16 88
16 89
16 90
16 91
16 92
16 93
16 94
16 95
16 96
16 97
16 98
16 99
17 1
17 2
17 3
17 4
17 9
17 12
17 14
17 15
17 16
17 19
17 20
17 23
17 24
17 27
17 28
17 30
17 31
17 32
17 33
17 34
17 39
17 41
17 42
17 45
17 47
17 48
17 49
17 50
17 53
17 54
17 58
17 59
17 60
17 61
17 62
17 64
17 65
17 66
17 69
17 70
17 71
17 72
17 74
17 76
17 79
17 80
17 82
17 83
17 85
17 88
17 90
17 91
17 92
17 93
17 94
17 96
17 97
17 98
17 99
17 100
18 3
18 4
18 6
18 7
18 8
18 10
18 11
18 13
18 14
18 15
18 16
18 19
18 20
18 21
18 24
18 27
18 30
18 31
18 32
18 33
18 37
18 38
18 39
18 40
18 41
18 42
18 43
18 46
18 47
18 49
18 51
18 54
18 56
18 61
18 62
18 68
18 69
18 71
18 73
18 77
18 81
18 82
18 83
18 85
18 86
18 87
18 88
18 89
18 90
18 92
18 93
18 94
18 95
18 96
18 97
18 98
19 1
19 2
19 7
19 8
19 9
19 13
19 14
19 15
19 17
19 18
19 20
19 21
19 23
19 24
19 27
19 29
19 30
19 31
19 32
19 33
19 34
19 35
19 41
19 42
19 44
19 46
19 47
19 48
19 50
19 51
19 52
19 54
19 55
19 56
19 57
19 60
19 64
19 65
19 66
19 68
19 69
19 70
19 71
19 72
19 73
19 74
19 75
19 77
19 78
19 79
19 80
19 81
19 85
19 86
19 87
19 89
19 90
19 91
19 92
19 93
19 96
19 97
19 98
19 99
20 2
20 3
20 4
20 5
20 6
20 7
20 9
20 12
20 14
20 15
20 17
20 18
20 19
20 21
20 22
20 25
20 28
20 29
20 30
20 31
20 32
20 33
20 35
20 36
20 38
20 39
20 40
20 42
20 43
20 45
20 46
20 49
20 51
20 53
20 54
20 55
20 57
20 58
20 61
20 66
20 67
20 68
20 70
20 71
20 72
20 73
20 76
20 78
20 79
20 80
20 81
20 83
20 87
20 88
20 89
20 94
20 95
20 96
20 97
20 99
20 100
21 1
21 3
21 4
21 8
21 9
21 16
21 18
21 19
21 20
21 22
21 23
21 24
21 28
21 29
21 30
21 33
21 34
21 35
21 37
21 40
21 41
21 42
21 43
21 44
21 45
21 46
21 49
21 53
21 55
21 60
21 61
21 62
21 63
21 64
21 66
21 68
21 71
21 73
21 75
21 76
21 78
21 79
21 80
21 81
21 84
21 86
21 87
21 88
21 89
21 90
21 91
21 92
21 93
21 96
21 97
21 99
21 100
22 2
22 3
22 4
22 5
22 6
22 7
22 8
22 13
22 14
22 15
22 20
22 21
22 23
22 24
22 25
22 29
22 30
22 31
22 34
22 36
22 37
22 38
22 39
22 42
22 44
22 46
22 48
22 49
22 50
22 51
22 52
22 53
22 54
22 55
22 56
22 58
22 59
22 61
22 64
22 65
22 66
22 67
22 69
22 70
22 71
22 72
22 73
22 76
22 77
22 80
22 82
22 83
22 84
22 85
22 88
22 89
22 90
22 91
22 93
22 95
22 96
22 98
22 99
22 100
23 1
23 2
23 3
23 4
23 6
23 7
23 9
23 10
23 11
23 12
23 14
23 15
23 17
23 19
23 21
23 22
23 24
23 25
23 27
23 28
23 30
23 32
23 34
23 36
23 37
23 38
23 40
23 41
23 42
23 43
23 46
23 47
23 48
23 49
23 50
23 52
23 53
23 54
23 55
23 56
23 57
23 58
23 59
23 60
23 61
23 63
23 64
23 65
23 68
23 69
23 70
23 73
23 74
23 78
23 82
23 84
23 87
23 88
23 89
23 90
23 91
23 95
23 97
23 98
23 99
23 100
24 1
24 3
24 4
24 5
24 6
24 8
24 11
24 14
24 15
24 17
24 18
24 19
24 21
24 22
24 23
24 27
24 29
24 30
24 32
24 33
24 34
24 35
24 36
24 37
24 39
24 42
24 44
24 45
24 46
24 48
24 49
24 53
24 56
24 58
24 63
24 64
24 66
24 68
24 70
24 72
24 74
24 75
24 76
24 79
24 81
24 87
24 91
24 93
24 94
24 95
24 97
25 6
25 7
25 10
25 11
25 13
25 14
25 15
25 20
25 22
25 23
25 26
25 27
25 28
25 30
25 35
25 36
25 38
25 42
25 43
25 44
25 46
25 51
25 52
25 53
25 54
25 55
25 57
25 60
25 61
25 62
25 63
25 64
25 65
25 66
25 67
25 69
25 72
25 73
25 74
25 75
25 76
25 77
25 80
25 81
25 82
25 83
25 85
25 86
25 87
25 91
25 92
26 1
26 2
26 4
26 5
26 7
26 8
26 9
26 10
26 11
26 13
26 16
26 25
26 28
26 29
26 31
26 33
26 35
26 36
26 37
26 38
26 40
26 41
26 42
26 43
26 45
26 47
26 48
26 49
26 52
26 53
26 54
26 55
26 56
26 57
26 58
26 59
26 60
26 61
26 62
26 63
26 64
26 65
26 66
26 67
26 68
26 69
26 70
26 72
26 74
26 75
26 76
26 79
26 80
26 81
26 82
26 84
26 85
26 86
26 87
26 88
26 96
26 98
26 99
27 1
27 3
27 4
27 5
27 6
27 8
27 13
27 15
27 16
27 17
27 18
27 19
27 23
27 24
27 25
27 28
27 30
27 31
27 34
27 36
27 38
27 40
27 41
27 43
27 44
27 46
27 47
27 48
27 49
27 50
27 51
27 53
27 54
27 58
27 60
27 61
27 63
27 64
27 66
27 68
27 69
27 70
27 73
27 75
27 76
27 77
27 80
27 81
27 83
27 85
27 89
27 91
27 92
27 93
27 99
28 3
28 5
28 8
28 9
28 10
28 11
28 14
28 15
28 16
28 17
28 20
28 21
28 23
28 25
28 26
28 27
28 29
28 30
28 33
28 34
28 37
28 38
28 41
28 42
28 43
28 47
28 49
28 51
28 52
28 53
28 55
28 57
28 58
28 60
28 62
28 63
28 64
28 65
28 67
28 68
28 69
28 70
28 73
28 74
28 75
28 76
28 77
28 78
28 80
28 81
28 82
28 83
28 84
28 87
28 88
28 89
28 91
28 92
28 97
28 100
29 1
29 3
29 4
29 6
29 9
29 12
29 14
29 16
29 19
29 20
29 21
29 22
29 24
29 26
29 28
29 31
29 32
29 33
29 34
29 36
29 37
29 38
29 39
29 42
29 45
29 46
29 47
29 48
29 49
29 50
29 52
29 53
29 54
29 55
29 56
29 58
29 59
29 60
29 62
29 64
29 66
29 67
29 68
29 69
29 70
29 73
29 74
29 75
29 76
29 79
29 80
29 83
29 84
29 85
29 86
29 87
29 88
29 89
29 91
29 93
29 94
29 95
29 97
29 98
29 99
29 100
30 2
30 4
30 5
30 6
30 9
30 11
30 14
30 17
30 18
30 19
30 20
30 21
30 22
30 23
30 24
30 25
30 27
30 28
30 31
30 32
30 34
30 35
30 37
30 39
30 40
30 41
30 45
30 46
30 47
30 48
30 50
30 51
30 53
30 54
30 56
30 57
30 60
30 61
30 62
30 63
30 65
30 66
30 68
30 69
30 71
30 74
30 77
30 79
30 80
30 81
30 82
30 85
30 86
30 87
30 88
30 89
30 90
30 91
30 92
30 93
30 96
30 98
30 99
30 100
31 1
31 2
31 4
31 5
31 7
31 9
31 12
31 17
31 18
31 19
31 20
31 22
31 26
31 27
31 29
31 30
31 32
31 34
31 35
31 38
31 40
31 42
31 43
31 45
31 46
31 50
31 52
31 55
31 56
31 57
31 59
31 60
31 61
31 62
31 63
31 64
31 65
31 66
31 67
31 68
31 69
31 70
31 71
31 72
31 74
31 75
31 76
31 77
31 81
31 82
31 83
31 84
31 86
31 87
31 88
31 90
31 92
31 93
31 94
31 95
31 96
31 98
32 3
32 4
32 5
32 6
32 9
32 11
32 16
32 17
32 18
32 19
32 20
32 23
32 24
32 29
32 30
32 31
32 33
32 34
32 35
32 37
32 38
32 39
32 40
32 41
32 42
32 46
32 47
32 48
32 49
32 50
32 54
32 55
32 58
32 59
32 60
32 61
32 62
32 64
32 67
32 68
32 70
32 71
32 72
32 73
32 74
32 75
32 78
32 79
32 81
32 82
32 84
32 85
32 87
32 88
32 92
32 94
32 95
32 96
32 97
33 1
33 4
33 5
33 6
33 9
33 10
33 14
33 15
33 16
33 17
33 18
33 19
33 20
33 21
33 24
33 26
33 28
33 29
33 32
33 34
33 36
33 37
33 40
33 43
33 45
33 46
33 50
33 51
33 54
33 55
33 58
33 59
33 60
33 65
33 67
33 68
33 70
33 71
33 74
33 78
33 79
33 80
33 81
33 83
33 85
33 88
33 89
33 90
33 91
33 92
33 93
33 94
33 95
33 96
33 97
33 98
33 100
34 2
34 3
34 4
34 5
34 7
34 11
34 12
34 13
34 16
34 17
34 19
34 21
34 22
34 23
34 24
34 27
34 28
34 29
34 30
34 31
34 32
34 33
34 35
34 36
34 37
34 38
34 39
34 40
34 41
34 44
34 45
34 46
34 47
34 48
34 49
34 50
34 51
34 52
34 57
34 58
34 59
34 60
34 61
34 63
34 64
34 65
34 66
34 69
34 72
34 73
34 76
34 77
34 79
34 80
34 81
34 83
34 84
34 85
34 87
34 89
34 90
34 91
34 94
34 95
34 97
34 98
35 3
35 5
35 6
35 7
35 9
35 11
35 15
35 19
35 20
35 21
35 24
35 25
35 26
35 30
35 31
35 32
35 34
35 37
35 38
35 39
35 40
35 41
35 43
35 44
35 45
35 49
35 51
35 53
35 54
35 56
35 57
35 60
35 61
35 62
35 65
35 66
35 68
35 69
35 70
35 71
35 73
35 74
35 77
35 78
35 79
35 80
35 81
35 82
35 83
35 84
35 85
35 86
35 88
35 89
35 90
35 92
35 93
35 95
35 97
35 99
35 100
36 2
36 4
36 6
36 8
36 11
36 13
36 14
36 15
36 16
36 20
36 22
36 23
36 24
36 25
36 26
36 27
36 29
36 33
36 34
36 38
36 39
36 41
36 42
36 43
36 46
36 47
36 48
36 51
36 52
36 54
36 55
36 56
36 58
36 60
36 62
36 63
36 67
36 68
36 69
36 70
36 71
36 74
36 75
36 76
36 77
36 78
36 79
36 82
36 83
36 84
36 86
36 88
36 90
36 91
36 92
36 93
36 94
36 96
36 99
36 100
37 4
37 5
37 8
37 9
37 10
37 11
37 14
37 18
37 21
37 22
37 23
37 24
37 26
37 28
37 29
37 30
37 32
37 33
37 34
37 35
37 38
37 40
37 43
37 44
37 46
37 47
37 49
37 52
37 53
37 54
37 55
37 57
37 59
37 62
37 65
37 66
37 69
37 71
37 73
37 74
37 75
37 76
37 77
37 78
37 80
37 81
37 82
37 83
37 84
37 86
37 87
37 88
37 89
37 90
37 91
37 92
37 93
37 94
37 95
37 99
37 100
38 3
38 4
38 5
38 6
38 9
38 12
38 14
38 15
38 16
38 18
38 20
38 22
38 23
38 25
38 26
38 27
38 28
38 29
38 31
38 32
38 34
38 35
38 36
38 37
38 39
38 42
38 43
38 44
38 45
38 47
38 48
38 50
38 52
38 55
38 56
38 57
38 58
38 61
38 63
38 67
38 68
38 70
38 71
38 75
38 79
38 80
38 81
38 82
38 83
38 84
38 85
38 87
38 90
38 91
38 93
38 95
38 98
38 100
39 1
39 4
39 5
39 6
39 10
39 11
39 12
39 13
39 16
39 17
39 18
39 20
39 22
39 24
39 29
39 30
39 32
39 34
39 35
39 36
39 38
39 41
39 43
39 44
39 45
39 47
39 48
39 49
39 50
39 51
39 56
39 57
39 59
39 60
39 62
39 66
39 68
39 70
39 72
39 79
39 80
39 81
39 82
39 83
39 84
39 85
39 87
39 88
39 89
39 91
39 94
39 96
39 97
39 99
39 100
40 2
40 4
40 5
40 6
40 9
40 10
40 12
40 13
40 15
40 18
40 20
40 21
40 23
40 26
40 27
40 30
40 31
40 32
40 33
40 34
40 35
40 37
40 41
40 42
40 45
40 46
40 47
40 48
40 49
40 50
40 51
40 54
40 55
40 56
40 58
40 59
40 60
40 61
40 62
40 63
40 64
40 65
40 70
40 73
40 74
40 75
40 76
40 77
40 79
40 81
40 84
40 85
40 87
40 88
40 89
40 90
40 92
40 93
40 97
40 98
40 100
41 1
41 2
41 3
41 4
41 5
41 6
41 9
41 10
41 13
41 14
41 15
41 16
41 17
41 18
41 19
41 21
41 23
41 26
41 27
41 28
41 30
41 32
41 34
41 35
41 36
41 39
41 40
41 42
41 44
41 45
41 47
41 48
41 50
41 52
41 54
41 55
41 56
41 57
41 58
41 59
41 61
41 63
41 64
41 66
41 67
41 71
41 72
41 73
41 74
41 75
41 77
41 78
41 81
41 82
41 83
41 84
41 90
41 91
41 92
41 94
41 95
41 97
41 99
42 1
42 4
42 5
42 6
42 7
42 9
42 11
42 15
42 16
42 17
42 18
42 19
42 20
42 21
42 22
42 23
42 24
42 25
42 26
42 28
42 29
42 31
42 32
42 36
42 38
42 40
42 41
42 43
42 44
42 45
42 46
42 47
42 48
42 50
42 52
42 53
42 54
42 55
42 56
42 57
42 60
42 61
42 62
42 64
42 66
42 67
42 68
42 69
42 72
42 73
42 74
42 75
42 76
42 77
42 79
42 81
42 82
42 84
42 87
42 88
42 89
42 91
42 92
42 94
42 95
42 99
42 100
43 1
43 2
43 4
43 6
43 7
43 8
43 9
43 10
43 11
43 13
43 14
43 16
43 18
43 20
43 21
43 23
43 25
43 26
43 27
43 28
43 31
43 33
43 35
43 36
43 37
43 38
43 39
43 42
43 45
43 46
43 47
43 48
43 49
43 50
43 54
43 55
43 56
43 58
43 59
43 60
43 61
43 62
43 68
43 69
43 70
43 71
43 73
43 74
43 76
43 77
43 79
43 80
43 83
43 86
43 89
43 90
43 93
43 94
43 95
43 96
43 97
43 98
43 99
44 1
44 2
44 3
44 5
44 6
44 8
44 9
44 12
44 13
44 14
44 19
44 21
44 22
44 24
44 25
44 27
44 34
44 35
44 37
44 38
44 39
44 41
44 42
44 48
44 49
44 52
44 54
44 57
44 60
44 64
44 66
44 67
44 70
44 72
44 74
44 75
44 76
44 77
44 78
44 80
44 81
44 87
44 88
44 89
44 90
44 91
44 92
44 97
44 100
45 1
45 2
45 3
45 4
45 5
45 6
45 7
45 8
45 10
45 12
45 13
45 16
45 17
45 20
45 21
45 24
45 26
45 29
45 30
45 31
45 33
45 34
45 35
45 38
45 39
45 40
45 41
45 42
45 43
45 48
45 49
45 51
45 52
45 53
45 54
45 55
45 57
45 59
45 62
45 67
45 69
45 70
45 71
45 73
45 75
45 76
45 77
45 78
45 80
45 81
45 82
45 83
45 84
45 85
45 86
45 87
45 88
45 89
45 90
45 94
45 95
45 96
45 98
45 100
46 1
46 2
46 7
46 8
46 9
46 11
46 15
46 16
46 18
46 19
46 20
46 21
46 22
46 23
46 24
46 25
46 27
46 29
46 30
46 31
46 32
46 33
46 34
46 36
46 37
46 40
46 42
46 43
46 47
46 49
46 50
46 51
46 52
46 56
46 58
46 60
46 61
46 62
46 63
46 64
46 69
46 71
46 75
46 77
46 78
46 79
46 80
46 81
46 82
46 85
46 86
46 87
46 88
46 91
46 92
46 94
46 95
46 96
46 97
46 98
46 100
47 1
47 2
47 5
47 6
47 7
47 10
47 14
47 17
47 18
47 19
47 23
47 26
47 27
47 28
47 29
47 30
47 32
47 34
47 36
47 37
47 38
47 39
47 40
47 41
47 42
47 43
47 46
47 48
47 50
47 51
47 57
47 59
47 66
47 68
47 69
47 70
47 71
47 72
47 73
47 74
47 75
47 79
47 80
47 81
47 82
47 84
47 86
47 88
47 90
47 91
47 93
47 95
47 97
47 98
48 2
48 3
48 6
48 7
48 8
48 9
48 12
48 13
48 16
48 17
48 19
48 22
48 23
48 24
48 26
48 27
48 29
48 30
48 32
48 34
48 36
48 38
48 39
48 40
48 41
48 42
48 43
48 44
48 45
48 47
48 50
48 51
48 52
48 53
48 54
48 55
48 56
48 57
48 58
48 60
48 61
48 63
48 64
48 65
48 66
48 67
48 68
48 70
48 71
48 73
48 74
48 75
48 77
48 78
48 79
48 82
48 83
48 85
48 87
48 92
48 93
48 94
48 98
48 99
48 100
49 2
49 4
49 5
49 6
49 10
49 11
49 12
49 13
49 14
49 15
49 17
49 18
49 20
49 21
49 22
49 23
49 24
49 26
49 27
49 28
49 29
49 32
49 34
49 35
49 37
49 39
49 40
49 43
49 44
49 45
49 46
49 50
49 52
49 53
49 54
49 58
49 60
49 62
49 64
49 65
49 67
49 70
49 73
49 75
49 76
49 77
49 78
49 79
49 81
49 82
49 83
49 89
49 90
49 91
49 92
49 94
49 95
49 98
49 100
50 1
50 2
50 3
50 4
50 5
50 6
50 8
50 9
50 10
50 11
50 12
50 13
50 16
50 17
50 19
50 22
50 23
50 27
50 29
50 30
50 31
50 32
50 33
50 34
50 38
50 39
50 40
50 41
50 42
50 43
50 46
50 47
50 48
50 49
50 52
50 53
50 54
50 55
50 56
50 60
50 64
50 65
50 67
50 69
50 70
50 71
50 72
50 73
50 75
50 76
50 77
50 78
50 81
50 82
50 88
50 90
50 91
50 92
50 94
50 96
50 98
50 99
50 100
51 5
51 6
51 8
51 10
51 11
51 12
51 14
51 18
51 19
51 20
51 22
51 25
51 27
51 28
51 30
51 33
51 34
51 35
51 36
51 39
51 40
51 45
51 46
51 47
51 48
51 52
51 54
51 59
51 60
51 62
51 68
51 70
51 72
51 73
51 74
51 75
51 76
51 77
51 82
51 83
51 84
51 85
51 86
51 87
51 88
51 89
51 92
51 93
51 94
51 95
51 96
51 97
51 98
51 99
52 1
52 3
52 4
52 8
52 10
52 11
52 12
52 14
52 15
52 19
52 22
52 23
52 25
52 26
52 28
52 29
52 31
52 34
52 36
52 37
52 38
52 41
52 42
52 44
52 45
52 46
52 48
52 49
52 50
52 51
52 57
52 62
52 66
52 67
52 69
52 70
52 71
52 73
52 77
52 78
52 81
52 82
52 84
52 87
52 88
52 89
52 90
52 92
52 93
52 94
52 95
52 96
52 97
52 98
53 2
53 3
53 4
53 5
53 6
53 7
53 8
53 10
53 11
53 12
53 13
53 14
53 15
53 17
53 20
53 21
53 22
53 23
53 24
53 25
53 26
53 27
53 28
53 29
53 30
53 35
53 37
53 42
53 45
53 48
53 49
53 50
53 54
53 55
53 56
53 59
53 60
53 62
53 63
53 64
53 65
53 66
53 67
53 68
53 69
53 70
53 72
53 73
53 74
53 75
53 76
53 78
53 79
53 80
53 81
53 82
53 83
53 84
53 85
53 88
53 90
53 92
53 96
53 98
53 99
53 100
54 1
54 2
54 3
54 5
54 8
54 9
54 10
54 11
54 14
54 17
54 18
54 19
54 20
54 22
54 23
54 25
54 26
54 27
54 29
54 30
54 32
54 33
54 35
54 36
54 37
54 40
54 41
54 42
54 43
54 44
54 45
54 48
54 49
54 50
54 51
54 53
54 55
54 59
54 60
54 61
54 63
54 64
54 65
54 67
54 69
54 70
54 71
54 72
54 73
54 74
54 75
54 77
54 79
54 82
54 84
54 87
54 88
54 89
54 90
54 91
54 92
54 94
54 95
54 97
54 100
55 2
55 4
55 5
55 7
55 9
55 10
55 13
55 14
55 19
55 20
55 21
55 22
55 23
55 25
55 26
55 28
55 29
55 31
55 32
55 33
55 36
55 37
55 38
55 40
55 41
55 42
55 43
55 45
55 48
55 50
55 53
55 54
55 63
55 64
55 66
55 69
55 70
55 71
55 72
55 73
55 74
55 76
55 77
55 78
55 83
55 84
55 85
55 86
55 89
55 90
55 91
55 94
55 96
55 97
55 98
55 99
55 100
56 1
56 4
56 5
56 6
56 7
56 8
56 9
56 13
56 14
56 15
56 18
56 19
56 22
56 23
56 24
56 26
56 29
56 30
56 31
56 35
56 36
56 38
56 39
56 40
56 41
56 42
56 43
56 46
56 48
56 50
56 53
56 57
56 58
56 59
56 61
56 63
56 66
56 67
56 68
56 71
56 73
56 74
56 76
56 77
56 78
56 80
56 81
56 83
56 85
56 88
56 89
56 90
56 93
56 94
56 96
56 97
56 98
56 99
56 100
57 1
57 2
57 3
57 5
57 6
57 7
57 9
57 11
57 12
57 14
57 15
57 16
57 19
57 20
57 23
57 25
57 26
57 28
57 30
57 31
57 34
57 35
57 37
57 38
57 39
57 41
57 42
57 44
57 45
57 47
57 48
57 52
57 56
57 58
57 60
57 61
57 62
57 63
57 64
57 65
57 66
57 69
57 73
57 74
57 75
57 76
57 77
57 82
57 84
57 85
57 87
57 89
57 90
57 91
57 93
57 94
57 95
57 96
57 97
57 100
58 2
58 3
58 6
58 10
58 13
58 14
58 15
58 16
58 17
58 20
58 22
58 23
58 24
58 26
58 27
58 28
58 29
58 32
58 33
58 34
58 36
58 38
58 40
58 41
58 43
58 46
58 48
58 49
58 56
58 57
58 59
58 62
58 63
58 64
58 68
58 69
58 71
58 72
58 73
58 77
58 79
58 80
58 82
58 86
58 88
58 90
58 92
58 93
58 94
58 95
58 96
58 97
58 98
58 99
58 100
59 1
59 3
59 5
59 6
59 7
59 9
59 10
59 12
59 14
59 16
59 17
59 22
59 23
59 26
59 29
59 31
59 32
59 33
59 34
59 37
59 39
59 40
59 41
59 43
59 45
59 47
59 51
59 53
59 54
59 56
59 58
59 60
59 66
59 67
59 68
59 69
59 70
59 71
59 72
59 74
59 75
59 77
59 79
59 80
59 81
59 82
59 83
59 86
59 89
59 92
59 93
59 95
59 96
59 99
59 100
60 1
60 2
60 3
60 4
60 7
60 8
60 9
60 10
60 13
60 14
60 17
60 19
60 21
60 23
60 25
60 26
60 27
60 28
60 29
60 30
60 31
60 32
60 33
60 34
60 35
60 36
60 39
60 40
60 42
60 43
60 44
60 46
60 48
60 49
60 50
60 51
60 53
60 54
60 57
60 59
60 63
60 65
60 67
60 68
60 69
60 71
60 72
60 73
60 75
60 77
60 78
60 79
60 81
60 82
60 83
60 84
60 86
60 88
60 89
60 92
60 96
60 97
60 98
60 100
61 1
61 4
61 6
61 10
61 11
61 13
61 14
61 15
61 17
61 18
61 20
61 21
61 22
61 23
61 25
61 26
61 27
61 30
61 31
61 32
61 34
61 35
61 38
61 40
61 41
61 42
61 43
61 46
61 48
61 54
61 56
61 57
61 62
61 65
61 66
61 67
61 72
61 75
61 76
61 77
61 78
61 79
61 80
61 81
61 82
61 85
61 86
61 87
61 89
61 90
61 92
61 95
61 96
61 97
62 1
62 2
62 4
62 5
62 7
62 10
62 11
62 12
62 14
62 16
62 17
62 18
62 21
62 25
62 26
62 28
62 29
62 30
62 31
62 32
62 35
62 36
62 37
62 39
62 40
62 42
62 43
62 45
62 46
62 49
62 51
62 52
62 53
62 57
62 58
62 61
62 63
62 64
62 68
62 69
62 75
62 76
62 77
62 78
62 82
62 84
62 86
62 91
62 95
62 96
62 98
62 99
63 1
63 2
63 3
63 4
63 5
63 8
63 9
63 10
63 13
63 14
63 21
63 23
63 24
63 25
63 26
63 27
63 28
63 30
63 31
63 34
63 36
63 38
63 40
63 41
63 46
63 48
63 53
63 54
63 55
63 56
63 57
63 58
63 60
63 62
63 64
63 66
63 68
63 72
63 74
63 77
63 80
63 81
63 82
63 85
63 86
63 88
63 90
63 91
63 95
63 96
63 98
63 99
64 1
64 4
64 5
64 7
64 8
64 9
64 10
64 11
64 12
64 14
64 16
64 17
64 19
64 21
64 22
64 23
64 24
64 25
64 26
64 27
64 28
64 29
64 31
64 32
64 34
64 40
64 41
64 42
64 44
64 46
64 48
64 49
64 50
64 53
64 54
64 55
64 57
64 58
64 62
64 63
64 66
64 68
64 71
64 72
64 74
64 76
64 79
64 80
64 83
64 85
64 87
64 91
64 92
64 93
64 96
64 98
65 2
65 4
65 5
65 6
65 8
65 9
65 12
65 13
65 14
65 15
65 17
65 19
65 22
65 23
65 25
65 26
65 28
65 30
65 31
65 33
65 34
65 35
65 37
65 40
65 48
65 49
65 50
65 53
65 54
65 57
65 60
65 61
65 66
65 67
65 68
65 71
65 72
65 74
65 75
65 77
65 79
65 80
65 81
65 83
65 84
65 86
65 88
65 89
65 91
65 96
65 97
65 99
66 1
66 2
66 5
66 7
66 8
66 9
66 10
66 11
66 13
66 14
66 15
66 16
66 17
66 19
66 20
66 21
66 22
66 24
66 25
66 26
66 27
66 29
66 30
66 31
66 34
66 35
66 37
66 39
66 41
66 42
66 44
66 47
66 48
66 52
66 53
66 55
66 56
66 57
66 59
66 61
66 63
66 64
66 65
66 67
66 68
66 69
66 71
66 73
66 74
66 75
66 82
66 85
66 86
66 87
66 88
66 89
66 90
66 93
66 94
66 95
66 97
66 98
66 99
67 3
67 6
67 7
67 8
67 10
67 13
67 14
67 20
67 22
67 25
67 26
67 28
67 29
67 31
67 32
67 33
67 36
67 38
67 41
67 42
67 44
67 45
67 48
67 49
67 50
67 52
67 53
67 54
67 56
67 59
67 60
67 61
67 65
67 66
67 69
67 71
67 73
67 75
67 76
67 77
67 78
67 84
67 85
67 88
67 90
67 91
67 92
67 93
67 94
67 96
67 97
67 98
67 100
68 2
68 3
68 4
68 6
68 7
68 8
68 12
68 14
68 16
68 18
68 19
68 20
68 21
68 23
68 24
68 26
68 27
68 28
68 29
68 30
68 31
68 32
68 33
68 35
68 36
68 38
68 39
68 42
68 43
68 47
68 48
68 51
68 53
68 56
68 58
68 59
68 60
68 62
68 63
68 64
68 65
68 66
68 69
68 70
68 71
68 72
68 73
68 74
68 77
68 78
68 80
68 82
68 83
68 84
68 87
68 88
68 89
68 91
68 93
68 94
68 96
68 98
68 99
68 100
69 3
69 4
69 5
69 7
69 9
69 10
69 11
69 13
69 14
69 16
69 17
69 18
69 19
69 22
69 23
69 25
69 26
69 27
69 28
69 29
69 30
69 31
69 34
69 35
69 36
69 37
69 42
69 43
69 45
69 46
69 47
69 50
69 52
69 53
69 54
69 55
69 57
69 58
69 59
69 60
69 62
69 66
69 67
69 68
69 70
69 72
69 74
69 79
69 80
69 81
69 82
69 84
69 88
69 91
69 92
69 97
69 99
70 1
70 4
70 6
70 9
70 10
70 11
70 12
70 14
70 16
70 17
70 19
70 20
70 22
70 23
70 24
70 26
70 27
70 28
70 29
70 31
70 32
70 33
70 35
70 36
70 38
70 39
70 40
70 43
70 44
70 45
70 47
70 48
70 49
70 50
70 51
70 52
70 53
70 54
70 55
70 59
70 68
70 69
70 71
70 73
70 74
70 76
70 78
70 80
70 81
70 82
70 86
70 89
70 90
70 92
70 93
70 94
70 96
70 97
70 99
70 100
71 1
71 2
71 3
71 4
71 5
71 6
71 8
71 9
71 10
71 12
71 14
71 15
71 16
71 17
71 18
71 19
71 20
71 21
71 22
71 30
71 31
71 32
71 33
71 35
71 36
71 37
71 38
71 41
71 43
71 45
71 46
71 47
71 48
71 50
71 52
71 54
71 55
71 56
71 58
71 59
71 60
71 64
71 65
71 66
71 67
71 68
71 70
71 73
71 74
71 75
71 77
71 79
71 82
71 83
71 84
71 85
71 86
71 87
71 91
71 92
71 93
71 94
71 95
71 96
71 97
71 99
72 2
72 4
72 5
72 6
72 11
72 14
72 16
72 17
72 19
72 20
72 22
72 24
72 25
72 26
72 31
72 32
72 34
72 39
72 41
72 42
72 44
72 47
72 50
72 51
72 53
72 54
72 55
72 58
72 59
72 60
72 61
72 63
72 64
72 65
72 68
72 69
72 73
72 74
72 75
72 76
72 77
72 78
72 79
72 82
72 85
72 86
72 87
72 88
72 89
72 93
72 94
72 96
72 97
72 98
72 99
72 100
73 2
73 6
73 7
73 8
73 10
73 11
73 12
73 14
73 15
73 16
73 18
73 19
73 20
73 21
73 22
73 23
73 25
73 27
73 28
73 29
73 32
73 34
73 35
73 37
73 40
73 41
73 42
73 43
73 45
73 47
73 48
73 49
73 50
73 51
73 52
73 53
73 54
73 55
73 56
73 57
73 58
73 60
73 66
73 67
73 68
73 70
73 71
73 72
73 74
73 76
73 77
73 78
73 81
73 82
73 83
73 84
73 86
73 89
73 90
73 93
73 95
73 96
73 98
73 99
74 1
74 2
74 3
74 4
74 7
74 8
74 9
74 10
74 11
74 13
74 14
74 15
74 16
74 17
74 19
74 23
74 24
74 25
74 26
74 28
74 29
74 30
74 31
74 32
74 33
74 35
74 36
74 37
74 40
74 41
74 42
74 43
74 44
74 47
74 48
74 51
74 53
74 54
74 55
74 56
74 57
74 59
74 63
74 64
74 65
74 66
74 68
74 69
74 70
74 71
74 72
74 73
74 76
74 77
74 78
74 79
74 80
74 82
74 83
74 84
74 86
74 90
74 93
74 95
74 98
74 100
75 1
75 2
75 3
75 4
75 5
75 10
75 11
75 12
75 14
75 19
75 21
75 24
75 25
75 26
75 27
75 28
75 29
75 31
75 32
75 36
75 37
75 38
75 40
75 41
75 42
75 44
75 45
75 46
75 47
75 48
75 49
75 50
75 51
75 53
75 54
75 57
75 59
75 60
75 61
75 62
75 65
75 66
75 67
75 71
75 72
75 76
75 77
75 80
75 81
75 82
75 83
75 84
75 85
75 86
75 87
75 89
75 91
75 94
75 95
75 100
76 1
76 2
76 5
76 6
76 9
76 10
76 12
76 16
76 17
76 20
76 21
76 22
76 24
76 25
76 26
76 27
76 28
76 29
76 31
76 34
76 36
76 37
76 40
76 42
76 43
76 44
76 45
76 49
76 50
76 51
76 53
76 55
76 56
76 57
76 61
76 62
76 64
76 67
76 70
76 72
76 73
76 74
76 75
76 77
76 81
76 82
76 84
76 87
76 89
76 90
76 91
76 92
76 94
76 95
76 96
76 97
76 98
76 100
77 1
77 3
77 4
77 5
77 7
77 9
77 12
77 15
77 16
77 18
77 19
77 22
77 25
77 27
77 28
77 30
77 31
77 34
77 35
77 36
77 37
77 40
77 41
77 42
77 43
77 44
77 45
77 46
77 48
77 49
77 50
77 51
77 52
77 54
77 55
77 56
77 57
77 58
77 59
77 60
77 61
77 62
77 63
77 65
77 67
77 68
77 71
77 72
77 73
77 74
77 75
77 76
77 79
77 82
77 83
77 85
77 86
77 87
77 88
77 89
77 92
77 94
77 96
77 97
77 99
78 3
78 4
78 5
78 6
78 8
78 11
78 12
78 13
78 16
78 19
78 20
78 21
78 23
78 28
78 32
78 33
78 35
78 36
78 37
78 41
78 44
78 45
78 46
78 48
78 49
78 50
78 52
78 53
78 55
78 56
78 60
78 61
78 62
78 67
78 68
78 70
78 72
78 73
78 74
78 79
78 80
78 82
78 83
78 84
78 85
78 86
78 87
78 88
78 90
78 91
78 93
78 95
78 96
78 98
78 99
79 2
79 3
79 6
79 7
79 9
79 10
79 12
79 13
79 14
79 16
79 17
79 19
79 20
79 21
79 24
79 26
79 29
79 30
79 32
79 33
79 34
79 35
79 36
79 38
79 39
79 40
79 42
79 43
79 46
79 47
79 48
79 49
79 53
79 54
79 58
79 59
79 60
79 61
79 64
79 65
79 69
79 71
79 72
79 74
79 77
79 78
79 80
79 82
79 83
79 87
79 88
79 89
79 91
79 92
79 93
79 94
79 96
79 97
79 99
80 1
80 3
80 4
80 6
80 7
80 11
80 12
80 14
80 16
80 17
80 19
80 20
80 21
80 22
80 25
80 26
80 27
80 28
80 29
80 30
80 33
80 34
80 35
80 37
80 38
80 39
80 43
80 44
80 45
80 46
80 47
80 53
80 56
80 58
80 59
80 61
80 63
80 64
80 65
80 68
80 69
80 70
80 74
80 75
80 78
80 79
80 83
80 84
80 86
80 90
80 91
80 94
80 98
80 100
81 1
81 2
81 4
81 5
81 7
81 9
81 12
81 13
81 14
81 15
81 16
81 18
81 19
81 20
81 21
81 24
81 25
81 26
81 27
81 28
81 30
81 31
81 32
81 33
81 34
81 35
81 37
81 38
81 39
81 40
81 41
81 42
81 44
81 45
81 46
81 47
81 49
81 50
81 52
81 53
81 56
81 59
81 60
81 61
81 63
81 65
81 69
81 70
81 73
81 75
81 76
81 82
81 84
81 87
81 90
81 92
81 93
81 94
81 95
81 96
81 97
81 99
82 1
82 2
82 5
82 6
82 8
82 10
82 11
82 12
82 13
82 14
82 15
82 16
82 17
82 18
82 22
82 23
82 25
82 26
82 28
82 30
82 31
82 32
82 35
82 36
82 37
82 38
82 39
82 41
82 42
82 45
82 46
82 47
82 48
82 49
82 50
82 51
82 52
82 53
82 54
82 57
82 58
82 59
82 60
82 61
82 62
82 63
82 66
82 68
82 69
82 70
82 71
82 72
82 73
82 74
82 75
82 76
82 77
82 78
82 79
82 81
82 83
82 84
82 86
82 88
82 89
82 90
82 92
82 93
82 96
82 99
82 100
83 4
83 5
83 7
83 8
83 10
83 11
83 13
83 14
83 16
83 17
83 18
83 20
83 22
83 25
83 27
83 28
83 29
83 31
83 33
83 34
83 35
83 36
83 37
83 38
83 39
83 41
83 43
83 45
83 48
83 49
83 51
83 53
83 55
83 56
83 59
83 60
83 64
83 65
83 68
83 71
83 73
83 74
83 75
83 77
83 78
83 79
83 80
83 82
83 86
83 89
83 90
83 92
83 95
83 96
83 97
83 99
83 100
84 1
84 3
84 5
84 9
84 10
84 11
84 12
84 15
84 16
84 21
84 22
84 23
84 26
84 28
84 29
84 31
84 32
84 34
84 35
84 36
84 37
84 38
84 39
84 40
84 41
84 42
84 45
84 47
84 51
84 52
84 53
84 54
84 55
84 57
84 60
84 62
84 65
84 67
84 68
84 69
84 71
84 73
84 74
84 75
84 76
84 78
84 80
84 81
84 82
84 86
84 87
84 88
84 89
84 90
84 91
84 93
84 96
84 97
84 99
85 1
85 4
85 5
85 6
85 8
85 9
85 13
85 14
85 16
85 17
85 18
85 19
85 22
85 25
85 26
85 27
85 29
85 30
85 32
85 33
85 34
85 35
85 38
85 39
85 40
85 45
85 46
85 48
85 51
85 53
85 55
85 56
85 57
85 61
85 63
85 64
85 66
85 67
85 71
85 72
85 75
85 77
85 78
85 87
85 88
85 89
85 92
85 93
85 94
85 95
85 98
85 99
86 1
86 2
86 3
86 4
86 6
86 7
86 8
86 9
86 10
86 14
86 15
86 18
86 19
86 21
86 25
86 26
86 29
86 30
86 31
86 35
86 36
86 37
86 43
86 45
86 46
86 47
86 51
86 55
86 58
86 59
86 60
86 61
86 62
86 63
86 65
86 66
86 70
86 71
86 72
86 73
86 74
86 75
86 77
86 78
86 80
86 82
86 83
86 84
86 88
86 89
86 90
86 91
86 92
86 94
86 97
86 98
87 1
87 2
87 3
87 5
87 6
87 11
87 12
87 14
87 18
87 19
87 20
87 21
87 23
87 24
87 25
87 26
87 28
87 29
87 30
87 31
87 32
87 34
87 37
87 38
87 39
87 40
87 42
87 44
87 45
87 46
87 48
87 51
87 52
87 54
87 57
87 61
87 64
87 66
87 68
87 71
87 72
87 75
87 76
87 77
87 78
87 79
87 81
87 84
87 85
87 88
87 89
87 90
87 91
87 92
87 94
87 96
87 97
87 98
87 99
87 100
88 5
88 8
88 9
88 12
88 13
88 14
88 15
88 16
88 17
88 18
88 20
88 21
88 22
88 23
88 26
88 28
88 29
88 30
88 31
88 32
88 33
88 35
88 36
88 37
88 39
88 40
88 42
88 44
88 45
88 46
88 47
88 50
88 51
88 52
88 53
88 54
88 56
88 58
88 60
88 63
88 65
88 66
88 67
88 68
88 69
88 72
88 77
88 78
88 79
88 82
88 84
88 85
88 86
88 87
88 90
88 91
88 92
88 94
88 98
89 3
89 4
89 5
89 6
89 8
89 9
89 10
89 11
89 12
89 15
89 16
89 18
89 19
89 20
89 21
89 22
89 23
89 27
89 28
89 29
89 30
89 33
89 34
89 35
89 37
89 39
89 40
89 42
89 43
89 44
89 45
89 49
89 51
89 52
89 54
89 55
89 56
89 57
89 59
89 60
89 61
89 65
89 66
89 68
89 70
89 72
89 73
89 75
89 76
89 77
89 79
89 82
89 83
89 84
89 85
89 86
89 87
89 90
89 91
89 92
89 93
89 94
89 95
89 96
89 97
89 98
89 99
89 100
90 1
90 2
90 3
90 8
90 9
90 13
90 14
90 15
90 16
90 17
90 18
90 19
90 21
90 22
90 23
90 30
90 31
90 33
90 34
90 35
90 36
90 37
90 38
90 40
90 41
90 43
90 44
90 45
90 47
90 49
90 50
90 52
90 53
90 54
90 55
90 56
90 57
90 58
90 61
90 63
90 66
90 67
90 70
90 73
90 74
90 76
90 78
90 80
90 81
90 82
90 83
90 84
90 86
90 87
90 88
90 89
90 94
90 97
90 98
90 99
90 100
91 2
91 3
91 4
91 5
91 8
91 9
91 11
91 12
91 13
91 14
91 15
91 16
91 17
91 19
91 21
91 22
91 23
91 24
91 25
91 27
91 28
91 29
91 30
91 33
91 34
91 36
91 37
91 38
91 39
91 41
91 42
91 44
91 46
91 47
91 49
91 50
91 54
91 55
91 57
91 62
91 63
91 64
91 65
91 67
91 68
91 69
91 71
91 75
91 76
91 78
91 79
91 80
91 84
91 86
91 87
91 88
91 89
91 92
91 93
91 97
91 100
92 2
92 4
92 6
92 7
92 9
92 10
92 11
92 12
92 13
92 15
92 16
92 17
92 18
92 19
92 21
92 25
92 27
92 28
92 30
92 31
92 32
92 33
92 35
92 36
92 37
92 40
92 41
92 42
92 44
92 46
92 48
92 49
92 50
92 51
92 52
92 53
92 54
92 58
92 59
92 60
92 61
92 64
92 67
92 69
92 70
92 71
92 76
92 77
92 79
92 81
92 82
92 83
92 85
92 86
92 87
92 88
92 89
92 91
92 93
92 97
92 98
92 100
93 1
93 2
93 5
93 7
93 11
93 15
93 16
93 17
93 18
93 19
93 21
93 22
93 24
93 27
93 29
93 30
93 31
93 33
93 35
93 36
93 37
93 38
93 40
93 43
93 47
93 48
93 51
93 52
93 56
93 57
93 58
93 59
93 64
93 66
93 67
93 68
93 70
93 71
93 72
93 73
93 74
93 78
93 79
93 81
93 82
93 84
93 85
93 89
93 91
93 92
93 96
93 97
93 99
93 100
94 2
94 3
94 4
94 5
94 7
94 8
94 10
94 11
94 12
94 14
94 15
94 16
94 17
94 18
94 20
94 24
94 29
94 31
94 32
94 33
94 34
94 36
94 37
94 39
94 41
94 42
94 43
94 45
94 46
94 48
94 49
94 50
94 51
94 52
94 54
94 55
94 56
94 57
94 58
94 66
94 67
94 68
94 70
94 71
94 72
94 75
94 76
94 77
94 79
94 80
94 81
94 85
94 86
94 87
94 88
94 89
94 90
94 95
94 96
94 98
94 99
95 1
95 2
95 3
95 4
95 5
95 6
95 7
95 10
95 12
95 13
95 14
95 16
95 18
95 20
95 22
95 23
95 24
95 29
95 31
95 32
95 33
95 34
95 35
95 37
95 38
95 41
95 42
95 43
95 45
95 46
95 47
95 49
95 51
95 52
95 54
95 57
95 58
95 59
95 61
95 62
95 63
95 66
95 71
95 73
95 74
95 75
95 76
95 78
95 81
95 83
95 85
95 89
95 94
95 99
96 2
96 3
96 5
96 6
96 8
96 9
96 11
96 14
96 15
96 16
96 17
96 18
96 19
96 20
96 21
96 22
96 26
96 30
96 31
96 32
96 33
96 36
96 39
96 43
96 45
96 46
96 50
96 51
96 52
96 53
96 55
96 56
96 57
96 58
96 59
96 60
96 61
96 62
96 63
96 64
96 65
96 67
96 68
96 70
96 71
96 72
96 73
96 76
96 77
96 78
96 79
96 81
96 82
96 83
96 84
96 87
96 89
96 93
96 94
97 1
97 4
97 5
97 6
97 7
97 8
97 9
97 13
97 14
97 16
97 17
97 18
97 19
97 20
97 21
97 23
97 24
97 28
97 29
97 32
97 33
97 34
97 35
97 39
97 40
97 41
97 43
97 44
97 46
97 47
97 51
97 52
97 54
97 55
97 56
97 57
97 58
97 60
97 61
97 65
97 66
97 67
97 69
97 70
97 71
97 72
97 76
97 77
97 79
97 81
97 83
97 84
97 86
97 87
97 89
97 90
97 91
97 92
97 93
97 98
97 99
97 100
98 5
98 9
98 10
98 11
98 12
98 13
98 14
98 16
98 17
98 18
98 19
98 22
98 23
98 26
98 29
98 30
98 31
98 33
98 34
98 38
98 40
98 43
98 45
98 46
98 47
98 48
98 49
98 50
98 51
98 52
98 53
98 55
98 56
98 58
98 60
98 62
98 63
98 64
98 66
98 67
98 68
98 72
98 73
98 74
98 76
98 78
98 80
98 85
98 86
98 87
98 88
98 89
98 90
98 92
98 94
98 97
98 99
99 2
99 3
99 6
99 7
99 8
99 10
99 11
99 13
99 14
99 15
99 16
99 17
99 19
99 20
99 21
99 22
99 23
99 26
99 27
99 29
99 30
99 35
99 36
99 37
99 39
99 41
99 42
99 43
99 48
99 50
99 51
99 53
99 55
99 56
99 58
99 59
99 62
99 63
99 65
99 66
99 68
99 69
99 70
99 71
99 72
99 73
99 77
99 78
99 79
99 81
99 82
99 83
99 84
99 85
99 87
99 89
99 90
99 93
99 94
99 95
99 97
99 98
100 1
100 5
100 6
100 8
100 11
100 12
100 13
100 15
100 17
100 20
100 21
100 22
100 23
100 28
100 29
100 30
100 33
100 35
100 36
100 37
100 38
100 39
100 40
100 42
100 44
100 45
100 46
100 48
100 49
100 50
100 53
100 54
100 55
100 56
100 57
100 58
100 59
100 60
100 67
100 68
100 70
100 72
100 74
100 75
100 76
100 80
100 82
100 83
100 87
100 89
100 90
100 91
100 92
100 93
100 97
