100
1 3
1 4
1 7
1 8
1 10
1 14
1 15
1 17
1 19
1 21
1 22
1 23
1 25
1 26
1 28
1 29
1 30
1 33
1 34
1 35
1 37
1 38
1 39
1 40
1 43
1 47
1 48
1 49
1 53
1 54
1 55
1 56
1 58
1 61
1 62
1 66
1 67
1 71
1 74
1 77
1 80
1 81
1 83
1 84
1 86
1 89
1 91
1 94
1 95
1 99
1 100
2 3
2 6
2 7
2 8
2 9
2 11
2 23
2 25
2 27
2 32
2 34
2 37
2 42
2 45
2 47
2 50
2 53
2 54
2 57
2 58
2 61
2 64
2 66
2 67
2 70
2 71
2 72
2 74
2 76
2 77
2 85
2 91
2 98
3 1
3 2
3 4
3 6
3 9
3 12
3 15
3 19
3 20
3 21
3 22
3 27
3 32
3 34
3 35
3 37
3 43
3 44
3 46
3 47
3 50
3 51
3 54
3 56
3 57
3 58
3 59
3 62
3 63
3 66
3 67
3 68
3 72
3 73
3 74
3 75
3 77
3 78
3 80
3 82
3 83
3 84
3 86
3 88
3 90
3 94
3 97
4 1
4 3
4 5
4 6
4 7
4 8
4 12
4 14
4 16
4 19
4 21
4 22
4 26
4 28
4 32
4 34
4 43
4 44
4 52
4 54
4 55
4 56
4 57
4 58
4 66
4 70
4 71
4 72
4 73
4 74
4 75
4 76
4 77
4 78
4 79
4 80
4 82
4 85
4 87
4 89
4 91
4 94
4 100
5 4
5 6
5 7
5 11
5 16
5 17
5 19
5 23
5 28
5 37
5 38
5 40
5 43
5 45
5 48
5 49
5 55
5 57
5 58
5 59
5 61
5 62
5 67
5 75
5 85
5 91
5 95
5 97
5 99
5 100
6 2
6 3
6 4
6 5
6 7
6 10
6 13
6 18
6 20
6 21
6 24
6 26
6 30
6 31
6 36
6 38
6 39
6 40
6 47
6 51
6 56
6 60
6 61
6 63
6 64
6 67
6 69
6 71
6 72
6 79
6 80
6 81
6 83
6 91
6 94
6 100
7 1
7 2
7 4
7 5
7 6
7 11
7 12
7 15
7 18
7 22
7 31
7 32
7 33
7 37
7 39
7 44
7 50
7 51
7 56
7 60
7 61
7 63
7 66
7 67
7 70
7 72
7 74
7 76
7 78
7 80
7 88
7 92
7 99
7 100
8 1
8 2
8 4
8 9
8 10
8 12
8 15
8 16
8 17
8 21
8 22
8 30
8 35
8 41
8 42
8 44
8 46
8 53
8 56
8 57
8 61
8 63
8 65
8 67
8 68
8 69
8 70
8 75
8 78
8 83
8 86
8 89
8 90
8 93
8 94
8 95
8 98
8 99
9 2
9 3
9 8
9 10
9 15
9 17
9 18
9 25
9 28
9 29
9 32
9 43
9 47
9 50
9 52
9 53
9 58
9 59
9 60
9 61
9 62
9 65
9 67
9 69
9 71
9 72
9 73
9 74
9 76
9 82
9 84
9 86
9 93
9 97
10 1
10 6
10 8
10 9
10 12
10 13
10 17
10 18
10 19
10 25
10 30
10 35
10 36
10 37
10 39
10 42
10 43
10 53
10 55
10 56
10 59
10 62
10 63
10 66
10 71
10 72
10 75
10 78
10 79
10 82
10 83
10 86
10 87
10 88
10 91
10 93
10 94
10 95
10 96
10 97
10 98
11 2
11 5
11 7
11 12
11 14
11 16
11 19
11 21
11 22
11 27
11 28
11 30
11 34
11 36
11 37
11 41
11 43
11 48
11 52
11 53
11 54
11 62
11 64
11 66
11 67
11 68
11 70
11 71
11 74
11 75
11 76
11 77
11 79
11 80
11 81
11 82
11 83
11 84
11 85
11 87
11 89
11 94
11 95
11 99
11 100
12 3
12 4
12 7
12 8
12 10
12 11
12 16
12 19
12 26
12 29
12 32
12 35
12 37
12 39
12 43
12 44
12 48
12 51
12 54
12 55
12 56
12 57
12 62
12 65
12 77
12 80
12 81
12 84
12 87
12 90
12 94
12 96
12 99
13 6
13 10
13 17
13 20
13 22
13 23
13 25
13 28
13 29
13 31
13 32
13 33
13 37
13 38
13 39
13 41
13 43
13 52
13 55
13 56
13 57
13 58
13 59
13 60
13 61
13 63
13 64
13 66
13 68
13 70
13 71
13 79
13 81
13 82
13 86
13 87
13 91
13 93
13 95
13 96
13 99
13 100
14 1
14 4
14 11
14 15
14 16
14 19
14 20
14 21
14 22
14 24
14 30
14 32
14 33
14 35
14 36
14 37
14 44
14 46
14 47
14 49
14 55
14 56
14 57
14 60
14 62
14 64
14 66
14 70
14 73
14 74
14 75
14 76
14 77
14 78
14 79
14 81
14 82
14 84
14 85
14 90
14 91
14 94
15 1
15 3
15 7
15 8
15 9
15 14
15 16
15 18
15 19
15 25
15 28
15 33
15 34
15 37
15 49
15 50
15 55
15 58
15 62
15 64
15 66
15 67
15 70
15 71
15 74
15 76
15 78
15 87
15 88
15 92
15 95
15 96
15 98
15 100
16 4
16 5
16 8
16 11
16 12
16 14
16 15
16 19
16 21
16 22
16 26
16 27
16 30
16 31
16 34
16 35
16 40
16 49
16 50
16 51
16 52
16 53
16 54
16 56
16 61
16 64
16 65
16 66
16 67
16 68
16 72
16 73
16 75
16 76
16 77
16 78
16 80
16 81
16 82
16 83
16 85
16 90
16 95
16 96
16 98
16 100
17 1
17 5
17 8
17 9
17 10
17 13
17 19
17 21
17 23
17 24
17 31
17 33
17 40
17 41
17 43
17 44
17 48
17 49
17 59
17 60
17 61
17 62
17 63
17 66
17 68
17 69
17 71
17 73
17 74
17 83
17 84
17 95
17 97
17 98
18 6
18 7
18 9
18 10
18 15
18 24
18 32
18 33
18 35
18 37
18 38
18 41
18 42
18 45
18 46
18 47
18 48
18 49
18 50
18 52
18 54
18 59
18 62
18 65
18 69
18 71
18 77
18 79
18 82
18 84
18 89
18 93
18 96
18 97
19 1
19 3
19 4
19 5
19 10
19 11
19 12
19 14
19 15
19 16
19 17
19 20
19 21
19 22
19 26
19 30
19 31
19 32
19 37
19 39
19 42
19 48
19 50
19 51
19 52
19 60
19 62
19 63
19 67
19 70
19 72
19 75
19 78
19 79
19 81
19 84
19 85
19 90
19 91
19 93
19 96
20 3
20 6
20 13
20 14
20 19
20 22
20 24
20 25
20 26
20 28
20 30
20 32
20 33
20 34
20 35
20 36
20 42
20 46
20 47
20 48
20 50
20 53
20 54
20 55
20 57
20 58
20 63
20 64
20 65
20 68
20 70
20 76
20 81
20 86
20 87
20 89
20 92
20 93
20 95
21 1
21 3
21 4
21 6
21 8
21 11
21 14
21 16
21 17
21 19
21 22
21 27
21 29
21 30
21 33
21 34
21 36
21 38
21 39
21 41
21 42
21 43
21 45
21 48
21 51
21 52
21 55
21 62
21 64
21 65
21 68
21 73
21 75
21 76
21 78
21 80
21 82
21 84
21 85
21 87
21 89
21 90
21 91
21 92
21 94
21 96
21 99
21 100
22 1
22 3
22 4
22 7
22 8
22 11
22 13
22 14
22 16
22 19
22 20
22 21
22 24
22 31
22 32
22 33
22 34
22 38
22 43
22 44
22 45
22 46
22 48
22 49
22 51
22 53
22 55
22 56
22 61
22 62
22 64
22 66
22 68
22 69
22 72
22 74
22 75
22 76
22 83
22 89
22 90
22 93
22 96
22 99
22 100
23 1
23 2
23 5
23 13
23 17
23 24
23 28
23 30
23 31
23 32
23 35
23 38
23 39
23 41
23 42
23 45
23 46
23 47
23 49
23 50
23 51
23 54
23 55
23 56
23 58
23 60
23 64
23 69
23 72
23 80
23 83
23 84
23 85
23 89
23 90
23 94
23 97
24 6
24 14
24 17
24 18
24 20
24 22
24 23
24 25
24 26
24 28
24 31
24 32
24 35
24 37
24 39
24 40
24 44
24 45
24 46
24 49
24 51
24 52
24 53
24 54
24 56
24 60
24 67
24 69
24 70
24 71
24 73
24 77
24 78
24 79
24 82
24 84
24 86
24 87
24 88
24 89
24 91
24 94
24 95
24 96
24 98
25 1
25 2
25 9
25 10
25 13
25 15
25 20
25 24
25 27
25 28
25 30
25 31
25 34
25 35
25 44
25 47
25 49
25 51
25 52
25 54
25 56
25 57
25 59
25 60
25 61
25 64
25 68
25 73
25 75
25 76
25 81
25 88
25 90
25 91
25 92
25 93
25 97
25 100
26 1
26 4
26 6
26 12
26 16
26 19
26 20
26 24
26 30
26 31
26 37
26 38
26 43
26 44
26 47
26 48
26 49
26 51
26 53
26 54
26 56
26 64
26 66
26 68
26 70
26 71
26 78
26 81
26 83
26 84
26 87
26 88
26 90
26 94
26 95
26 96
26 97
26 99
27 2
27 3
27 11
27 16
27 21
27 25
27 36
27 37
27 41
27 43
27 44
27 47
27 48
27 49
27 55
27 56
27 57
27 59
27 61
27 63
27 64
27 67
27 71
27 72
27 75
27 79
27 82
27 85
27 88
27 89
27 92
27 93
27 94
27 95
27 96
27 97
27 98
27 99
27 100
28 1
28 4
28 5
28 9
28 11
28 13
28 15
28 20
28 23
28 24
28 25
28 29
28 33
28 35
28 40
28 41
28 45
28 46
28 47
28 48
28 49
28 51
28 52
28 53
28 60
28 69
28 70
28 74
28 76
28 78
28 79
28 80
28 81
28 83
28 85
28 86
28 90
28 91
28 94
28 96
28 98
28 99
28 100
29 1
29 9
29 12
29 13
29 21
29 28
29 30
29 32
29 33
29 35
29 36
29 37
29 38
29 42
29 43
29 45
29 46
29 47
29 48
29 55
29 58
29 66
29 67
29 69
29 72
29 74
29 79
29 80
29 81
29 83
29 85
29 86
29 87
29 90
29 92
29 97
30 1
30 6
30 8
30 10
30 11
30 14
30 16
30 19
30 20
30 21
30 23
30 25
30 26
30 29
30 31
30 33
30 46
30 47
30 48
30 49
30 53
30 54
30 56
30 61
30 66
30 67
30 68
30 70
30 75
30 76
30 78
30 84
30 89
30 90
30 92
30 95
30 99
31 6
31 7
31 13
31 16
31 17
31 19
31 22
31 23
31 24
31 25
31 26
31 30
31 38
31 40
31 41
31 43
31 47
31 48
31 49
31 52
31 53
31 56
31 57
31 66
31 68
31 69
31 71
31 72
31 73
31 78
31 80
31 83
31 86
31 92
31 98
31 99
31 100
32 2
32 3
32 4
32 7
32 9
32 12
32 13
32 14
32 18
32 19
32 20
32 22
32 23
32 24
32 29
32 33
32 43
32 48
32 49
32 53
32 54
32 56
32 57
32 58
32 59
32 60
32 61
32 63
32 65
32 66
32 69
32 70
32 74
32 77
32 79
32 83
32 85
32 88
32 92
32 93
32 97
32 99
32 100
33 1
33 7
33 13
33 14
33 15
33 17
33 18
33 20
33 21
33 22
33 28
33 29
33 30
33 32
33 34
33 36
33 41
33 42
33 43
33 44
33 46
33 47
33 48
33 49
33 50
33 51
33 56
33 58
33 61
33 62
33 65
33 66
33 71
33 76
33 77
33 81
33 82
33 83
33 87
33 89
33 90
33 91
33 93
33 95
33 99
34 1
34 2
34 3
34 4
34 11
34 15
34 16
34 20
34 21
34 22
34 25
34 33
34 36
34 46
34 49
34 50
34 55
34 56
34 57
34 58
34 62
34 63
34 70
34 72
34 77
34 78
34 79
34 82
34 88
34 94
34 97
34 99
35 1
35 3
35 8
35 10
35 12
35 14
35 16
35 18
35 20
35 23
35 24
35 25
35 28
35 29
35 38
35 39
35 49
35 50
35 51
35 53
35 57
35 61
35 62
35 64
35 75
35 76
35 79
35 80
35 81
35 82
35 84
35 87
35 88
35 89
35 95
35 97
36 6
36 10
36 11
36 14
36 20
36 21
36 27
36 29
36 33
36 34
36 38
36 40
36 45
36 47
36 51
36 55
36 56
36 59
36 60
36 61
36 63
36 65
36 67
36 72
36 74
36 83
36 84
36 87
36 89
36 91
36 92
36 93
36 96
37 1
37 2
37 3
37 5
37 7
37 10
37 11
37 12
37 13
37 14
37 15
37 18
37 19
37 24
37 26
37 27
37 29
37 38
37 41
37 43
37 50
37 51
37 53
37 54
37 58
37 59
37 64
37 66
37 67
37 69
37 76
37 77
37 79
37 80
37 83
37 84
37 85
37 87
37 90
37 96
37 97
37 100
38 1
38 5
38 6
38 13
38 18
38 21
38 22
38 23
38 26
38 29
38 31
38 35
38 36
38 37
38 42
38 46
38 47
38 49
38 50
38 52
38 56
38 63
38 66
38 69
38 71
38 75
38 77
38 78
38 81
38 87
38 88
38 90
38 92
38 93
38 94
38 95
38 96
39 1
39 6
39 7
39 10
39 12
39 13
39 19
39 21
39 23
39 24
39 35
39 40
39 42
39 46
39 48
39 49
39 53
39 56
39 57
39 58
39 60
39 65
39 66
39 74
39 78
39 82
39 85
39 88
39 89
39 91
39 94
39 95
39 96
39 98
39 99
40 1
40 5
40 6
40 16
40 17
40 24
40 28
40 31
40 36
40 39
40 42
40 43
40 46
40 49
40 54
40 55
40 57
40 58
40 60
40 62
40 63
40 66
40 68
40 69
40 72
40 73
40 74
40 75
40 79
40 84
40 86
40 93
40 94
40 97
40 98
41 8
41 11
41 13
41 17
41 18
41 21
41 23
41 27
41 28
41 31
41 33
41 37
41 42
41 43
41 44
41 45
41 47
41 52
41 55
41 56
41 58
41 59
41 60
41 62
41 64
41 68
41 73
41 74
41 79
41 81
41 82
41 83
41 85
41 87
41 91
41 92
41 94
41 97
41 98
41 99
41 100
42 2
42 8
42 10
42 18
42 19
42 20
42 21
42 23
42 29
42 33
42 38
42 39
42 40
42 41
42 44
42 45
42 46
42 47
42 51
42 52
42 53
42 61
42 62
42 64
42 69
42 70
42 71
42 72
42 73
42 75
42 78
42 80
42 82
42 85
42 88
42 89
42 92
42 93
42 98
43 1
43 3
43 4
43 5
43 9
43 10
43 11
43 12
43 13
43 17
43 21
43 22
43 26
43 27
43 29
43 31
43 32
43 33
43 37
43 40
43 41
43 52
43 53
43 54
43 56
43 59
43 60
43 62
43 66
43 68
43 69
43 71
43 72
43 76
43 80
43 82
43 84
43 85
43 86
43 87
43 88
43 93
43 96
44 3
44 4
44 7
44 8
44 12
44 14
44 17
44 22
44 24
44 25
44 26
44 27
44 33
44 41
44 42
44 47
44 48
44 49
44 53
44 55
44 59
44 66
44 69
44 70
44 71
44 72
44 75
44 79
44 80
44 85
44 91
44 97
45 2
45 5
45 18
45 21
45 22
45 23
45 24
45 28
45 29
45 36
45 41
45 42
45 47
45 54
45 55
45 58
45 60
45 61
45 63
45 64
45 67
45 69
45 76
45 79
45 80
45 86
45 87
45 89
45 90
45 92
45 95
45 97
45 98
46 3
46 8
46 14
46 18
46 20
46 22
46 23
46 24
46 28
46 29
46 30
46 33
46 34
46 38
46 39
46 40
46 42
46 47
46 50
46 54
46 55
46 56
46 59
46 60
46 61
46 62
46 65
46 66
46 68
46 69
46 70
46 80
46 83
46 88
46 89
46 90
46 91
46 94
47 1
47 2
47 3
47 6
47 9
47 14
47 18
47 20
47 23
47 25
47 26
47 27
47 28
47 29
47 30
47 31
47 33
47 36
47 38
47 41
47 42
47 44
47 45
47 46
47 49
47 51
47 52
47 53
47 54
47 57
47 58
47 60
47 61
47 62
47 63
47 68
47 70
47 72
47 75
47 76
47 79
47 80
47 84
47 85
47 86
47 95
47 96
47 99
48 1
48 5
48 11
48 12
48 17
48 18
48 19
48 20
48 21
48 22
48 26
48 27
48 28
48 29
48 30
48 31
48 32
48 33
48 39
48 44
48 49
48 52
48 53
48 64
48 65
48 68
48 70
48 72
48 74
48 75
48 81
48 91
48 93
48 94
48 96
48 98
49 1
49 5
49 14
49 15
49 16
49 17
49 18
49 22
49 23
49 24
49 25
49 26
49 27
49 28
49 30
49 31
49 32
49 33
49 34
49 35
49 38
49 39
49 40
49 44
49 47
49 48
49 50
49 59
49 62
49 64
49 67
49 72
49 73
49 77
49 79
49 80
49 83
49 87
49 89
49 90
49 92
49 94
49 95
49 98
49 100
50 2
50 3
50 7
50 9
50 15
50 16
50 18
50 19
50 20
50 23
50 33
50 34
50 35
50 37
50 38
50 46
50 49
50 54
50 56
50 62
50 69
50 70
50 72
50 76
50 81
50 87
50 96
51 3
51 6
51 7
51 12
51 16
51 19
51 21
51 22
51 23
51 24
51 25
51 26
51 28
51 33
51 35
51 36
51 37
51 42
51 47
51 52
51 54
51 57
51 59
51 60
51 64
51 70
51 71
51 72
51 79
51 80
51 85
51 96
51 100
52 4
52 9
52 11
52 13
52 16
52 18
52 19
52 21
52 24
52 25
52 28
52 31
52 38
52 41
52 42
52 43
52 47
52 48
52 51
52 53
52 54
52 57
52 59
52 60
52 62
52 64
52 66
52 68
52 73
52 75
52 78
52 79
52 80
52 82
52 87
52 89
52 92
52 94
52 96
52 98
52 99
52 100
53 1
53 2
53 8
53 9
53 10
53 11
53 16
53 20
53 22
53 24
53 26
53 28
53 30
53 31
53 32
53 35
53 37
53 39
53 42
53 43
53 44
53 47
53 48
53 52
53 55
53 56
53 57
53 62
53 67
53 68
53 71
53 75
53 78
53 80
53 82
53 83
53 85
53 86
53 87
53 90
53 92
53 95
53 97
53 98
53 99
54 1
54 2
54 3
54 4
54 11
54 12
54 16
54 18
54 20
54 23
54 24
54 25
54 26
54 30
54 32
54 37
54 40
54 43
54 45
54 46
54 47
54 50
54 51
54 52
54 59
54 60
54 61
54 63
54 65
54 66
54 67
54 69
54 73
54 74
54 81
54 82
54 84
54 85
54 87
54 90
54 92
54 100
55 1
55 4
55 5
55 10
55 12
55 13
55 14
55 15
55 20
55 21
55 22
55 23
55 27
55 29
55 34
55 36
55 40
55 41
55 44
55 45
55 46
55 53
55 56
55 57
55 68
55 69
55 72
55 75
55 83
55 86
55 87
55 91
55 95
56 1
56 3
56 4
56 6
56 7
56 8
56 10
56 12
56 13
56 14
56 16
56 22
56 23
56 24
56 25
56 26
56 27
56 30
56 31
56 32
56 33
56 34
56 36
56 38
56 39
56 41
56 43
56 46
56 50
56 53
56 55
56 58
56 59
56 64
56 67
56 68
56 71
56 72
56 73
56 74
56 75
56 76
56 77
56 81
56 83
56 87
56 89
56 90
56 96
56 97
57 2
57 3
57 4
57 5
57 8
57 12
57 13
57 14
57 20
57 25
57 27
57 31
57 32
57 34
57 35
57 39
57 40
57 47
57 51
57 52
57 53
57 55
57 58
57 59
57 61
57 62
57 64
57 65
57 66
57 70
57 74
57 79
57 80
57 81
57 82
57 83
57 85
57 86
57 87
57 89
57 90
57 91
57 94
58 1
58 2
58 3
58 4
58 5
58 9
58 13
58 15
58 20
58 23
58 29
58 32
58 33
58 34
58 37
58 39
58 40
58 41
58 45
58 47
58 56
58 57
58 60
58 64
58 70
58 71
58 74
58 77
58 82
58 83
58 85
58 87
58 88
58 90
58 95
58 99
58 100
59 3
59 5
59 9
59 10
59 13
59 17
59 18
59 25
59 27
59 32
59 36
59 37
59 41
59 43
59 44
59 46
59 49
59 51
59 52
59 54
59 56
59 57
59 60
59 62
59 65
59 68
59 69
59 71
59 72
59 80
59 83
59 84
59 86
59 88
59 94
59 96
59 97
59 99
60 6
60 7
60 9
60 13
60 14
60 17
60 19
60 23
60 24
60 25
60 28
60 32
60 36
60 39
60 40
60 41
60 43
60 45
60 46
60 47
60 51
60 52
60 54
60 58
60 59
60 65
60 67
60 68
60 70
60 75
60 80
60 81
60 82
60 85
60 90
60 91
60 92
60 94
60 95
61 1
61 2
61 5
61 6
61 7
61 8
61 9
61 13
61 16
61 17
61 22
61 25
61 27
61 30
61 32
61 33
61 35
61 36
61 42
61 45
61 46
61 47
61 54
61 57
61 62
61 64
61 67
61 70
61 72
61 79
61 84
61 87
61 88
61 92
61 96
62 1
62 3
62 5
62 9
62 10
62 11
62 12
62 14
62 15
62 17
62 18
62 19
62 21
62 22
62 33
62 34
62 35
62 40
62 41
62 42
62 43
62 46
62 47
62 49
62 50
62 52
62 53
62 57
62 59
62 61
62 65
62 68
62 69
62 70
62 72
62 73
62 80
62 81
62 83
62 84
62 86
62 95
62 99
63 3
63 6
63 7
63 8
63 10
63 13
63 17
63 19
63 20
63 27
63 32
63 34
63 36
63 38
63 40
63 45
63 47
63 54
63 67
63 69
63 70
63 71
63 73
63 75
63 77
63 78
63 80
63 83
63 84
63 87
63 89
63 90
63 94
63 95
63 100
64 2
64 6
64 11
64 13
64 14
64 15
64 16
64 20
64 21
64 22
64 23
64 25
64 26
64 27
64 35
64 37
64 41
64 42
64 45
64 48
64 49
64 51
64 52
64 56
64 57
64 58
64 61
64 67
64 68
64 70
64 73
64 74
64 77
64 78
64 79
64 86
64 87
64 88
64 89
64 92
64 93
64 95
64 100
65 8
65 9
65 12
65 16
65 18
65 20
65 21
65 32
65 33
65 36
65 39
65 46
65 48
65 54
65 57
65 59
65 60
65 62
65 75
65 76
65 78
65 80
65 81
65 82
65 83
65 85
65 86
65 91
65 93
65 95
65 98
66 1
66 2
66 3
66 4
66 7
66 10
66 11
66 13
66 14
66 15
66 16
66 17
66 22
66 26
66 29
66 30
66 31
66 32
66 33
66 37
66 38
66 39
66 40
66 43
66 44
66 46
66 52
66 54
66 57
66 69
66 74
66 79
66 82
66 84
66 85
66 88
66 89
66 95
66 96
66 97
67 1
67 2
67 3
67 5
67 6
67 7
67 8
67 9
67 11
67 15
67 16
67 19
67 24
67 27
67 29
67 30
67 36
67 37
67 45
67 49
67 53
67 54
67 56
67 60
67 61
67 63
67 64
67 74
67 77
67 79
67 89
67 91
67 95
67 98
68 3
68 8
68 11
68 13
68 16
68 17
68 20
68 21
68 22
68 25
68 26
68 30
68 31
68 40
68 41
68 43
68 46
68 47
68 48
68 52
68 53
68 55
68 56
68 59
68 60
68 62
68 64
68 69
68 70
68 72
68 75
68 76
68 81
68 82
68 84
68 86
68 88
68 90
68 91
68 93
68 98
68 100
69 6
69 8
69 9
69 17
69 18
69 22
69 23
69 24
69 28
69 29
69 31
69 32
69 37
69 38
69 40
69 42
69 43
69 44
69 45
69 46
69 50
69 54
69 55
69 59
69 62
69 63
69 66
69 68
69 70
69 71
69 73
69 81
69 83
69 84
69 85
69 87
69 91
69 94
69 97
69 99
70 2
70 4
70 7
70 8
70 11
70 13
70 14
70 15
70 19
70 20
70 24
70 26
70 28
70 30
70 32
70 34
70 42
70 44
70 46
70 47
70 48
70 50
70 51
70 57
70 58
70 60
70 61
70 62
70 63
70 64
70 68
70 69
70 71
70 74
70 80
70 86
70 89
70 90
70 99
71 1
71 2
71 4
71 6
71 9
71 10
71 11
71 13
71 15
71 17
71 18
71 24
71 26
71 27
71 31
71 33
71 38
71 42
71 43
71 44
71 51
71 53
71 56
71 58
71 59
71 63
71 69
71 70
71 79
71 80
71 84
71 86
71 87
71 89
71 90
71 94
71 97
71 100
72 2
72 3
72 4
72 6
72 7
72 9
72 10
72 16
72 19
72 22
72 23
72 27
72 29
72 31
72 34
72 36
72 40
72 42
72 43
72 44
72 47
72 48
72 49
72 50
72 51
72 55
72 56
72 59
72 61
72 62
72 68
72 77
72 80
72 85
72 86
72 87
72 88
72 89
72 94
72 97
72 99
72 100
73 3
73 4
73 9
73 14
73 16
73 17
73 21
73 24
73 25
73 31
73 40
73 41
73 42
73 49
73 52
73 54
73 56
73 62
73 63
73 64
73 69
73 75
73 77
73 81
73 83
73 89
73 91
73 92
73 94
73 95
73 99
73 100
74 1
74 2
74 3
74 4
74 7
74 9
74 11
74 14
74 15
74 17
74 22
74 28
74 29
74 32
74 36
74 39
74 40
74 41
74 48
74 54
74 56
74 57
74 58
74 64
74 66
74 67
74 70
74 75
74 79
74 84
74 86
74 89
74 90
74 96
74 98
74 99
75 3
75 4
75 5
75 8
75 10
75 11
75 14
75 16
75 19
75 21
75 22
75 25
75 27
75 30
75 35
75 38
75 40
75 42
75 44
75 47
75 48
75 52
75 53
75 55
75 56
75 60
75 63
75 65
75 68
75 73
75 74
75 77
75 80
75 82
75 86
75 88
75 90
75 92
75 95
75 97
76 2
76 4
76 7
76 9
76 11
76 14
76 15
76 16
76 20
76 21
76 22
76 25
76 28
76 30
76 33
76 35
76 37
76 43
76 45
76 47
76 50
76 56
76 65
76 68
76 77
76 79
76 80
76 84
76 90
76 98
76 99
77 1
77 2
77 3
77 4
77 11
77 12
77 14
77 16
77 18
77 24
77 32
77 33
77 34
77 37
77 38
77 49
77 56
77 58
77 63
77 64
77 67
77 72
77 73
77 75
77 76
77 82
77 84
77 88
77 89
77 93
77 94
77 97
77 98
78 3
78 4
78 7
78 8
78 10
78 14
78 15
78 16
78 19
78 21
78 24
78 26
78 28
78 30
78 31
78 34
78 38
78 39
78 42
78 52
78 53
78 63
78 64
78 65
78 80
78 81
78 83
78 84
78 87
78 88
78 89
78 90
78 91
78 95
78 98
78 100
79 4
79 6
79 10
79 11
79 13
79 14
79 18
79 19
79 24
79 27
79 28
79 29
79 32
79 34
79 35
79 37
79 40
79 41
79 44
79 45
79 47
79 49
79 51
79 52
79 57
79 61
79 64
79 66
79 67
79 71
79 74
79 76
79 82
79 84
79 85
79 87
79 93
79 94
79 96
80 1
80 3
80 4
80 6
80 7
80 11
80 12
80 16
80 21
80 23
80 28
80 29
80 31
80 35
80 37
80 42
80 43
80 44
80 45
80 46
80 47
80 49
80 51
80 52
80 53
80 57
80 59
80 60
80 62
80 63
80 65
80 70
80 71
80 72
80 75
80 76
80 78
80 83
80 84
80 85
80 86
80 88
80 89
80 91
80 92
80 93
80 94
80 95
80 97
80 99
80 100
81 1
81 6
81 11
81 12
81 13
81 14
81 16
81 19
81 20
81 25
81 26
81 28
81 29
81 33
81 35
81 38
81 41
81 48
81 50
81 54
81 56
81 57
81 60
81 62
81 65
81 68
81 69
81 73
81 78
81 84
81 85
81 86
81 92
81 95
81 96
81 100
82 3
82 4
82 9
82 10
82 11
82 13
82 14
82 16
82 18
82 21
82 24
82 27
82 33
82 34
82 35
82 39
82 41
82 42
82 43
82 52
82 53
82 54
82 57
82 58
82 60
82 65
82 66
82 68
82 75
82 77
82 79
82 83
82 85
82 86
82 87
82 88
82 90
82 92
82 94
82 96
82 99
83 1
83 3
83 6
83 8
83 10
83 11
83 16
83 17
83 22
83 23
83 26
83 28
83 29
83 31
83 32
83 33
83 36
83 37
83 41
83 46
83 49
83 53
83 55
83 56
83 57
83 58
83 59
83 62
83 63
83 65
83 69
83 73
83 78
83 80
83 82
83 85
83 86
83 87
83 88
83 89
83 91
83 95
83 98
84 1
84 3
84 9
84 11
84 12
84 14
84 17
84 18
84 19
84 21
84 23
84 24
84 26
84 30
84 35
84 36
84 37
84 40
84 43
84 47
84 54
84 59
84 61
84 62
84 63
84 66
84 68
84 69
84 71
84 74
84 76
84 77
84 78
84 79
84 80
84 81
84 85
84 87
84 91
84 92
84 93
84 97
85 2
85 4
85 5
85 11
85 14
85 16
85 19
85 21
85 23
85 27
85 28
85 29
85 32
85 37
85 39
85 41
85 42
85 43
85 44
85 47
85 51
85 53
85 54
85 57
85 58
85 60
85 65
85 66
85 69
85 72
85 79
85 80
85 81
85 82
85 83
85 84
85 88
85 89
85 92
85 95
85 96
85 100
86 1
86 3
86 8
86 9
86 10
86 13
86 20
86 24
86 28
86 29
86 31
86 40
86 43
86 45
86 47
86 53
86 55
86 57
86 59
86 62
86 64
86 65
86 68
86 70
86 71
86 72
86 74
86 75
86 80
86 81
86 82
86 83
86 88
86 89
86 91
86 93
86 94
86 97
86 98
87 4
87 10
87 11
87 12
87 13
87 15
87 20
87 21
87 24
87 26
87 29
87 33
87 35
87 36
87 37
87 38
87 41
87 43
87 45
87 49
87 50
87 52
87 53
87 54
87 55
87 56
87 57
87 58
87 61
87 63
87 64
87 69
87 71
87 72
87 78
87 79
87 82
87 83
87 84
87 91
87 94
87 96
87 99
87 100
88 3
88 7
88 10
88 15
88 24
88 25
88 26
88 27
88 32
88 34
88 35
88 38
88 39
88 42
88 43
88 46
88 58
88 59
88 61
88 64
88 66
88 68
88 72
88 75
88 77
88 78
88 80
88 82
88 83
88 85
88 86
88 89
88 92
88 96
88 98
88 100
89 1
89 4
89 8
89 11
89 18
89 20
89 21
89 22
89 23
89 24
89 27
89 30
89 33
89 35
89 36
89 39
89 42
89 45
89 46
89 49
89 52
89 56
89 57
89 63
89 64
89 66
89 67
89 70
89 71
89 72
89 73
89 74
89 77
89 78
89 80
89 83
89 85
89 86
89 88
89 91
89 99
89 100
90 3
90 8
90 12
90 14
90 16
90 19
90 21
90 22
90 23
90 25
90 26
90 28
90 29
90 30
90 33
90 37
90 38
90 45
90 46
90 49
90 53
90 54
90 56
90 57
90 58
90 60
90 63
90 68
90 70
90 71
90 74
90 75
90 76
90 78
90 82
90 91
90 92
90 95
90 97
90 99
91 1
91 2
91 4
91 5
91 6
91 10
91 13
91 14
91 19
91 21
91 24
91 25
91 28
91 33
91 36
91 39
91 41
91 44
91 46
91 48
91 55
91 57
91 60
91 65
91 67
91 68
91 69
91 73
91 78
91 80
91 83
91 84
91 86
91 87
91 89
91 90
91 94
91 95
91 97
91 99
92 7
92 15
92 20
92 21
92 25
92 27
92 29
92 30
92 31
92 32
92 36
92 38
92 41
92 42
92 45
92 49
92 52
92 53
92 54
92 60
92 61
92 64
92 73
92 75
92 80
92 81
92 82
92 84
92 85
92 88
92 90
92 95
92 98
93 8
93 9
93 10
93 13
93 18
93 19
93 20
93 22
93 25
93 27
93 32
93 33
93 36
93 38
93 40
93 42
93 43
93 48
93 64
93 65
93 68
93 77
93 79
93 80
93 84
93 86
93 95
93 100
94 1
94 3
94 4
94 6
94 8
94 10
94 11
94 12
94 14
94 21
94 23
94 24
94 26
94 27
94 28
94 34
94 38
94 39
94 40
94 41
94 46
94 48
94 49
94 52
94 57
94 59
94 60
94 63
94 69
94 71
94 72
94 73
94 77
94 79
94 80
94 82
94 86
94 87
94 91
94 96
94 100
95 1
95 5
95 8
95 10
95 11
95 13
95 15
95 16
95 17
95 20
95 24
95 26
95 27
95 30
95 33
95 35
95 38
95 39
95 45
95 47
95 49
95 53
95 55
95 58
95 60
95 62
95 63
95 64
95 65
95 66
95 67
95 73
95 75
95 78
95 80
95 81
95 83
95 85
95 90
95 91
95 92
95 93
95 96
95 97
96 10
96 12
96 13
96 15
96 16
96 18
96 19
96 21
96 22
96 24
96 26
96 27
96 28
96 36
96 37
96 38
96 39
96 43
96 47
96 48
96 50
96 51
96 52
96 56
96 59
96 61
96 66
96 74
96 79
96 81
96 82
96 85
96 87
96 88
96 94
96 95
96 98
96 100
97 3
97 5
97 9
97 10
97 17
97 18
97 23
97 25
97 26
97 27
97 29
97 32
97 34
97 35
97 37
97 40
97 41
97 44
97 45
97 53
97 56
97 59
97 66
97 69
97 71
97 72
97 75
97 77
97 80
97 84
97 86
97 90
97 91
97 95
97 98
97 100
98 2
98 8
98 10
98 15
98 16
98 17
98 24
98 27
98 28
98 31
98 39
98 40
98 41
98 42
98 45
98 48
98 49
98 52
98 53
98 65
98 67
98 68
98 74
98 76
98 77
98 78
98 83
98 86
98 88
98 92
98 96
98 97
98 99
99 1
99 5
99 7
99 8
99 11
99 12
99 13
99 21
99 22
99 26
99 27
99 28
99 30
99 31
99 32
99 33
99 34
99 39
99 41
99 47
99 52
99 53
99 58
99 59
99 62
99 69
99 70
99 72
99 73
99 74
99 76
99 80
99 82
99 87
99 89
99 90
99 91
99 98
100 1
100 4
100 5
100 6
100 7
100 11
100 13
100 15
100 16
100 21
100 22
100 25
100 27
100 28
100 31
100 32
100 37
100 41
100 49
100 51
100 52
100 54
100 58
100 63
100 64
100 68
100 71
100 72
100 73
100 78
100 80
100 81
100 85
100 87
100 88
100 89
100 93
100 94
100 96
100 97
