100
1 2
1 3
1 6
1 7
1 8
1 11
1 13
1 16
1 17
1 18
1 22
1 27
1 28
1 34
1 36
1 39
1 40
1 43
1 45
1 47
1 55
1 56
1 57
1 58
1 59
1 60
1 65
1 67
1 68
1 69
1 70
1 71
1 73
1 74
1 76
1 78
1 79
1 84
1 88
1 89
1 90
1 91
1 95
2 1
2 6
2 8
2 10
2 12
2 14
2 21
2 25
2 26
2 29
2 32
2 36
2 38
2 39
2 40
2 41
2 45
2 48
2 49
2 50
2 51
2 56
2 59
2 62
2 64
2 69
2 72
2 74
2 87
2 89
2 90
2 91
2 96
2 97
2 98
3 1
3 8
3 9
3 10
3 16
3 17
3 20
3 23
3 26
3 27
3 32
3 37
3 38
3 43
3 47
3 49
3 50
3 52
3 53
3 54
3 55
3 56
3 58
3 62
3 63
3 64
3 65
3 66
3 67
3 68
3 70
3 75
3 78
3 80
3 81
3 84
3 87
3 88
3 89
3 93
3 94
3 99
4 6
4 10
4 11
4 12
4 14
4 15
4 16
4 17
4 20
4 27
4 32
4 37
4 40
4 42
4 43
4 45
4 48
4 49
4 52
4 54
4 56
4 57
4 58
4 60
4 66
4 67
4 68
4 70
4 71
4 74
4 75
4 77
4 79
4 80
4 81
4 82
4 84
4 85
4 86
4 87
4 89
4 93
4 94
4 97
4 100
5 8
5 11
5 15
5 16
5 17
5 19
5 21
5 24
5 25
5 27
5 30
5 31
5 33
5 34
5 36
5 37
5 39
5 45
5 46
5 47
5 48
5 51
5 54
5 55
5 57
5 58
5 61
5 67
5 70
5 71
5 75
5 77
5 79
5 83
5 84
5 86
5 87
5 90
5 91
5 93
5 95
5 96
5 99
6 1
6 2
6 4
6 10
6 16
6 17
6 21
6 22
6 24
6 25
6 26
6 31
6 33
6 34
6 35
6 39
6 42
6 44
6 45
6 48
6 53
6 58
6 60
6 64
6 66
6 68
6 71
6 72
6 73
6 76
6 78
6 79
6 80
6 82
6 84
6 85
6 86
6 88
6 89
6 91
6 98
6 99
6 100
7 1
7 8
7 10
7 11
7 12
7 13
7 15
7 22
7 24
7 27
7 28
7 33
7 34
7 35
7 36
7 44
7 46
7 49
7 50
7 52
7 54
7 59
7 63
7 64
7 66
7 68
7 76
7 77
7 79
7 82
7 83
7 84
7 91
7 93
7 95
7 96
7 97
7 98
7 100
8 1
8 2
8 3
8 5
8 7
8 9
8 10
8 12
8 14
8 16
8 19
8 20
8 32
8 33
8 34
8 38
8 41
8 42
8 46
8 47
8 49
8 50
8 52
8 54
8 61
8 64
8 65
8 71
8 74
8 77
8 78
8 79
8 81
8 83
8 86
8 87
8 91
8 92
8 97
8 98
9 3
9 8
9 11
9 18
9 21
9 26
9 27
9 28
9 29
9 30
9 35
9 36
9 37
9 41
9 42
9 45
9 47
9 50
9 51
9 53
9 54
9 56
9 57
9 59
9 60
9 61
9 62
9 64
9 65
9 67
9 76
9 77
9 79
9 81
9 82
9 83
9 87
9 92
9 94
9 98
10 2
10 3
10 4
10 6
10 7
10 8
10 12
10 13
10 15
10 16
10 20
10 21
10 22
10 23
10 26
10 28
10 29
10 30
10 32
10 33
10 34
10 35
10 36
10 40
10 44
10 51
10 53
10 55
10 57
10 58
10 59
10 61
10 62
10 66
10 68
10 70
10 72
10 73
10 74
10 75
10 76
10 77
10 79
10 81
10 83
10 90
10 91
10 94
10 97
10 98
10 100
11 1
11 4
11 5
11 7
11 9
11 12
11 13
11 14
11 16
11 18
11 24
11 26
11 29
11 31
11 32
11 33
11 35
11 36
11 37
11 39
11 42
11 45
11 46
11 47
11 50
11 57
11 59
11 60
11 65
11 66
11 68
11 70
11 71
11 72
11 73
11 74
11 77
11 78
11 80
11 81
11 83
11 86
11 89
11 94
11 95
11 97
11 99
11 100
12 2
12 4
12 7
12 8
12 10
12 11
12 13
12 14
12 16
12 17
12 19
12 20
12 21
12 22
12 24
12 27
12 32
12 33
12 34
12 35
12 38
12 42
12 52
12 53
12 54
12 66
12 72
12 73
12 74
12 78
12 80
12 83
12 86
12 88
12 90
12 93
12 96
12 98
12 100
13 1
13 7
13 10
13 11
13 12
13 14
13 15
13 16
13 19
13 22
13 23
13 27
13 30
13 33
13 35
13 39
13 41
13 43
13 46
13 48
13 49
13 60
13 61
13 62
13 63
13 64
13 65
13 66
13 68
13 69
13 70
13 73
13 74
13 75
13 79
13 80
13 83
13 84
13 86
13 89
13 91
13 93
13 96
13 97
13 98
13 99
14 2
14 4
14 8
14 11
14 12
14 13
14 15
14 17
14 20
14 21
14 22
14 24
14 31
14 33
14 34
14 35
14 36
14 40
14 46
14 47
14 51
14 52
14 53
14 56
14 58
14 60
14 61
14 62
14 63
14 65
14 66
14 70
14 72
14 78
14 79
14 82
14 85
14 90
14 92
14 93
14 98
15 4
15 5
15 7
15 10
15 13
15 14
15 16
15 18
15 19
15 20
15 23
15 27
15 28
15 30
15 31
15 33
15 40
15 41
15 42
15 43
15 47
15 49
15 50
15 52
15 56
15 57
15 59
15 60
15 61
15 64
15 65
15 70
15 78
15 80
15 84
15 85
15 87
15 88
15 89
15 90
15 94
15 98
16 1
16 3
16 4
16 5
16 6
16 8
16 10
16 11
16 12
16 13
16 15
16 18
16 21
16 23
16 24
16 26
16 27
16 28
16 33
16 36
16 38
16 39
16 41
16 51
16 53
16 55
16 56
16 57
16 59
16 61
16 62
16 66
16 67
16 69
16 70
16 71
16 72
16 73
16 79
16 82
16 84
16 85
16 90
16 91
16 92
16 97
16 98
16 99
16 100
17 1
17 3
17 4
17 5
17 6
17 12
17 14
17 23
17 24
17 28
17 29
17 31
17 40
17 48
17 49
17 50
17 54
17 56
17 57
17 61
17 63
17 64
17 65
17 66
17 68
17 69
17 81
17 82
17 86
17 90
17 92
17 93
17 100
18 1
18 9
18 11
18 15
18 16
18 22
18 30
18 32
18 33
18 42
18 44
18 45
18 48
18 49
18 54
18 56
18 57
18 58
18 61
18 62
18 64
18 65
18 66
18 69
18 70
18 72
18 76
18 77
18 79
18 80
18 81
18 82
18 88
18 92
19 5
19 8
19 12
19 13
19 15
19 20
19 23
19 31
19 33
19 35
19 40
19 41
19 46
19 47
19 48
19 50
19 55
19 58
19 60
19 61
19 64
19 65
19 69
19 70
19 71
19 74
19 76
19 78
19 80
19 81
19 82
19 83
19 84
19 85
19 90
19 92
19 95
19 98
19 100
20 3
20 4
20 8
20 10
20 12
20 14
20 15
20 19
20 21
20 23
20 24
20 27
20 31
20 32
20 40
20 46
20 49
20 54
20 57
20 60
20 62
20 63
20 64
20 67
20 69
20 70
20 71
20 76
20 77
20 78
20 81
20 84
20 86
20 87
20 91
20 92
20 94
20 96
20 98
20 99
20 100
21 2
21 5
21 6
21 9
21 10
21 12
21 14
21 16
21 20
21 22
21 29
21 34
21 36
21 37
21 38
21 39
21 40
21 43
21 47
21 49
21 51
21 54
21 57
21 58
21 60
21 62
21 63
21 64
21 66
21 67
21 68
21 70
21 71
21 73
21 74
21 76
21 80
21 81
21 82
21 86
21 87
21 90
21 91
21 92
21 93
21 95
21 99
22 1
22 6
22 7
22 10
22 12
22 13
22 14
22 18
22 21
22 24
22 26
22 31
22 32
22 34
22 35
22 38
22 40
22 44
22 45
22 57
22 61
22 62
22 64
22 67
22 72
22 77
22 79
22 84
22 86
22 89
22 90
22 92
22 95
22 98
22 99
22 100
23 3
23 10
23 13
23 15
23 16
23 17
23 19
23 20
23 24
23 25
23 31
23 34
23 38
23 40
23 41
23 45
23 46
23 47
23 54
23 57
23 61
23 62
23 63
23 68
23 70
23 75
23 76
23 77
23 81
23 83
23 84
23 86
23 92
23 94
23 95
23 96
24 5
24 6
24 7
24 11
24 12
24 14
24 16
24 17
24 20
24 22
24 23
24 27
24 29
24 31
24 36
24 38
24 40
24 42
24 43
24 45
24 46
24 48
24 54
24 60
24 68
24 69
24 73
24 74
24 75
24 76
24 77
24 78
24 83
24 84
24 86
24 89
24 91
24 94
24 96
25 2
25 5
25 6
25 23
25 27
25 29
25 30
25 32
25 34
25 40
25 43
25 46
25 56
25 58
25 61
25 63
25 64
25 65
25 69
25 70
25 71
25 72
25 74
25 75
25 76
25 84
25 86
25 87
25 89
25 92
25 93
25 94
25 96
25 98
25 99
25 100
26 2
26 3
26 6
26 9
26 10
26 11
26 16
26 22
26 31
26 34
26 37
26 39
26 40
26 42
26 44
26 53
26 58
26 59
26 62
26 70
26 72
26 75
26 82
26 83
26 86
26 87
26 88
26 89
26 92
26 95
26 96
26 97
26 98
27 1
27 3
27 4
27 5
27 7
27 9
27 12
27 13
27 15
27 16
27 20
27 24
27 25
27 30
27 32
27 37
27 38
27 40
27 41
27 42
27 44
27 45
27 48
27 49
27 51
27 56
27 58
27 61
27 63
27 65
27 69
27 70
27 71
27 72
27 73
27 74
27 76
27 78
27 83
27 85
27 87
27 88
27 91
27 100
28 1
28 7
28 9
28 10
28 15
28 16
28 17
28 29
28 31
28 32
28 33
28 34
28 39
28 40
28 41
28 46
28 48
28 52
28 54
28 55
28 56
28 57
28 62
28 65
28 70
28 76
28 79
28 81
28 82
28 89
28 90
28 92
28 95
28 99
28 100
29 2
29 9
29 10
29 11
29 17
29 21
29 24
29 25
29 28
29 33
29 40
29 43
29 44
29 48
29 49
29 53
29 55
29 56
29 57
29 58
29 59
29 63
29 65
29 66
29 69
29 72
29 75
29 76
29 80
29 82
29 83
29 91
29 93
29 96
29 97
30 5
30 9
30 10
30 13
30 15
30 18
30 25
30 27
30 36
30 38
30 40
30 42
30 44
30 48
30 49
30 55
30 56
30 58
30 59
30 61
30 63
30 66
30 67
30 68
30 71
30 72
30 78
30 80
30 81
30 83
30 87
30 88
30 91
30 92
30 93
30 94
30 96
30 98
30 99
31 5
31 6
31 11
31 14
31 15
31 17
31 19
31 20
31 22
31 23
31 24
31 26
31 28
31 32
31 33
31 34
31 37
31 42
31 43
31 44
31 45
31 48
31 53
31 59
31 60
31 61
31 64
31 68
31 69
31 70
31 73
31 75
31 78
31 79
31 80
31 82
31 85
31 91
31 92
31 93
31 94
31 99
32 2
32 3
32 4
32 8
32 10
32 11
32 12
32 18
32 20
32 22
32 25
32 27
32 28
32 31
32 38
32 40
32 47
32 48
32 49
32 54
32 56
32 60
32 62
32 64
32 66
32 68
32 71
32 75
32 76
32 77
32 80
32 82
32 83
32 84
32 96
32 97
33 5
33 6
33 7
33 8
33 10
33 11
33 12
33 13
33 14
33 15
33 16
33 18
33 19
33 28
33 29
33 31
33 34
33 37
33 38
33 40
33 44
33 46
33 47
33 49
33 50
33 53
33 59
33 63
33 71
33 72
33 75
33 76
33 78
33 79
33 80
33 82
33 84
33 85
33 87
33 90
33 92
33 100
34 1
34 5
34 6
34 7
34 8
34 10
34 12
34 14
34 21
34 22
34 23
34 25
34 26
34 28
34 31
34 33
34 41
34 42
34 45
34 47
34 49
34 51
34 55
34 58
34 59
34 60
34 61
34 68
34 70
34 79
34 80
34 86
34 87
34 89
34 90
34 94
34 95
34 96
34 99
34 100
35 6
35 7
35 9
35 10
35 11
35 12
35 13
35 14
35 19
35 22
35 37
35 43
35 44
35 45
35 46
35 49
35 52
35 54
35 56
35 59
35 60
35 61
35 65
35 67
35 70
35 72
35 74
35 77
35 79
35 81
35 85
35 86
35 87
35 88
35 89
35 97
35 99
35 100
36 1
36 2
36 5
36 7
36 9
36 10
36 11
36 14
36 16
36 21
36 24
36 30
36 37
36 38
36 43
36 44
36 46
36 47
36 48
36 49
36 50
36 53
36 54
36 55
36 57
36 58
36 59
36 60
36 62
36 65
36 70
36 71
36 73
36 74
36 75
36 78
36 83
36 84
36 86
36 91
36 94
36 97
36 99
37 3
37 4
37 5
37 9
37 11
37 21
37 26
37 27
37 31
37 33
37 35
37 36
37 40
37 43
37 44
37 46
37 50
37 52
37 58
37 59
37 60
37 62
37 64
37 65
37 70
37 71
37 72
37 73
37 80
37 85
37 89
37 90
37 91
37 92
37 94
37 96
37 98
37 99
37 100
38 2
38 3
38 8
38 12
38 16
38 21
38 22
38 23
38 24
38 27
38 30
38 32
38 33
38 36
38 40
38 43
38 47
38 51
38 52
38 53
38 55
38 56
38 57
38 59
38 60
38 62
38 64
38 65
38 66
38 67
38 68
38 69
38 70
38 72
38 73
38 75
38 76
38 78
38 83
38 92
38 93
38 94
38 95
38 98
38 99
39 1
39 2
39 5
39 6
39 11
39 13
39 16
39 21
39 26
39 28
39 42
39 43
39 46
39 55
39 56
39 58
39 65
39 73
39 74
39 76
39 77
39 78
39 83
39 84
39 92
39 94
39 97
40 1
40 2
40 4
40 10
40 14
40 15
40 17
40 19
40 20
40 21
40 22
40 23
40 24
40 25
40 26
40 27
40 28
40 29
40 30
40 32
40 33
40 37
40 38
40 42
40 44
40 45
40 46
40 48
40 50
40 56
40 57
40 61
40 62
40 64
40 67
40 70
40 73
40 82
40 83
40 85
40 87
40 89
40 90
40 95
40 96
40 97
40 99
41 2
41 8
41 9
41 13
41 15
41 16
41 19
41 23
41 27
41 28
41 34
41 42
41 43
41 50
41 51
41 53
41 59
41 60
41 64
41 66
41 70
41 73
41 74
41 75
41 76
41 77
41 80
41 82
41 87
41 88
41 90
41 97
42 4
42 6
42 8
42 9
42 11
42 12
42 15
42 18
42 24
42 26
42 27
42 30
42 31
42 34
42 39
42 40
42 41
42 43
42 45
42 49
42 50
42 51
42 53
42 60
42 64
42 65
42 67
42 69
42 72
42 73
42 76
42 77
42 78
42 81
42 83
42 84
42 90
42 93
42 94
42 96
42 98
42 99
43 1
43 3
43 4
43 13
43 15
43 21
43 24
43 25
43 29
43 31
43 35
43 36
43 37
43 38
43 39
43 41
43 42
43 47
43 49
43 54
43 58
43 63
43 64
43 65
43 67
43 68
43 71
43 72
43 73
43 77
43 78
43 79
43 80
43 81
43 83
43 84
43 85
43 87
43 88
43 89
43 96
43 97
43 98
43 99
44 6
44 7
44 10
44 18
44 22
44 26
44 27
44 29
44 30
44 31
44 33
44 35
44 36
44 37
44 40
44 46
44 49
44 51
44 53
44 54
44 56
44 57
44 58
44 60
44 63
44 64
44 65
44 66
44 67
44 70
44 75
44 76
44 77
44 80
44 81
44 82
44 84
44 86
44 87
44 88
44 89
44 90
44 91
44 92
44 93
44 98
44 99
45 1
45 2
45 4
45 5
45 6
45 9
45 11
45 18
45 22
45 23
45 24
45 27
45 31
45 34
45 35
45 40
45 42
45 49
45 50
45 51
45 56
45 59
45 62
45 63
45 64
45 69
45 70
45 75
45 77
45 78
45 79
45 82
45 84
45 87
45 90
45 93
45 94
45 95
45 96
45 98
45 99
45 100
46 5
46 7
46 8
46 11
46 13
46 14
46 19
46 20
46 23
46 24
46 25
46 28
46 33
46 35
46 36
46 37
46 39
46 40
46 44
46 49
46 53
46 54
46 55
46 56
46 57
46 61
46 63
46 65
46 69
46 70
46 77
46 78
46 80
46 82
46 88
46 92
46 95
46 98
47 1
47 3
47 5
47 8
47 9
47 11
47 14
47 15
47 19
47 21
47 23
47 32
47 33
47 34
47 36
47 38
47 43
47 49
47 51
47 53
47 54
47 56
47 63
47 64
47 65
47 67
47 72
47 73
47 74
47 79
47 80
47 83
47 84
47 90
47 91
47 92
47 95
47 96
47 100
48 2
48 4
48 5
48 6
48 13
48 17
48 18
48 19
48 24
48 27
48 28
48 29
48 30
48 31
48 32
48 36
48 40
48 49
48 50
48 55
48 57
48 62
48 65
48 70
48 71
48 73
48 75
48 78
48 81
48 84
48 86
48 87
48 88
48 89
48 91
48 92
48 95
48 99
49 2
49 3
49 4
49 7
49 8
49 13
49 15
49 17
49 18
49 20
49 21
49 27
49 29
49 30
49 32
49 33
49 34
49 35
49 36
49 42
49 43
49 44
49 45
49 46
49 47
49 48
49 50
49 51
49 52
49 53
49 54
49 56
49 57
49 61
49 67
49 68
49 70
49 72
49 73
49 79
49 81
49 84
49 85
49 89
49 90
49 91
49 95
49 100
50 2
50 3
50 7
50 8
50 9
50 11
50 15
50 17
50 19
50 33
50 36
50 37
50 40
50 41
50 42
50 45
50 48
50 49
50 54
50 56
50 60
50 61
50 62
50 63
50 64
50 65
50 67
50 68
50 69
50 73
50 75
50 77
50 80
50 82
50 87
50 91
50 93
50 99
51 2
51 5
51 9
51 10
51 14
51 16
51 21
51 27
51 34
51 38
51 41
51 42
51 44
51 45
51 47
51 49
51 58
51 61
51 66
51 67
51 68
51 69
51 71
51 73
51 74
51 76
51 77
51 79
51 82
51 92
51 93
51 94
51 96
51 97
51 99
51 100
52 3
52 4
52 7
52 8
52 12
52 14
52 15
52 28
52 35
52 37
52 38
52 49
52 54
52 55
52 57
52 59
52 64
52 65
52 67
52 69
52 70
52 71
52 74
52 78
52 80
52 83
52 84
52 85
52 92
52 93
52 95
52 98
52 99
53 3
53 6
53 9
53 10
53 12
53 14
53 16
53 26
53 29
53 31
53 33
53 36
53 38
53 41
53 42
53 44
53 46
53 47
53 49
53 55
53 57
53 60
53 61
53 62
53 63
53 65
53 72
53 76
53 79
53 81
53 82
53 86
53 91
53 92
53 93
54 3
54 4
54 5
54 7
54 8
54 9
54 12
54 17
54 18
54 20
54 21
54 23
54 24
54 28
54 32
54 35
54 36
54 43
54 44
54 46
54 47
54 49
54 50
54 52
54 55
54 59
54 63
54 65
54 69
54 72
54 73
54 74
54 77
54 78
54 79
54 81
54 94
54 98
55 1
55 3
55 5
55 10
55 16
55 19
55 28
55 29
55 30
55 34
55 36
55 38
55 39
55 46
55 48
55 52
55 53
55 54
55 56
55 58
55 59
55 65
55 70
55 72
55 77
55 78
55 79
55 83
55 86
55 90
55 92
55 94
55 95
55 96
55 97
55 98
56 1
56 2
56 3
56 4
56 9
56 14
56 15
56 16
56 17
56 18
56 25
56 27
56 28
56 29
56 30
56 32
56 35
56 38
56 39
56 40
56 44
56 45
56 46
56 47
56 49
56 50
56 55
56 68
56 72
56 74
56 75
56 76
56 77
56 81
56 82
56 83
56 86
56 87
56 89
56 91
56 95
56 100
57 1
57 4
57 5
57 9
57 10
57 11
57 15
57 16
57 17
57 18
57 20
57 21
57 22
57 23
57 28
57 29
57 36
57 38
57 40
57 44
57 46
57 48
57 49
57 52
57 53
57 59
57 60
57 62
57 64
57 65
57 68
57 69
57 70
57 74
57 75
57 76
57 78
57 80
57 86
57 91
57 94
57 95
57 97
57 98
57 99
58 1
58 3
58 4
58 5
58 6
58 10
58 14
58 18
58 19
58 21
58 25
58 26
58 27
58 29
58 30
58 34
58 36
58 37
58 39
58 43
58 44
58 51
58 55
58 59
58 60
58 61
58 63
58 64
58 65
58 69
58 71
58 73
58 77
58 81
58 82
58 83
58 91
58 97
58 98
59 1
59 2
59 7
59 9
59 10
59 11
59 15
59 16
59 26
59 29
59 30
59 31
59 33
59 34
59 35
59 36
59 37
59 38
59 41
59 45
59 52
59 54
59 55
59 57
59 58
59 60
59 67
59 69
59 72
59 73
59 74
59 75
59 78
59 82
59 85
59 86
59 97
59 98
60 1
60 4
60 6
60 9
60 11
60 13
60 14
60 15
60 19
60 20
60 21
60 24
60 31
60 32
60 34
60 35
60 36
60 37
60 38
60 41
60 42
60 44
60 50
60 53
60 57
60 58
60 59
60 62
60 63
60 64
60 65
60 68
60 73
60 74
60 77
60 78
60 81
60 85
60 86
60 89
60 92
60 97
60 98
61 5
61 8
61 9
61 10
61 13
61 14
61 15
61 16
61 17
61 18
61 19
61 22
61 23
61 25
61 27
61 30
61 31
61 34
61 35
61 40
61 46
61 49
61 50
61 51
61 53
61 58
61 62
61 64
61 67
61 70
61 71
61 77
61 81
61 88
61 92
61 99
61 100
62 2
62 3
62 9
62 10
62 13
62 14
62 16
62 18
62 20
62 21
62 22
62 23
62 26
62 28
62 32
62 36
62 37
62 38
62 40
62 45
62 48
62 50
62 53
62 57
62 60
62 61
62 66
62 70
62 71
62 73
62 75
62 80
62 81
62 82
62 84
62 86
62 93
62 95
62 99
63 3
63 7
63 13
63 14
63 17
63 20
63 21
63 23
63 25
63 27
63 29
63 30
63 33
63 43
63 44
63 45
63 46
63 47
63 50
63 53
63 54
63 58
63 60
63 64
63 65
63 68
63 69
63 72
63 75
63 81
63 82
63 83
63 85
63 88
63 89
63 90
63 92
63 93
63 94
63 96
63 97
63 98
63 99
64 2
64 3
64 6
64 7
64 8
64 9
64 13
64 15
64 17
64 18
64 19
64 20
64 21
64 22
64 25
64 31
64 32
64 37
64 38
64 40
64 41
64 42
64 43
64 44
64 45
64 47
64 50
64 52
64 57
64 58
64 60
64 61
64 63
64 65
64 68
64 72
64 88
64 90
64 93
64 96
64 97
64 100
65 1
65 3
65 8
65 9
65 11
65 13
65 14
65 15
65 17
65 18
65 19
65 25
65 27
65 28
65 29
65 35
65 36
65 37
65 38
65 39
65 42
65 43
65 44
65 46
65 47
65 48
65 50
65 52
65 53
65 54
65 55
65 57
65 58
65 60
65 63
65 64
65 66
65 67
65 69
65 71
65 77
65 78
65 79
65 80
65 81
65 82
65 83
65 85
65 87
65 88
65 89
65 91
65 94
65 96
65 98
65 99
66 3
66 4
66 6
66 7
66 10
66 11
66 12
66 13
66 14
66 16
66 17
66 18
66 21
66 29
66 30
66 32
66 38
66 41
66 44
66 51
66 62
66 65
66 71
66 76
66 79
66 80
66 81
66 85
66 86
66 87
66 92
66 96
66 99
66 100
67 1
67 3
67 4
67 5
67 9
67 16
67 20
67 21
67 22
67 30
67 35
67 38
67 40
67 42
67 43
67 44
67 47
67 49
67 50
67 51
67 52
67 59
67 61
67 65
67 71
67 72
67 73
67 76
67 78
67 80
67 82
67 84
67 86
67 87
67 88
67 89
67 91
67 93
67 95
67 96
67 97
67 100
68 1
68 3
68 4
68 6
68 7
68 10
68 11
68 13
68 17
68 21
68 23
68 24
68 30
68 31
68 32
68 34
68 38
68 43
68 49
68 50
68 51
68 56
68 57
68 60
68 63
68 64
68 72
68 74
68 75
68 77
68 80
68 82
68 84
68 86
68 89
68 93
68 95
68 96
68 97
69 1
69 2
69 13
69 16
69 17
69 18
69 19
69 20
69 24
69 25
69 27
69 29
69 31
69 38
69 42
69 45
69 46
69 50
69 51
69 52
69 54
69 57
69 58
69 59
69 63
69 65
69 70
69 72
69 74
69 76
69 78
69 79
69 83
69 84
69 90
69 94
69 99
70 1
70 3
70 4
70 5
70 10
70 11
70 13
70 14
70 15
70 16
70 18
70 19
70 20
70 21
70 23
70 25
70 26
70 27
70 28
70 31
70 34
70 35
70 36
70 37
70 38
70 40
70 41
70 44
70 45
70 46
70 48
70 49
70 52
70 55
70 57
70 61
70 62
70 69
70 72
70 76
70 77
70 78
70 79
70 81
70 84
70 85
70 87
70 89
70 90
70 93
70 96
71 1
71 4
71 5
71 6
71 8
71 11
71 16
71 19
71 20
71 21
71 25
71 27
71 30
71 32
71 33
71 36
71 37
71 43
71 48
71 51
71 52
71 58
71 61
71 62
71 65
71 66
71 67
71 73
71 74
71 75
71 78
71 79
71 81
71 85
71 91
71 92
71 93
71 94
72 2
72 6
72 10
72 11
72 12
72 14
72 16
72 18
72 22
72 25
72 26
72 27
72 29
72 30
72 33
72 35
72 37
72 38
72 42
72 43
72 47
72 49
72 53
72 54
72 55
72 56
72 59
72 63
72 64
72 67
72 68
72 69
72 70
72 77
72 85
72 86
72 89
72 91
72 95
72 100
73 1
73 6
73 10
73 11
73 12
73 13
73 16
73 21
73 24
73 27
73 31
73 36
73 37
73 38
73 39
73 40
73 41
73 42
73 43
73 47
73 48
73 49
73 50
73 51
73 54
73 58
73 59
73 60
73 62
73 67
73 71
73 75
73 76
73 77
73 79
73 86
73 87
73 88
73 92
73 95
73 99
74 1
74 2
74 4
74 8
74 10
74 11
74 12
74 13
74 19
74 21
74 24
74 25
74 27
74 35
74 36
74 39
74 41
74 47
74 51
74 52
74 54
74 56
74 57
74 59
74 60
74 68
74 69
74 71
74 79
74 82
74 85
74 87
74 88
74 89
74 93
74 96
74 99
75 3
75 4
75 5
75 10
75 13
75 23
75 24
75 25
75 26
75 29
75 31
75 32
75 33
75 36
75 38
75 41
75 44
75 45
75 48
75 50
75 56
75 57
75 59
75 62
75 63
75 68
75 71
75 73
75 77
75 78
75 80
75 81
75 82
75 83
75 86
75 90
75 91
75 92
75 94
75 95
75 100
76 1
76 6
76 7
76 9
76 10
76 18
76 19
76 20
76 21
76 23
76 24
76 25
76 27
76 28
76 29
76 32
76 33
76 38
76 39
76 41
76 42
76 44
76 51
76 53
76 56
76 57
76 66
76 67
76 69
76 70
76 73
76 77
76 78
76 83
76 84
76 85
76 89
76 90
76 91
76 92
76 93
76 94
76 98
76 99
77 4
77 5
77 7
77 8
77 9
77 10
77 11
77 18
77 20
77 22
77 23
77 24
77 32
77 35
77 39
77 41
77 42
77 43
77 44
77 45
77 46
77 50
77 51
77 54
77 55
77 56
77 58
77 60
77 61
77 65
77 68
77 70
77 72
77 73
77 75
77 76
77 78
77 79
77 80
77 83
77 84
77 88
77 89
77 90
77 93
77 94
77 96
77 99
77 100
78 1
78 3
78 6
78 8
78 11
78 12
78 14
78 15
78 19
78 20
78 24
78 27
78 30
78 31
78 33
78 36
78 38
78 39
78 42
78 43
78 45
78 46
78 48
78 52
78 54
78 55
78 57
78 59
78 60
78 65
78 67
78 69
78 70
78 71
78 75
78 76
78 77
78 80
78 81
78 84
78 85
78 89
78 92
78 93
78 94
78 95
78 96
79 1
79 4
79 5
79 6
79 7
79 8
79 9
79 10
79 13
79 14
79 16
79 18
79 22
79 28
79 31
79 33
79 34
79 35
79 43
79 45
79 47
79 49
79 51
79 53
79 54
79 55
79 65
79 66
79 69
79 70
79 71
79 73
79 74
79 77
79 82
79 83
79 85
79 89
79 90
80 3
80 4
80 6
80 11
80 12
80 13
80 15
80 18
80 19
80 21
80 29
80 30
80 31
80 32
80 33
80 34
80 37
80 41
80 43
80 44
80 46
80 47
80 50
80 52
80 57
80 62
80 65
80 66
80 67
80 68
80 75
80 77
80 78
80 81
80 84
80 90
80 93
80 96
81 3
81 4
81 8
81 9
81 10
81 11
81 17
81 18
81 19
81 20
81 21
81 23
81 28
81 30
81 35
81 42
81 43
81 44
81 48
81 49
81 53
81 54
81 56
81 58
81 60
81 61
81 62
81 63
81 65
81 66
81 70
81 71
81 75
81 78
81 80
81 84
81 89
81 91
81 94
81 99
82 4
82 6
82 7
82 9
82 14
82 16
82 17
82 18
82 19
82 21
82 26
82 28
82 29
82 31
82 32
82 33
82 40
82 41
82 44
82 45
82 46
82 50
82 51
82 53
82 56
82 58
82 59
82 62
82 63
82 65
82 67
82 68
82 74
82 75
82 79
82 88
82 89
82 90
82 95
82 98
82 99
83 5
83 7
83 8
83 9
83 10
83 11
83 12
83 13
83 19
83 23
83 24
83 26
83 27
83 29
83 30
83 32
83 36
83 38
83 39
83 40
83 42
83 43
83 47
83 52
83 55
83 56
83 58
83 63
83 65
83 69
83 75
83 76
83 77
83 79
83 84
83 86
83 89
83 91
83 92
83 95
83 96
83 99
84 1
84 3
84 4
84 5
84 6
84 7
84 13
84 15
84 16
84 19
84 20
84 22
84 23
84 24
84 25
84 32
84 33
84 36
84 39
84 42
84 43
84 44
84 45
84 47
84 48
84 49
84 52
84 62
84 67
84 68
84 69
84 70
84 76
84 77
84 78
84 80
84 81
84 83
84 85
84 86
84 87
84 88
84 90
84 95
85 4
85 6
85 14
85 15
85 16
85 19
85 27
85 31
85 33
85 35
85 37
85 40
85 43
85 49
85 52
85 59
85 60
85 63
85 65
85 66
85 70
85 71
85 72
85 74
85 76
85 78
85 79
85 84
85 88
85 89
85 91
85 92
85 95
85 96
86 4
86 5
86 6
86 8
86 11
86 12
86 13
86 17
86 20
86 21
86 22
86 23
86 24
86 25
86 26
86 34
86 35
86 36
86 44
86 48
86 53
86 55
86 56
86 57
86 59
86 60
86 62
86 66
86 67
86 68
86 72
86 73
86 75
86 83
86 84
86 89
86 96
86 100
87 2
87 3
87 4
87 5
87 8
87 9
87 15
87 20
87 21
87 25
87 26
87 27
87 30
87 33
87 34
87 35
87 40
87 41
87 43
87 44
87 45
87 48
87 50
87 56
87 65
87 66
87 67
87 70
87 73
87 74
87 84
87 88
87 89
87 90
87 91
87 92
87 94
87 96
87 98
88 1
88 3
88 6
88 12
88 15
88 18
88 26
88 27
88 30
88 35
88 41
88 43
88 44
88 46
88 48
88 61
88 63
88 64
88 65
88 67
88 73
88 74
88 77
88 82
88 84
88 85
88 87
88 89
88 93
88 94
88 95
88 98
88 100
89 1
89 2
89 3
89 4
89 6
89 11
89 13
89 15
89 22
89 24
89 25
89 26
89 28
89 34
89 35
89 37
89 40
89 43
89 44
89 48
89 49
89 56
89 60
89 63
89 65
89 67
89 68
89 70
89 72
89 74
89 76
89 77
89 78
89 79
89 81
89 82
89 83
89 85
89 86
89 87
89 88
89 90
89 92
89 94
89 96
89 98
89 100
90 1
90 2
90 5
90 10
90 12
90 14
90 15
90 16
90 17
90 19
90 21
90 22
90 28
90 33
90 34
90 37
90 40
90 41
90 42
90 44
90 45
90 47
90 49
90 55
90 63
90 64
90 69
90 70
90 75
90 76
90 77
90 79
90 80
90 82
90 84
90 87
90 89
90 91
90 92
90 93
90 95
90 98
91 1
91 2
91 5
91 6
91 7
91 8
91 10
91 13
91 16
91 20
91 21
91 24
91 27
91 29
91 30
91 31
91 36
91 37
91 44
91 47
91 48
91 49
91 50
91 53
91 56
91 57
91 58
91 65
91 67
91 71
91 72
91 75
91 76
91 81
91 83
91 85
91 87
91 90
91 94
91 95
91 98
92 8
92 9
92 14
92 16
92 17
92 18
92 19
92 20
92 21
92 22
92 23
92 25
92 26
92 28
92 30
92 31
92 33
92 37
92 38
92 39
92 44
92 46
92 47
92 48
92 51
92 52
92 53
92 55
92 60
92 61
92 63
92 66
92 71
92 73
92 75
92 76
92 78
92 83
92 85
92 87
92 89
92 90
92 93
92 94
92 96
92 97
92 99
92 100
93 3
93 4
93 5
93 7
93 12
93 13
93 14
93 17
93 21
93 25
93 29
93 30
93 31
93 38
93 42
93 44
93 45
93 50
93 51
93 52
93 53
93 62
93 63
93 64
93 67
93 68
93 70
93 71
93 74
93 76
93 77
93 78
93 80
93 88
93 90
93 92
93 94
93 96
93 100
94 3
94 4
94 9
94 10
94 11
94 15
94 20
94 23
94 24
94 25
94 30
94 31
94 34
94 36
94 37
94 38
94 39
94 42
94 45
94 51
94 54
94 55
94 57
94 63
94 65
94 69
94 71
94 75
94 76
94 77
94 78
94 81
94 87
94 88
94 89
94 91
94 92
94 93
94 97
94 98
94 100
95 1
95 5
95 7
95 11
95 19
95 21
95 22
95 23
95 26
95 28
95 34
95 38
95 40
95 45
95 46
95 47
95 48
95 49
95 52
95 55
95 56
95 57
95 62
95 67
95 68
95 72
95 73
95 75
95 78
95 82
95 83
95 84
95 85
95 88
95 90
95 91
95 98
95 100
96 2
96 5
96 7
96 12
96 13
96 20
96 23
96 24
96 25
96 26
96 29
96 30
96 32
96 34
96 37
96 40
96 42
96 43
96 45
96 47
96 51
96 55
96 63
96 64
96 65
96 66
96 67
96 68
96 70
96 74
96 77
96 78
96 80
96 83
96 85
96 86
96 87
96 89
96 92
96 93
96 100
97 2
97 4
97 7
97 8
97 10
97 11
97 13
97 16
97 26
97 29
97 32
97 35
97 36
97 39
97 40
97 41
97 43
97 51
97 55
97 57
97 58
97 59
97 60
97 63
97 64
97 67
97 68
97 92
97 94
98 2
98 6
98 7
98 8
98 9
98 10
98 12
98 13
98 14
98 15
98 16
98 19
98 20
98 22
98 25
98 26
98 30
98 37
98 38
98 42
98 43
98 44
98 45
98 46
98 52
98 54
98 55
98 57
98 58
98 59
98 60
98 63
98 65
98 76
98 82
98 87
98 88
98 89
98 90
98 91
98 94
98 95
98 99
98 100
99 3
99 5
99 6
99 11
99 13
99 16
99 20
99 21
99 22
99 25
99 28
99 30
99 31
99 34
99 35
99 36
99 37
99 38
99 40
99 42
99 43
99 44
99 45
99 48
99 50
99 51
99 52
99 57
99 61
99 62
99 63
99 65
99 66
99 69
99 73
99 74
99 76
99 77
99 81
99 82
99 83
99 92
99 98
100 4
100 6
100 7
100 10
100 11
100 12
100 16
100 17
100 19
100 20
100 22
100 25
100 27
100 28
100 33
100 34
100 35
100 37
100 45
100 47
100 49
100 51
100 56
100 61
100 64
100 66
100 67
100 72
100 75
100 77
100 86
100 88
100 89
100 92
100 93
100 94
100 95
100 96
100 98
