100
1 3
1 5
1 7
1 10
1 15
1 17
1 20
1 22
1 23
1 24
1 26
1 28
1 35
1 38
1 41
1 46
1 47
1 48
1 51
1 52
1 53
1 55
1 61
1 65
1 66
1 72
1 74
1 75
1 78
1 84
1 85
1 87
1 89
1 90
1 92
1 96
1 99
2 6
2 10
2 11
2 17
2 18
2 19
2 22
2 24
2 25
2 29
2 31
2 34
2 36
2 40
2 42
2 43
2 47
2 48
2 51
2 52
2 54
2 55
2 60
2 62
2 63
2 64
2 65
2 66
2 71
2 72
2 74
2 78
2 79
2 80
2 85
2 88
2 90
2 91
2 97
2 99
3 1
3 5
3 9
3 14
3 15
3 21
3 24
3 26
3 32
3 34
3 35
3 38
3 39
3 41
3 42
3 51
3 53
3 57
3 60
3 61
3 63
3 65
3 66
3 67
3 69
3 72
3 74
3 76
3 84
3 86
3 93
3 98
4 9
4 10
4 11
4 12
4 18
4 22
4 24
4 25
4 29
4 30
4 31
4 34
4 36
4 39
4 42
4 43
4 47
4 49
4 52
4 57
4 59
4 64
4 67
4 68
4 69
4 70
4 76
4 80
4 82
4 83
4 84
4 89
4 91
4 93
4 95
4 96
4 97
4 99
5 1
5 3
5 6
5 7
5 9
5 11
5 17
5 20
5 23
5 25
5 26
5 27
5 30
5 32
5 34
5 36
5 37
5 38
5 40
5 43
5 44
5 45
5 51
5 52
5 54
5 55
5 57
5 58
5 60
5 61
5 66
5 70
5 71
5 74
5 79
5 85
5 86
5 87
5 90
5 91
5 93
5 94
5 96
5 98
5 99
6 2
6 5
6 8
6 9
6 10
6 13
6 14
6 16
6 17
6 21
6 22
6 24
6 28
6 29
6 31
6 36
6 37
6 39
6 40
6 41
6 42
6 44
6 45
6 47
6 49
6 55
6 57
6 58
6 61
6 62
6 64
6 65
6 66
6 75
6 79
6 88
6 91
6 93
6 99
7 1
7 5
7 9
7 10
7 13
7 15
7 21
7 23
7 24
7 26
7 31
7 33
7 35
7 36
7 37
7 38
7 45
7 46
7 49
7 52
7 53
7 55
7 57
7 58
7 59
7 64
7 65
7 69
7 72
7 76
7 78
7 83
7 85
7 86
7 87
7 93
7 94
7 95
8 6
8 10
8 11
8 14
8 24
8 25
8 26
8 29
8 30
8 31
8 34
8 37
8 40
8 42
8 43
8 48
8 51
8 55
8 60
8 61
8 62
8 66
8 68
8 69
8 75
8 83
8 85
8 90
8 92
8 93
8 94
8 97
8 100
9 3
9 4
9 5
9 6
9 7
9 11
9 14
9 16
9 20
9 23
9 25
9 28
9 30
9 33
9 35
9 37
9 38
9 39
9 40
9 45
9 46
9 47
9 48
9 50
9 53
9 54
9 57
9 59
9 64
9 65
9 67
9 81
9 85
9 86
9 88
9 93
9 94
9 99
9 100
10 1
10 2
10 4
10 6
10 7
10 8
10 12
10 18
10 23
10 25
10 28
10 34
10 35
10 37
10 38
10 39
10 42
10 49
10 54
10 55
10 59
10 61
10 76
10 86
10 91
10 92
10 98
11 2
11 4
11 5
11 8
11 9
11 14
11 16
11 17
11 21
11 22
11 23
11 26
11 29
11 31
11 35
11 40
11 43
11 44
11 45
11 47
11 49
11 50
11 54
11 55
11 59
11 62
11 69
11 70
11 74
11 78
11 79
11 81
11 82
11 84
11 85
11 86
11 87
11 89
11 91
11 97
11 99
12 4
12 10
12 14
12 19
12 21
12 22
12 28
12 29
12 31
12 32
12 34
12 38
12 40
12 41
12 47
12 50
12 51
12 53
12 54
12 55
12 58
12 59
12 60
12 62
12 64
12 65
12 66
12 69
12 70
12 71
12 73
12 76
12 87
12 90
12 99
13 6
13 7
13 14
13 15
13 17
13 22
13 24
13 25
13 27
13 35
13 37
13 39
13 41
13 43
13 47
13 49
13 50
13 53
13 54
13 57
13 61
13 63
13 64
13 65
13 67
13 69
13 72
13 73
13 77
13 78
13 79
13 85
13 89
13 90
13 91
13 94
14 3
14 6
14 8
14 9
14 11
14 12
14 13
14 16
14 20
14 21
14 28
14 29
14 31
14 34
14 35
14 37
14 38
14 39
14 40
14 41
14 44
14 45
14 48
14 50
14 52
14 53
14 54
14 55
14 56
14 57
14 58
14 59
14 64
14 65
14 68
14 69
14 71
14 72
14 73
14 76
14 79
14 81
14 84
14 86
14 87
14 93
14 96
14 97
14 98
15 1
15 3
15 7
15 13
15 16
15 19
15 25
15 27
15 30
15 31
15 32
15 33
15 34
15 35
15 40
15 41
15 43
15 46
15 47
15 49
15 50
15 52
15 54
15 57
15 59
15 63
15 75
15 79
15 80
15 84
15 86
15 87
15 89
15 90
15 92
15 95
15 97
16 6
16 9
16 11
16 14
16 15
16 20
16 24
16 25
16 26
16 31
16 32
16 34
16 39
16 41
16 47
16 48
16 49
16 50
16 52
16 53
16 54
16 56
16 57
16 60
16 61
16 63
16 67
16 70
16 72
16 78
16 80
16 83
16 84
16 86
16 87
16 90
16 94
16 95
17 1
17 2
17 5
17 6
17 11
17 13
17 18
17 20
17 23
17 26
17 27
17 29
17 30
17 32
17 33
17 36
17 42
17 44
17 46
17 47
17 51
17 52
17 53
17 55
17 58
17 59
17 63
17 64
17 67
17 68
17 71
17 72
17 75
17 76
17 77
17 79
17 83
17 85
17 91
17 93
17 95
17 98
17 99
17 100
18 2
18 4
18 10
18 17
18 20
18 21
18 22
18 23
18 24
18 25
18 27
18 28
18 29
18 35
18 37
18 41
18 44
18 46
18 48
18 51
18 56
18 57
18 59
18 60
18 62
18 63
18 69
18 71
18 73
18 76
18 84
18 87
18 88
18 90
18 94
18 95
18 96
18 98
18 99
19 2
19 12
19 15
19 21
19 22
19 27
19 28
19 29
19 30
19 32
19 34
19 35
19 36
19 37
19 40
19 41
19 42
19 44
19 46
19 47
19 48
19 49
19 50
19 51
19 61
19 65
19 69
19 70
19 73
19 76
19 81
19 86
19 92
19 93
19 95
19 96
20 1
20 5
20 9
20 14
20 16
20 17
20 18
20 21
20 23
20 27
20 29
20 34
20 35
20 40
20 41
20 44
20 45
20 48
20 50
20 51
20 53
20 54
20 55
20 57
20 60
20 63
20 65
20 67
20 69
20 71
20 72
20 73
20 76
20 77
20 78
20 80
20 85
20 93
20 94
20 97
20 98
20 99
21 3
21 6
21 7
21 11
21 12
21 14
21 18
21 19
21 20
21 23
21 27
21 28
21 29
21 40
21 41
21 46
21 47
21 48
21 53
21 57
21 58
21 59
21 60
21 62
21 64
21 67
21 72
21 79
21 83
21 84
21 87
21 90
21 94
21 98
21 99
22 1
22 2
22 4
22 6
22 11
22 12
22 13
22 18
22 19
22 23
22 25
22 26
22 31
22 32
22 35
22 40
22 42
22 43
22 46
22 49
22 50
22 51
22 55
22 59
22 62
22 67
22 69
22 70
22 72
22 73
22 74
22 87
22 98
22 99
23 1
23 5
23 7
23 9
23 10
23 11
23 17
23 18
23 20
23 21
23 22
23 35
23 37
23 40
23 41
23 42
23 43
23 44
23 51
23 53
23 55
23 58
23 61
23 67
23 71
23 72
23 76
23 77
23 78
23 79
23 80
23 81
23 86
23 88
23 91
23 92
23 93
23 94
23 96
23 97
24 1
24 2
24 3
24 4
24 6
24 7
24 8
24 13
24 16
24 18
24 27
24 29
24 30
24 32
24 33
24 34
24 35
24 38
24 39
24 40
24 41
24 43
24 46
24 51
24 52
24 53
24 55
24 56
24 59
24 60
24 62
24 67
24 69
24 71
24 74
24 79
24 82
24 83
24 86
24 90
24 95
24 96
24 98
24 99
24 100
25 2
25 4
25 5
25 8
25 9
25 10
25 13
25 15
25 16
25 18
25 22
25 26
25 30
25 33
25 36
25 39
25 43
25 51
25 53
25 56
25 58
25 61
25 62
25 63
25 64
25 65
25 67
25 68
25 69
25 72
25 73
25 74
25 75
25 77
25 78
25 80
25 88
25 91
25 92
25 93
25 94
25 95
25 96
25 98
25 99
26 1
26 3
26 5
26 7
26 8
26 11
26 16
26 17
26 22
26 25
26 27
26 29
26 31
26 32
26 33
26 34
26 35
26 37
26 39
26 42
26 45
26 46
26 49
26 50
26 52
26 53
26 56
26 57
26 62
26 63
26 64
26 66
26 71
26 73
26 76
26 78
26 79
26 80
26 82
26 83
26 85
26 87
26 92
26 98
26 99
27 5
27 13
27 15
27 17
27 18
27 19
27 20
27 21
27 24
27 26
27 29
27 30
27 31
27 33
27 35
27 36
27 37
27 38
27 39
27 45
27 47
27 50
27 51
27 53
27 55
27 56
27 58
27 59
27 61
27 63
27 66
27 67
27 68
27 69
27 71
27 74
27 76
27 79
27 82
27 84
27 85
27 86
27 92
27 96
28 1
28 6
28 9
28 10
28 12
28 14
28 18
28 19
28 21
28 31
28 32
28 34
28 36
28 37
28 38
28 42
28 43
28 44
28 45
28 46
28 48
28 49
28 52
28 53
28 55
28 61
28 62
28 63
28 64
28 70
28 77
28 79
28 81
28 84
28 87
28 88
28 89
28 91
28 96
28 100
29 2
29 4
29 6
29 8
29 11
29 12
29 14
29 17
29 18
29 19
29 20
29 21
29 24
29 26
29 27
29 31
29 32
29 38
29 40
29 43
29 47
29 52
29 62
29 68
29 69
29 72
29 74
29 75
29 78
29 79
29 82
29 87
29 88
29 89
29 90
29 92
29 98
29 100
30 4
30 5
30 8
30 9
30 15
30 17
30 19
30 24
30 25
30 27
30 31
30 37
30 38
30 41
30 42
30 46
30 49
30 50
30 51
30 56
30 60
30 62
30 65
30 67
30 68
30 69
30 71
30 76
30 81
30 82
30 84
30 86
30 87
30 88
30 91
30 92
30 95
30 98
30 100
31 2
31 4
31 6
31 7
31 8
31 11
31 12
31 14
31 15
31 16
31 22
31 26
31 27
31 28
31 29
31 30
31 36
31 37
31 39
31 41
31 43
31 46
31 47
31 48
31 50
31 51
31 53
31 54
31 64
31 65
31 67
31 68
31 69
31 74
31 75
31 76
31 87
31 88
31 94
31 98
32 3
32 5
32 12
32 15
32 16
32 17
32 19
32 22
32 24
32 26
32 28
32 29
32 34
32 35
32 36
32 40
32 41
32 46
32 50
32 51
32 54
32 57
32 58
32 59
32 60
32 61
32 62
32 65
32 70
32 71
32 74
32 76
32 77
32 78
32 79
32 80
32 86
32 87
32 90
32 91
32 92
32 93
32 94
32 97
33 7
33 9
33 15
33 17
33 24
33 25
33 26
33 27
33 34
33 35
33 36
33 38
33 39
33 41
33 44
33 45
33 46
33 49
33 50
33 54
33 60
33 61
33 65
33 71
33 75
33 76
33 77
33 81
33 82
33 85
33 87
33 90
33 95
33 97
33 98
34 2
34 3
34 4
34 5
34 8
34 10
34 12
34 14
34 15
34 16
34 19
34 20
34 24
34 26
34 28
34 32
34 33
34 43
34 45
34 47
34 48
34 49
34 50
34 52
34 53
34 56
34 57
34 58
34 60
34 61
34 62
34 66
34 68
34 75
34 79
34 81
34 83
34 84
34 86
34 88
34 92
34 93
34 95
34 96
34 99
35 1
35 3
35 7
35 9
35 10
35 11
35 13
35 14
35 15
35 18
35 19
35 20
35 22
35 23
35 24
35 26
35 27
35 32
35 33
35 37
35 38
35 41
35 42
35 45
35 48
35 50
35 56
35 57
35 61
35 63
35 64
35 69
35 70
35 75
35 76
35 79
35 80
35 83
35 85
35 88
35 89
35 90
35 92
35 94
35 97
35 99
35 100
36 2
36 4
36 5
36 6
36 7
36 17
36 19
36 25
36 27
36 28
36 31
36 32
36 33
36 37
36 38
36 39
36 41
36 44
36 45
36 48
36 49
36 53
36 60
36 61
36 66
36 70
36 71
36 76
36 78
36 79
36 81
36 91
36 96
36 97
36 98
36 100
37 5
37 6
37 7
37 8
37 9
37 10
37 13
37 14
37 18
37 19
37 23
37 26
37 27
37 28
37 30
37 31
37 35
37 36
37 39
37 45
37 47
37 50
37 53
37 55
37 56
37 58
37 62
37 64
37 65
37 67
37 69
37 70
37 71
37 73
37 81
37 84
37 87
37 89
37 90
37 91
37 93
37 94
37 97
37 98
38 1
38 3
38 5
38 7
38 9
38 10
38 12
38 14
38 24
38 27
38 28
38 29
38 30
38 33
38 35
38 36
38 40
38 47
38 52
38 55
38 59
38 62
38 67
38 73
38 75
38 81
38 83
38 84
38 86
38 89
38 91
38 96
38 98
39 3
39 4
39 6
39 9
39 10
39 13
39 14
39 16
39 24
39 25
39 26
39 27
39 31
39 33
39 36
39 37
39 40
39 41
39 46
39 47
39 50
39 51
39 52
39 54
39 55
39 56
39 58
39 60
39 63
39 65
39 66
39 68
39 69
39 70
39 71
39 72
39 78
39 81
39 82
39 86
39 88
39 89
39 94
39 95
39 98
39 99
39 100
40 2
40 5
40 6
40 8
40 9
40 11
40 12
40 14
40 15
40 19
40 20
40 21
40 22
40 23
40 24
40 29
40 32
40 38
40 39
40 46
40 48
40 50
40 51
40 52
40 56
40 57
40 59
40 65
40 66
40 71
40 72
40 74
40 81
40 82
40 83
40 84
40 88
40 95
40 96
40 98
41 1
41 3
41 6
41 12
41 13
41 14
41 15
41 16
41 18
41 19
41 20
41 21
41 23
41 24
41 30
41 31
41 32
41 33
41 35
41 36
41 39
41 45
41 48
41 49
41 55
41 57
41 59
41 60
41 62
41 63
41 64
41 65
41 69
41 70
41 73
41 74
41 75
41 76
41 77
41 80
41 88
41 94
41 96
41 97
41 98
41 99
42 2
42 3
42 4
42 6
42 8
42 10
42 17
42 19
42 22
42 23
42 26
42 28
42 30
42 35
42 43
42 48
42 50
42 54
42 56
42 59
42 60
42 62
42 65
42 67
42 71
42 75
42 81
42 82
42 85
42 88
42 89
42 91
42 92
42 93
42 94
42 96
43 2
43 4
43 5
43 8
43 11
43 13
43 15
43 22
43 23
43 24
43 25
43 28
43 29
43 31
43 34
43 42
43 44
43 45
43 46
43 47
43 51
43 53
43 60
43 62
43 63
43 68
43 75
43 80
43 84
43 85
43 87
43 88
43 89
43 93
43 94
43 95
43 96
43 100
44 5
44 6
44 11
44 14
44 17
44 18
44 19
44 20
44 23
44 28
44 33
44 36
44 43
44 46
44 47
44 51
44 52
44 53
44 56
44 57
44 58
44 61
44 62
44 63
44 67
44 70
44 73
44 75
44 77
44 79
44 80
44 81
44 84
44 85
44 89
44 93
44 94
44 95
44 99
44 100
45 5
45 6
45 7
45 9
45 11
45 14
45 20
45 26
45 27
45 28
45 33
45 34
45 35
45 36
45 37
45 41
45 43
45 47
45 49
45 50
45 51
45 53
45 54
45 61
45 62
45 64
45 65
45 68
45 69
45 73
45 74
45 75
45 77
45 81
45 85
45 86
45 87
45 88
45 90
45 91
45 92
45 94
45 95
45 97
45 98
45 99
46 1
46 7
46 9
46 15
46 17
46 18
46 19
46 21
46 22
46 24
46 26
46 28
46 30
46 31
46 32
46 33
46 39
46 40
46 43
46 44
46 48
46 50
46 51
46 59
46 61
46 64
46 65
46 68
46 69
46 70
46 71
46 72
46 74
46 75
46 77
46 78
46 79
46 80
46 85
46 89
46 91
46 95
46 98
46 100
47 1
47 2
47 4
47 6
47 9
47 11
47 12
47 13
47 15
47 16
47 17
47 19
47 21
47 27
47 29
47 31
47 34
47 37
47 38
47 39
47 43
47 44
47 45
47 55
47 60
47 62
47 63
47 65
47 66
47 70
47 75
47 78
47 81
47 84
47 87
47 90
47 92
47 93
47 94
47 97
47 98
48 1
48 2
48 8
48 9
48 14
48 16
48 18
48 19
48 20
48 21
48 28
48 31
48 34
48 35
48 36
48 40
48 41
48 42
48 46
48 49
48 50
48 51
48 54
48 56
48 57
48 58
48 59
48 62
48 63
48 64
48 66
48 70
48 73
48 74
48 75
48 76
48 79
48 80
48 81
48 88
48 89
48 93
48 94
48 95
48 99
49 4
49 6
49 7
49 10
49 11
49 13
49 15
49 16
49 19
49 22
49 26
49 28
49 30
49 33
49 34
49 36
49 41
49 45
49 48
49 50
49 52
49 65
49 67
49 71
49 72
49 75
49 76
49 77
49 82
49 85
49 86
49 91
50 9
50 11
50 12
50 13
50 14
50 15
50 16
50 19
50 20
50 22
50 26
50 27
50 30
50 31
50 32
50 33
50 34
50 35
50 37
50 39
50 40
50 42
50 45
50 46
50 48
50 49
50 56
50 59
50 61
50 62
50 63
50 64
50 70
50 78
50 88
50 90
50 91
50 94
50 95
50 96
51 1
51 2
51 3
51 5
51 8
51 12
51 17
51 18
51 19
51 20
51 22
51 23
51 24
51 25
51 27
51 30
51 31
51 32
51 39
51 40
51 43
51 44
51 45
51 46
51 48
51 52
51 54
51 55
51 56
51 60
51 63
51 69
51 70
51 71
51 72
51 73
51 77
51 79
51 82
51 86
51 88
51 94
51 95
51 97
51 98
51 99
52 1
52 2
52 4
52 5
52 7
52 14
52 15
52 16
52 17
52 24
52 26
52 28
52 29
52 34
52 38
52 39
52 40
52 44
52 49
52 51
52 54
52 56
52 57
52 58
52 66
52 67
52 68
52 70
52 71
52 73
52 76
52 86
52 93
53 1
53 3
53 7
53 9
53 12
53 13
53 14
53 16
53 17
53 20
53 21
53 23
53 24
53 25
53 26
53 27
53 28
53 31
53 34
53 36
53 37
53 43
53 44
53 45
53 54
53 61
53 62
53 63
53 67
53 69
53 70
53 71
53 72
53 74
53 75
53 77
53 78
53 84
53 85
53 87
53 88
53 89
53 91
53 95
53 96
53 98
53 99
54 2
54 5
54 9
54 10
54 11
54 12
54 13
54 14
54 15
54 16
54 20
54 31
54 32
54 33
54 39
54 42
54 45
54 48
54 51
54 52
54 53
54 56
54 60
54 65
54 68
54 69
54 70
54 73
54 77
54 78
54 81
54 84
54 86
54 87
54 89
54 90
54 92
54 94
54 97
54 99
55 1
55 2
55 5
55 6
55 7
55 8
55 10
55 11
55 12
55 14
55 17
55 20
55 22
55 23
55 24
55 27
55 28
55 37
55 38
55 39
55 41
55 47
55 51
55 56
55 57
55 58
55 59
55 60
55 62
55 63
55 65
55 66
55 68
55 70
55 72
55 76
55 79
55 83
55 86
55 88
55 91
55 94
55 97
56 14
56 16
56 18
56 24
56 25
56 26
56 27
56 30
56 34
56 35
56 37
56 39
56 40
56 42
56 44
56 48
56 50
56 51
56 52
56 54
56 55
56 57
56 62
56 65
56 78
56 81
56 82
56 84
56 86
56 88
56 91
56 92
56 94
56 96
56 100
57 3
57 4
57 5
57 6
57 7
57 9
57 13
57 14
57 15
57 16
57 18
57 20
57 21
57 26
57 32
57 34
57 35
57 40
57 41
57 44
57 48
57 52
57 55
57 56
57 58
57 60
57 61
57 62
57 66
57 70
57 71
57 72
57 74
57 76
57 78
57 81
57 84
57 93
57 95
57 97
57 100
58 5
58 6
58 7
58 12
58 14
58 17
58 21
58 23
58 25
58 27
58 32
58 34
58 37
58 39
58 44
58 48
58 52
58 55
58 57
58 63
58 65
58 66
58 67
58 69
58 71
58 72
58 73
58 74
58 78
58 80
58 82
58 83
58 88
58 91
58 92
58 95
58 97
58 100
59 4
59 7
59 9
59 10
59 11
59 12
59 14
59 15
59 17
59 18
59 21
59 22
59 24
59 27
59 32
59 38
59 40
59 41
59 42
59 46
59 48
59 50
59 55
59 60
59 61
59 64
59 67
59 70
59 71
59 74
59 76
59 77
59 78
59 80
59 84
59 86
59 87
59 90
59 91
59 95
59 96
59 97
59 98
59 99
60 2
60 3
60 5
60 8
60 12
60 16
60 18
60 20
60 21
60 24
60 30
60 32
60 33
60 34
60 36
60 39
60 41
60 42
60 43
60 47
60 51
60 54
60 55
60 57
60 59
60 66
60 68
60 72
60 74
60 75
60 79
60 81
60 86
60 88
60 91
60 93
60 94
60 97
60 98
61 1
61 3
61 5
61 6
61 8
61 10
61 13
61 16
61 19
61 23
61 25
61 27
61 28
61 32
61 33
61 34
61 35
61 36
61 44
61 45
61 46
61 50
61 53
61 57
61 59
61 62
61 63
61 66
61 68
61 69
61 71
61 72
61 75
61 76
61 78
61 81
61 83
61 85
61 86
61 88
61 89
61 90
61 93
62 2
62 6
62 8
62 11
62 12
62 18
62 21
62 22
62 24
62 25
62 26
62 28
62 29
62 30
62 32
62 34
62 37
62 38
62 41
62 42
62 43
62 44
62 45
62 47
62 48
62 50
62 53
62 55
62 56
62 57
62 61
62 66
62 67
62 69
62 71
62 76
62 77
62 82
62 83
62 87
62 88
62 90
62 93
62 97
63 2
63 3
63 13
63 15
63 16
63 17
63 18
63 20
63 25
63 26
63 27
63 28
63 35
63 39
63 41
63 43
63 44
63 47
63 48
63 50
63 51
63 53
63 55
63 58
63 61
63 67
63 68
63 71
63 75
63 77
63 85
63 86
63 87
63 90
63 91
63 98
64 2
64 4
64 6
64 7
64 9
64 12
64 13
64 14
64 17
64 21
64 25
64 26
64 28
64 31
64 35
64 37
64 41
64 45
64 46
64 48
64 50
64 59
64 65
64 70
64 71
64 74
64 77
64 78
64 80
64 85
64 86
64 88
64 90
64 93
64 96
65 1
65 2
65 3
65 6
65 7
65 9
65 12
65 13
65 14
65 19
65 20
65 25
65 30
65 31
65 32
65 33
65 37
65 39
65 40
65 41
65 42
65 45
65 46
65 47
65 49
65 54
65 55
65 56
65 58
65 64
65 66
65 69
65 70
65 72
65 75
65 77
65 79
65 88
65 89
65 96
65 100
66 1
66 2
66 3
66 5
66 6
66 8
66 12
66 26
66 27
66 34
66 36
66 39
66 40
66 47
66 48
66 52
66 55
66 57
66 58
66 60
66 61
66 62
66 65
66 67
66 68
66 70
66 71
66 75
66 76
66 79
66 86
66 87
66 88
66 92
66 96
66 98
66 100
67 3
67 4
67 9
67 13
67 16
67 17
67 20
67 21
67 22
67 23
67 24
67 25
67 27
67 30
67 31
67 37
67 38
67 42
67 44
67 49
67 52
67 53
67 58
67 59
67 62
67 63
67 66
67 68
67 71
67 74
67 76
67 77
67 78
67 80
67 84
67 86
67 88
67 91
67 92
67 93
67 95
67 96
67 99
67 100
68 4
68 8
68 14
68 17
68 25
68 27
68 29
68 30
68 31
68 34
68 39
68 43
68 45
68 46
68 52
68 54
68 55
68 60
68 61
68 63
68 66
68 67
68 69
68 70
68 71
68 72
68 78
68 79
68 83
68 84
68 85
68 89
68 90
68 92
68 93
68 95
68 97
68 100
69 3
69 4
69 7
69 8
69 11
69 12
69 13
69 14
69 18
69 19
69 20
69 22
69 24
69 25
69 27
69 29
69 30
69 31
69 35
69 37
69 39
69 41
69 45
69 46
69 51
69 53
69 54
69 58
69 61
69 62
69 65
69 68
69 70
69 71
69 73
69 74
69 75
69 76
69 77
69 78
69 79
69 80
69 81
69 88
69 89
69 92
69 93
69 94
69 96
69 98
70 4
70 5
70 11
70 12
70 16
70 19
70 22
70 28
70 32
70 35
70 36
70 37
70 39
70 41
70 44
70 46
70 47
70 48
70 50
70 51
70 52
70 53
70 54
70 55
70 57
70 59
70 64
70 65
70 66
70 68
70 69
70 73
70 78
70 84
70 87
70 91
70 92
70 94
70 95
70 96
71 2
71 5
71 12
71 14
71 17
71 18
71 20
71 23
71 24
71 26
71 27
71 30
71 32
71 33
71 36
71 37
71 39
71 40
71 42
71 46
71 49
71 51
71 52
71 53
71 57
71 58
71 59
71 61
71 62
71 63
71 64
71 66
71 67
71 68
71 69
71 72
71 82
71 85
71 86
71 87
71 89
71 90
71 96
71 98
72 1
72 2
72 3
72 7
72 13
72 14
72 16
72 17
72 20
72 21
72 22
72 23
72 25
72 29
72 39
72 40
72 46
72 49
72 51
72 53
72 55
72 57
72 58
72 60
72 61
72 65
72 68
72 71
72 74
72 75
72 76
72 77
72 80
72 81
72 83
72 86
72 89
72 98
72 100
73 12
73 13
73 14
73 18
73 19
73 20
73 22
73 25
73 26
73 37
73 38
73 41
73 44
73 45
73 48
73 51
73 52
73 54
73 58
73 69
73 70
73 75
73 80
73 84
73 88
73 97
73 98
74 1
74 2
74 3
74 5
74 11
74 22
74 24
74 25
74 27
74 29
74 31
74 32
74 40
74 41
74 45
74 46
74 48
74 53
74 57
74 58
74 59
74 60
74 64
74 67
74 69
74 72
74 78
74 80
74 82
74 83
74 84
74 93
74 95
74 96
74 99
75 1
75 6
75 8
75 15
75 17
75 25
75 29
75 31
75 33
75 34
75 35
75 38
75 41
75 42
75 43
75 44
75 45
75 46
75 47
75 48
75 49
75 53
75 60
75 61
75 63
75 65
75 66
75 69
75 72
75 73
75 77
75 79
75 81
75 83
75 84
75 87
75 88
75 89
75 91
75 92
75 94
75 95
76 3
76 4
76 7
76 10
76 12
76 14
76 17
76 18
76 19
76 20
76 23
76 26
76 27
76 30
76 31
76 32
76 33
76 35
76 36
76 41
76 48
76 49
76 52
76 55
76 57
76 59
76 61
76 62
76 66
76 67
76 69
76 72
76 79
76 80
76 85
76 86
76 87
76 90
76 91
76 92
76 94
76 95
76 99
77 13
77 17
77 20
77 23
77 25
77 28
77 32
77 33
77 41
77 44
77 45
77 46
77 49
77 51
77 53
77 54
77 59
77 62
77 63
77 64
77 65
77 67
77 69
77 72
77 75
77 78
77 81
77 84
77 85
77 86
77 89
77 90
77 91
77 96
77 97
78 1
78 2
78 7
78 11
78 13
78 16
78 20
78 23
78 25
78 26
78 29
78 32
78 36
78 39
78 46
78 47
78 50
78 53
78 54
78 56
78 57
78 58
78 59
78 61
78 64
78 67
78 68
78 69
78 70
78 74
78 77
78 84
78 87
78 89
78 91
78 94
78 98
78 100
79 2
79 5
79 6
79 11
79 13
79 14
79 15
79 17
79 21
79 23
79 24
79 26
79 27
79 28
79 29
79 32
79 34
79 35
79 36
79 44
79 46
79 48
79 51
79 55
79 60
79 65
79 66
79 68
79 69
79 75
79 76
79 81
79 83
79 85
79 90
79 94
79 95
79 98
80 2
80 4
80 15
80 16
80 20
80 23
80 25
80 26
80 32
80 35
80 41
80 43
80 44
80 46
80 48
80 58
80 59
80 64
80 67
80 69
80 72
80 73
80 74
80 76
80 81
80 83
80 86
80 89
80 91
80 92
80 95
80 100
81 9
81 11
81 14
81 19
81 23
81 28
81 30
81 33
81 34
81 36
81 37
81 38
81 39
81 40
81 42
81 44
81 45
81 47
81 48
81 54
81 56
81 57
81 60
81 61
81 69
81 72
81 75
81 77
81 79
81 80
81 82
81 84
81 85
81 87
81 89
81 90
81 96
82 4
82 11
82 24
82 26
82 27
82 29
82 30
82 33
82 39
82 40
82 42
82 49
82 51
82 56
82 58
82 62
82 71
82 74
82 81
82 83
82 84
82 92
82 93
82 94
82 95
82 98
82 99
82 100
83 4
83 7
83 8
83 16
83 17
83 21
83 24
83 26
83 34
83 35
83 38
83 40
83 55
83 58
83 61
83 62
83 68
83 72
83 74
83 75
83 79
83 80
83 82
83 84
83 88
83 97
83 99
84 1
84 3
84 4
84 11
84 14
84 15
84 16
84 18
84 21
84 27
84 28
84 30
84 34
84 37
84 38
84 40
84 43
84 44
84 47
84 53
84 54
84 56
84 57
84 59
84 67
84 68
84 70
84 73
84 74
84 75
84 77
84 78
84 81
84 82
84 83
84 85
84 87
84 89
84 90
84 91
84 93
84 95
85 1
85 2
85 5
85 7
85 8
85 9
85 11
85 13
85 17
85 20
85 26
85 27
85 33
85 35
85 42
85 43
85 44
85 45
85 46
85 49
85 53
85 61
85 63
85 64
85 68
85 71
85 76
85 77
85 79
85 81
85 84
85 89
85 93
85 95
85 98
85 99
85 100
86 3
86 5
86 7
86 9
86 10
86 11
86 14
86 15
86 16
86 19
86 23
86 24
86 27
86 30
86 32
86 34
86 38
86 39
86 45
86 49
86 51
86 52
86 54
86 55
86 56
86 59
86 60
86 61
86 63
86 64
86 66
86 67
86 71
86 72
86 76
86 77
86 80
86 88
86 90
86 91
86 92
86 93
86 95
86 96
86 99
86 100
87 1
87 5
87 7
87 11
87 12
87 14
87 15
87 16
87 18
87 21
87 22
87 26
87 28
87 29
87 30
87 31
87 32
87 33
87 37
87 43
87 45
87 47
87 53
87 54
87 59
87 62
87 63
87 66
87 70
87 71
87 75
87 76
87 78
87 81
87 84
87 89
87 92
87 93
87 96
87 98
87 99
88 2
88 6
88 9
88 18
88 23
88 25
88 28
88 29
88 30
88 31
88 34
88 35
88 39
88 40
88 41
88 42
88 43
88 45
88 48
88 50
88 51
88 53
88 55
88 56
88 58
88 60
88 61
88 62
88 64
88 65
88 66
88 67
88 69
88 73
88 75
88 83
88 86
88 89
88 93
88 95
88 96
88 97
88 98
88 99
88 100
89 1
89 4
89 11
89 13
89 15
89 28
89 29
89 35
89 37
89 38
89 39
89 42
89 43
89 44
89 46
89 48
89 53
89 54
89 61
89 65
89 68
89 69
89 71
89 72
89 75
89 77
89 78
89 80
89 81
89 84
89 85
89 87
89 88
89 97
89 100
90 1
90 2
90 5
90 8
90 12
90 13
90 15
90 16
90 18
90 21
90 24
90 29
90 32
90 33
90 35
90 37
90 45
90 47
90 50
90 54
90 59
90 61
90 62
90 63
90 64
90 68
90 71
90 76
90 77
90 79
90 81
90 84
90 86
90 91
90 94
91 2
91 4
91 5
91 6
91 10
91 11
91 13
91 17
91 23
91 25
91 28
91 30
91 32
91 36
91 37
91 38
91 42
91 45
91 46
91 49
91 50
91 53
91 55
91 56
91 58
91 59
91 60
91 63
91 67
91 70
91 75
91 76
91 77
91 78
91 80
91 84
91 86
91 90
91 93
91 94
91 95
91 97
91 99
92 1
92 8
92 10
92 15
92 19
92 23
92 25
92 26
92 27
92 29
92 30
92 32
92 34
92 35
92 42
92 45
92 47
92 54
92 56
92 58
92 66
92 67
92 68
92 69
92 70
92 75
92 76
92 80
92 82
92 86
92 87
92 93
92 94
93 3
93 4
93 5
93 6
93 7
93 8
93 9
93 14
93 17
93 19
93 20
93 23
93 25
93 32
93 34
93 37
93 42
93 43
93 44
93 47
93 48
93 52
93 57
93 60
93 61
93 62
93 64
93 67
93 68
93 69
93 74
93 82
93 84
93 85
93 86
93 87
93 88
93 91
93 92
94 5
94 7
94 8
94 9
94 13
94 16
94 18
94 20
94 21
94 23
94 25
94 31
94 32
94 35
94 37
94 39
94 41
94 42
94 43
94 44
94 45
94 47
94 48
94 50
94 51
94 54
94 55
94 56
94 60
94 69
94 70
94 75
94 76
94 78
94 79
94 82
94 90
94 91
94 92
94 95
94 96
94 98
95 4
95 7
95 15
95 16
95 17
95 18
95 19
95 24
95 25
95 30
95 33
95 34
95 39
95 40
95 43
95 44
95 45
95 46
95 48
95 50
95 51
95 53
95 57
95 58
95 59
95 67
95 68
95 70
95 74
95 75
95 76
95 79
95 80
95 82
95 84
95 85
95 86
95 88
95 91
95 94
95 96
95 99
96 1
96 4
96 5
96 14
96 18
96 19
96 23
96 24
96 25
96 27
96 28
96 34
96 36
96 38
96 40
96 41
96 42
96 43
96 50
96 53
96 56
96 59
96 64
96 65
96 66
96 67
96 69
96 70
96 71
96 74
96 77
96 81
96 86
96 87
96 88
96 94
96 95
96 98
96 99
97 2
97 4
97 8
97 11
97 14
97 15
97 20
97 23
97 32
97 33
97 35
97 36
97 37
97 41
97 45
97 47
97 51
97 54
97 55
97 57
97 58
97 59
97 60
97 62
97 68
97 73
97 77
97 83
97 88
97 89
97 91
97 100
98 3
98 5
98 10
98 14
98 17
98 18
98 20
98 21
98 22
98 24
98 25
98 26
98 29
98 30
98 31
98 33
98 36
98 37
98 38
98 39
98 40
98 41
98 45
98 46
98 47
98 51
98 53
98 59
98 60
98 63
98 66
98 69
98 71
98 72
98 73
98 78
98 79
98 82
98 85
98 87
98 88
98 94
98 96
99 1
99 2
99 4
99 5
99 6
99 9
99 11
99 12
99 17
99 18
99 20
99 21
99 22
99 24
99 25
99 26
99 34
99 35
99 39
99 41
99 44
99 45
99 48
99 51
99 53
99 54
99 59
99 67
99 74
99 76
99 82
99 83
99 85
99 86
99 87
99 88
99 91
99 95
99 96
99 100
100 8
100 9
100 17
100 24
100 28
100 29
100 30
100 35
100 36
100 39
100 43
100 44
100 46
100 56
100 57
100 58
100 65
100 66
100 67
100 68
100 72
100 78
100 80
100 82
100 85
100 86
100 88
100 89
100 97
100 99
