100
1 2
1 6
1 9
1 10
1 20
1 21
1 22
1 23
1 24
1 25
1 31
1 32
1 33
1 35
1 36
1 38
1 40
1 41
1 42
1 47
1 49
1 50
1 59
1 60
1 61
1 64
1 65
1 66
1 67
1 68
1 69
1 71
1 74
1 75
1 80
1 85
1 100
2 1
2 7
2 8
2 9
2 11
2 12
2 14
2 15
2 18
2 19
2 24
2 25
2 26
2 27
2 31
2 40
2 43
2 44
2 45
2 48
2 54
2 58
2 60
2 62
2 64
2 66
2 67
2 68
2 69
2 72
2 75
2 77
2 78
2 80
2 81
2 83
2 84
2 87
2 88
2 94
2 95
2 96
2 97
3 7
3 8
3 11
3 15
3 16
3 19
3 26
3 28
3 29
3 30
3 38
3 40
3 44
3 48
3 50
3 51
3 55
3 57
3 58
3 59
3 60
3 61
3 72
3 73
3 75
3 81
3 82
3 83
3 84
3 85
3 86
3 90
3 95
3 96
3 97
4 9
4 14
4 17
4 18
4 19
4 21
4 26
4 30
4 36
4 38
4 42
4 45
4 48
4 50
4 59
4 62
4 63
4 70
4 71
4 76
4 77
4 78
4 82
4 83
4 84
4 96
4 100
5 7
5 8
5 12
5 17
5 24
5 29
5 34
5 37
5 40
5 41
5 44
5 45
5 46
5 48
5 53
5 56
5 58
5 60
5 61
5 64
5 71
5 76
5 78
5 84
5 85
5 86
5 88
5 89
5 91
5 93
5 95
5 97
5 98
6 1
6 12
6 14
6 18
6 23
6 29
6 31
6 39
6 42
6 44
6 46
6 48
6 59
6 61
6 62
6 63
6 64
6 71
6 73
6 75
6 79
6 80
6 82
6 85
6 88
6 89
6 90
6 92
6 96
6 98
6 99
7 2
7 3
7 5
7 12
7 13
7 14
7 15
7 16
7 20
7 22
7 24
7 29
7 33
7 35
7 41
7 43
7 48
7 49
7 51
7 52
7 53
7 56
7 63
7 67
7 71
7 72
7 74
7 75
7 77
7 78
7 79
7 80
7 81
7 82
7 83
7 85
7 87
7 89
7 91
7 92
7 93
7 96
7 97
7 98
8 2
8 3
8 5
8 11
8 12
8 18
8 19
8 23
8 27
8 33
8 34
8 41
8 43
8 44
8 45
8 47
8 50
8 53
8 61
8 62
8 64
8 68
8 72
8 73
8 80
8 82
8 83
8 85
8 87
8 91
8 96
8 97
8 99
9 1
9 2
9 4
9 11
9 15
9 16
9 18
9 20
9 28
9 29
9 30
9 33
9 34
9 38
9 39
9 40
9 42
9 44
9 48
9 51
9 53
9 54
9 55
9 56
9 57
9 60
9 61
9 64
9 65
9 66
9 69
9 70
9 71
9 72
9 74
9 76
9 78
9 80
9 81
9 82
9 84
9 85
9 86
9 87
9 92
9 94
9 99
10 1
10 12
10 13
10 18
10 19
10 21
10 26
10 29
10 30
10 32
10 34
10 37
10 39
10 43
10 44
10 45
10 49
10 50
10 54
10 55
10 59
10 60
10 63
10 65
10 66
10 67
10 72
10 73
10 78
10 80
10 82
10 84
10 87
10 94
10 96
10 98
10 99
11 2
11 3
11 8
11 9
11 13
11 14
11 15
11 19
11 22
11 23
11 24
11 27
11 31
11 32
11 33
11 36
11 39
11 43
11 44
11 45
11 48
11 50
11 51
11 55
11 56
11 57
11 58
11 59
11 62
11 63
11 67
11 69
11 70
11 71
11 72
11 74
11 76
11 77
11 78
11 79
11 80
11 81
11 83
11 90
11 91
11 92
11 93
11 94
11 97
12 2
12 5
12 6
12 7
12 8
12 10
12 13
12 18
12 23
12 24
12 25
12 29
12 30
12 34
12 36
12 45
12 46
12 48
12 49
12 56
12 57
12 58
12 59
12 61
12 62
12 65
12 66
12 69
12 70
12 71
12 74
12 78
12 79
12 80
12 82
12 83
12 84
12 85
12 89
12 91
13 7
13 10
13 11
13 12
13 14
13 15
13 17
13 18
13 19
13 28
13 29
13 30
13 32
13 33
13 36
13 38
13 40
13 41
13 45
13 46
13 48
13 52
13 54
13 55
13 61
13 62
13 65
13 67
13 68
13 70
13 72
13 75
13 78
13 79
13 83
13 84
13 85
13 90
13 91
13 92
13 93
13 95
13 97
13 100
14 2
14 4
14 6
14 7
14 11
14 13
14 16
14 18
14 21
14 23
14 24
14 25
14 28
14 29
14 32
14 40
14 46
14 51
14 52
14 60
14 64
14 65
14 69
14 70
14 71
14 74
14 75
14 80
14 83
14 85
14 93
14 98
14 99
15 2
15 3
15 7
15 9
15 11
15 13
15 16
15 17
15 20
15 22
15 27
15 33
15 35
15 39
15 43
15 49
15 51
15 52
15 56
15 58
15 59
15 60
15 68
15 70
15 73
15 74
15 75
15 76
15 77
15 79
15 81
15 86
15 88
15 89
15 90
15 92
15 93
15 95
15 99
16 3
16 7
16 9
16 14
16 15
16 21
16 22
16 23
16 24
16 27
16 28
16 29
16 32
16 34
16 42
16 43
16 45
16 46
16 47
16 49
16 53
16 57
16 59
16 60
16 67
16 70
16 71
16 76
16 80
16 82
16 84
16 85
16 87
16 91
16 92
16 95
16 98
17 4
17 5
17 13
17 15
17 18
17 19
17 20
17 22
17 25
17 27
17 28
17 29
17 36
17 38
17 40
17 46
17 51
17 56
17 58
17 62
17 63
17 66
17 70
17 72
17 75
17 78
17 80
17 82
17 83
17 87
17 92
17 93
17 95
17 96
17 98
18 2
18 4
18 6
18 8
18 9
18 10
18 12
18 13
18 14
18 17
18 19
18 22
18 23
18 24
18 31
18 32
18 34
18 38
18 39
18 40
18 42
18 49
18 52
18 54
18 55
18 56
18 57
18 58
18 59
18 60
18 62
18 77
18 78
18 82
18 83
18 84
18 85
18 86
18 87
18 88
18 91
18 92
18 93
18 95
18 97
18 99
19 2
19 3
19 4
19 8
19 10
19 11
19 13
19 17
19 18
19 28
19 35
19 36
19 38
19 41
19 44
19 46
19 53
19 56
19 62
19 63
19 64
19 65
19 73
19 76
19 83
19 85
19 86
19 88
19 90
19 92
19 93
19 94
19 96
20 1
20 7
20 9
20 15
20 17
20 21
20 23
20 26
20 29
20 30
20 33
20 38
20 41
20 44
20 48
20 55
20 56
20 57
20 58
20 63
20 66
20 69
20 72
20 74
20 75
20 78
20 80
20 81
20 83
20 87
20 88
20 90
20 92
20 96
20 98
20 100
21 1
21 4
21 10
21 14
21 16
21 20
21 22
21 23
21 24
21 26
21 28
21 29
21 31
21 35
21 38
21 39
21 41
21 44
21 45
21 47
21 50
21 52
21 54
21 55
21 58
21 60
21 61
21 70
21 76
21 77
21 84
21 87
21 89
21 92
21 95
21 96
21 98
21 100
22 1
22 7
22 11
22 15
22 16
22 17
22 18
22 21
22 25
22 26
22 27
22 28
22 31
22 34
22 35
22 36
22 37
22 39
22 41
22 45
22 47
22 52
22 53
22 56
22 58
22 61
22 62
22 64
22 65
22 69
22 70
22 71
22 75
22 77
22 78
22 79
22 82
22 83
22 85
22 87
22 88
22 94
22 96
22 99
23 1
23 6
23 8
23 11
23 12
23 14
23 16
23 18
23 20
23 21
23 29
23 30
23 31
23 32
23 33
23 36
23 43
23 45
23 51
23 54
23 55
23 57
23 58
23 59
23 60
23 61
23 63
23 67
23 72
23 77
23 84
23 85
23 86
23 87
23 91
23 93
23 95
23 98
23 100
24 1
24 2
24 5
24 7
24 11
24 12
24 14
24 16
24 18
24 21
24 25
24 27
24 30
24 31
24 36
24 39
24 43
24 47
24 48
24 49
24 52
24 53
24 55
24 56
24 58
24 60
24 61
24 66
24 67
24 68
24 70
24 72
24 74
24 75
24 78
24 90
24 92
24 96
24 98
25 1
25 2
25 12
25 14
25 17
25 22
25 24
25 27
25 30
25 33
25 35
25 36
25 39
25 40
25 43
25 48
25 49
25 51
25 52
25 58
25 59
25 60
25 62
25 64
25 66
25 67
25 68
25 75
25 76
25 77
25 79
25 85
25 86
25 88
25 89
25 92
25 96
25 99
26 2
26 3
26 4
26 10
26 20
26 21
26 22
26 28
26 29
26 31
26 32
26 33
26 34
26 37
26 40
26 43
26 44
26 48
26 51
26 53
26 59
26 61
26 62
26 65
26 67
26 70
26 71
26 76
26 85
26 90
26 96
26 97
27 2
27 8
27 11
27 15
27 16
27 17
27 22
27 24
27 25
27 30
27 32
27 35
27 40
27 41
27 43
27 47
27 51
27 53
27 54
27 56
27 57
27 58
27 60
27 61
27 64
27 65
27 68
27 70
27 72
27 73
27 74
27 82
27 88
27 92
27 93
27 96
28 3
28 9
28 13
28 14
28 16
28 17
28 19
28 21
28 22
28 26
28 32
28 33
28 35
28 39
28 45
28 46
28 49
28 50
28 56
28 57
28 61
28 62
28 64
28 68
28 69
28 70
28 72
28 73
28 74
28 75
28 76
28 80
28 81
28 82
28 86
28 90
28 97
28 98
29 3
29 5
29 6
29 7
29 9
29 10
29 12
29 13
29 14
29 16
29 17
29 20
29 21
29 23
29 26
29 35
29 37
29 39
29 41
29 43
29 45
29 46
29 47
29 55
29 56
29 58
29 61
29 62
29 63
29 64
29 67
29 70
29 73
29 75
29 77
29 79
29 80
29 84
29 88
29 91
29 92
29 96
29 97
30 3
30 4
30 9
30 10
30 12
30 13
30 20
30 23
30 24
30 25
30 27
30 33
30 34
30 35
30 37
30 39
30 42
30 43
30 44
30 49
30 51
30 53
30 54
30 55
30 57
30 60
30 64
30 65
30 68
30 71
30 73
30 81
30 84
30 85
30 86
30 89
30 90
30 91
30 98
30 99
31 1
31 2
31 6
31 11
31 18
31 21
31 22
31 23
31 24
31 26
31 37
31 45
31 47
31 51
31 52
31 56
31 59
31 62
31 64
31 65
31 67
31 68
31 69
31 75
31 78
31 80
31 81
31 82
31 83
31 84
31 86
31 90
31 96
31 97
32 1
32 10
32 11
32 13
32 14
32 16
32 18
32 23
32 26
32 27
32 28
32 35
32 38
32 40
32 43
32 44
32 49
32 52
32 53
32 54
32 59
32 60
32 61
32 62
32 69
32 72
32 73
32 74
32 78
32 81
32 82
32 86
32 94
32 96
32 100
33 1
33 7
33 8
33 9
33 11
33 13
33 15
33 20
33 23
33 25
33 26
33 28
33 30
33 40
33 41
33 42
33 45
33 46
33 48
33 50
33 55
33 56
33 57
33 62
33 64
33 65
33 66
33 67
33 71
33 76
33 82
33 83
33 85
33 88
33 91
33 93
33 96
33 98
33 99
34 5
34 8
34 9
34 10
34 12
34 16
34 18
34 22
34 26
34 30
34 38
34 39
34 41
34 46
34 47
34 51
34 53
34 54
34 56
34 58
34 59
34 67
34 68
34 69
34 70
34 72
34 73
34 74
34 76
34 77
34 81
34 84
34 85
34 86
34 88
34 92
34 94
34 96
34 97
34 98
34 99
34 100
35 1
35 7
35 15
35 19
35 21
35 22
35 25
35 27
35 28
35 29
35 30
35 32
35 36
35 37
35 40
35 46
35 48
35 49
35 50
35 51
35 53
35 59
35 62
35 63
35 65
35 67
35 68
35 70
35 74
35 76
35 77
35 79
35 80
35 81
35 82
35 83
35 84
35 92
35 97
35 99
35 100
36 1
36 4
36 11
36 12
36 13
36 17
36 19
36 22
36 23
36 24
36 25
36 35
36 38
36 39
36 41
36 43
36 49
36 50
36 54
36 57
36 59
36 69
36 70
36 71
36 78
36 80
36 85
36 89
36 90
36 91
37 5
37 10
37 22
37 26
37 29
37 30
37 31
37 35
37 41
37 44
37 45
37 51
37 57
37 59
37 60
37 63
37 64
37 69
37 70
37 71
37 73
37 74
37 78
37 80
37 84
37 85
37 89
37 90
37 91
37 92
37 98
37 99
37 100
38 1
38 3
38 4
38 9
38 13
38 17
38 18
38 19
38 20
38 21
38 32
38 34
38 36
38 47
38 49
38 51
38 55
38 58
38 68
38 77
38 79
38 85
38 86
38 87
38 89
38 95
38 98
39 6
39 9
39 10
39 11
39 15
39 18
39 21
39 22
39 24
39 25
39 28
39 29
39 30
39 34
39 36
39 41
39 42
39 44
39 46
39 47
39 52
39 62
39 63
39 65
39 66
39 68
39 71
39 72
39 75
39 78
39 83
39 85
39 89
39 90
39 91
39 92
39 94
39 96
39 99
40 1
40 2
40 3
40 5
40 9
40 13
40 14
40 17
40 18
40 25
40 26
40 27
40 32
40 33
40 35
40 42
40 43
40 48
40 50
40 51
40 54
40 55
40 60
40 61
40 62
40 63
40 66
40 72
40 74
40 77
40 83
40 88
40 89
40 90
40 91
40 93
40 96
40 98
40 100
41 1
41 5
41 7
41 8
41 13
41 19
41 20
41 21
41 22
41 27
41 29
41 33
41 34
41 36
41 37
41 39
41 45
41 46
41 47
41 52
41 53
41 54
41 65
41 68
41 69
41 72
41 74
41 77
41 78
41 81
41 83
41 86
41 87
41 89
41 90
41 94
41 97
42 1
42 4
42 6
42 9
42 16
42 18
42 30
42 33
42 39
42 40
42 44
42 45
42 46
42 55
42 58
42 63
42 66
42 71
42 72
42 76
42 77
42 80
42 82
42 83
42 87
42 88
42 89
42 91
42 93
42 94
42 98
42 99
43 2
43 7
43 8
43 10
43 11
43 15
43 16
43 23
43 24
43 25
43 26
43 27
43 29
43 30
43 32
43 36
43 40
43 49
43 55
43 56
43 57
43 59
43 60
43 61
43 63
43 64
43 65
43 66
43 70
43 71
43 72
43 73
43 75
43 77
43 81
43 83
43 84
43 85
43 86
43 87
43 88
43 89
43 91
43 93
43 94
43 98
43 100
44 2
44 3
44 5
44 6
44 8
44 9
44 10
44 11
44 19
44 20
44 21
44 26
44 30
44 32
44 37
44 39
44 42
44 46
44 47
44 52
44 53
44 54
44 55
44 57
44 58
44 60
44 61
44 65
44 67
44 69
44 70
44 73
44 75
44 76
44 79
44 80
44 81
44 84
44 92
44 93
44 96
44 100
45 2
45 4
45 5
45 8
45 10
45 11
45 12
45 13
45 16
45 21
45 22
45 23
45 28
45 29
45 31
45 33
45 37
45 41
45 42
45 46
45 47
45 52
45 53
45 54
45 55
45 57
45 60
45 61
45 62
45 64
45 69
45 70
45 74
45 75
45 77
45 78
45 85
45 89
45 91
45 92
45 93
45 94
46 5
46 6
46 12
46 13
46 14
46 16
46 17
46 19
46 28
46 29
46 33
46 34
46 35
46 39
46 41
46 42
46 44
46 45
46 52
46 53
46 57
46 59
46 62
46 66
46 68
46 69
46 72
46 75
46 76
46 77
46 78
46 79
46 84
46 85
46 91
46 93
46 95
46 96
46 97
46 98
46 100
47 1
47 8
47 16
47 21
47 22
47 24
47 27
47 29
47 31
47 34
47 38
47 39
47 41
47 44
47 45
47 51
47 56
47 60
47 64
47 67
47 68
47 70
47 73
47 76
47 80
47 83
47 86
47 87
47 88
47 92
47 97
48 2
48 3
48 4
48 5
48 6
48 7
48 9
48 11
48 12
48 13
48 20
48 24
48 25
48 26
48 33
48 35
48 40
48 49
48 51
48 61
48 63
48 65
48 67
48 68
48 70
48 72
48 73
48 76
48 79
48 80
48 81
48 83
48 84
48 85
48 92
48 93
48 95
48 96
49 1
49 7
49 10
49 12
49 15
49 16
49 18
49 24
49 25
49 28
49 30
49 32
49 35
49 36
49 38
49 43
49 48
49 52
49 59
49 61
49 66
49 68
49 69
49 70
49 73
49 74
49 75
49 76
49 79
49 83
49 88
49 92
49 95
49 97
49 98
49 99
50 1
50 3
50 4
50 8
50 10
50 11
50 21
50 28
50 33
50 35
50 36
50 40
50 52
50 57
50 60
50 63
50 65
50 66
50 67
50 69
50 71
50 74
50 77
50 79
50 81
50 82
50 83
50 86
50 87
50 88
50 91
50 93
50 94
50 95
50 96
50 100
51 3
51 7
51 9
51 11
51 14
51 15
51 17
51 23
51 25
51 26
51 27
51 30
51 31
51 34
51 35
51 37
51 38
51 40
51 47
51 48
51 56
51 59
51 62
51 63
51 65
51 67
51 69
51 71
51 72
51 73
51 74
51 78
51 79
51 84
51 87
51 88
51 89
51 90
51 93
51 96
51 97
51 99
52 7
52 13
52 14
52 15
52 18
52 21
52 22
52 24
52 25
52 31
52 32
52 39
52 41
52 44
52 45
52 46
52 49
52 50
52 56
52 58
52 61
52 62
52 63
52 64
52 65
52 70
52 71
52 77
52 81
52 82
52 91
52 93
52 98
53 5
53 7
53 8
53 9
53 16
53 19
53 22
53 24
53 26
53 27
53 30
53 32
53 34
53 35
53 41
53 44
53 45
53 46
53 58
53 61
53 63
53 68
53 69
53 72
53 73
53 77
53 81
53 83
53 89
53 92
53 94
53 95
53 97
54 2
54 9
54 10
54 13
54 18
54 21
54 23
54 27
54 30
54 32
54 34
54 36
54 40
54 41
54 44
54 45
54 59
54 62
54 71
54 72
54 76
54 78
54 80
54 81
54 82
54 85
54 88
54 90
54 92
54 93
54 94
54 96
54 98
55 3
55 9
55 10
55 11
55 13
55 18
55 20
55 21
55 23
55 24
55 29
55 30
55 33
55 38
55 40
55 42
55 43
55 44
55 45
55 56
55 57
55 59
55 60
55 64
55 68
55 70
55 71
55 75
55 77
55 79
55 80
55 87
55 88
55 89
55 91
56 5
56 7
56 9
56 11
56 12
56 15
56 17
56 18
56 19
56 20
56 22
56 24
56 27
56 28
56 29
56 31
56 33
56 34
56 43
56 47
56 51
56 52
56 55
56 59
56 60
56 62
56 64
56 65
56 68
56 69
56 70
56 71
56 73
56 84
56 86
56 88
56 90
56 93
57 3
57 9
57 11
57 12
57 16
57 18
57 20
57 23
57 27
57 28
57 30
57 33
57 36
57 37
57 43
57 44
57 45
57 46
57 50
57 55
57 60
57 61
57 62
57 67
57 70
57 72
57 74
57 78
57 82
57 89
57 91
57 92
57 94
57 96
57 97
57 98
57 100
58 2
58 3
58 5
58 11
58 12
58 15
58 17
58 18
58 20
58 21
58 22
58 23
58 24
58 25
58 27
58 29
58 34
58 38
58 42
58 44
58 52
58 53
58 62
58 63
58 68
58 69
58 70
58 72
58 73
58 76
58 77
58 78
58 79
58 82
58 84
58 86
58 91
58 92
58 93
58 94
58 97
58 98
58 100
59 1
59 3
59 4
59 6
59 10
59 11
59 12
59 15
59 16
59 18
59 23
59 25
59 26
59 31
59 32
59 34
59 35
59 36
59 37
59 43
59 46
59 49
59 51
59 54
59 55
59 56
59 63
59 66
59 68
59 70
59 72
59 73
59 77
59 79
59 80
59 81
59 84
59 89
59 95
59 98
59 99
59 100
60 1
60 2
60 3
60 5
60 9
60 10
60 14
60 15
60 16
60 18
60 21
60 23
60 24
60 25
60 27
60 30
60 32
60 37
60 40
60 43
60 44
60 45
60 47
60 50
60 55
60 56
60 57
60 64
60 65
60 71
60 75
60 78
60 79
60 80
60 83
60 86
60 91
60 97
60 98
60 99
60 100
61 1
61 3
61 5
61 6
61 8
61 9
61 12
61 13
61 21
61 22
61 23
61 24
61 26
61 27
61 28
61 29
61 32
61 40
61 43
61 44
61 45
61 48
61 49
61 52
61 53
61 57
61 63
61 65
61 70
61 71
61 72
61 78
61 85
61 86
61 90
61 92
61 96
61 97
61 99
62 2
62 4
62 6
62 8
62 11
62 12
62 13
62 17
62 18
62 19
62 22
62 25
62 26
62 28
62 29
62 31
62 32
62 33
62 35
62 39
62 40
62 45
62 46
62 51
62 52
62 54
62 56
62 57
62 58
62 64
62 67
62 68
62 69
62 73
62 77
62 85
62 87
62 89
62 90
62 92
62 93
62 95
62 96
62 99
62 100
63 4
63 6
63 7
63 10
63 11
63 17
63 19
63 20
63 23
63 29
63 35
63 37
63 39
63 40
63 42
63 43
63 48
63 50
63 51
63 52
63 53
63 58
63 59
63 61
63 66
63 68
63 69
63 79
63 80
63 82
63 84
63 87
63 88
63 91
63 92
63 95
63 96
63 97
64 1
64 2
64 5
64 6
64 8
64 9
64 14
64 19
64 22
64 25
64 27
64 28
64 29
64 30
64 31
64 33
64 37
64 43
64 45
64 47
64 52
64 55
64 56
64 60
64 62
64 66
64 68
64 73
64 75
64 81
64 90
64 94
64 100
65 1
65 9
65 10
65 12
65 13
65 14
65 19
65 22
65 26
65 27
65 30
65 31
65 33
65 35
65 39
65 41
65 43
65 44
65 48
65 50
65 51
65 52
65 56
65 60
65 61
65 66
65 69
65 73
65 75
65 76
65 78
65 84
65 85
65 87
65 88
65 89
65 90
65 97
65 98
66 1
66 2
66 9
66 10
66 12
66 17
66 20
66 24
66 25
66 33
66 39
66 40
66 42
66 43
66 46
66 49
66 50
66 59
66 63
66 64
66 65
66 67
66 68
66 69
66 74
66 76
66 78
66 83
66 87
66 88
66 92
66 98
66 99
66 100
67 1
67 2
67 7
67 10
67 11
67 13
67 16
67 23
67 24
67 25
67 26
67 29
67 31
67 33
67 34
67 35
67 44
67 47
67 48
67 50
67 51
67 57
67 62
67 66
67 68
67 70
67 73
67 74
67 75
67 83
67 84
67 86
67 90
67 97
67 98
67 100
68 1
68 2
68 8
68 13
68 15
68 24
68 25
68 27
68 28
68 30
68 31
68 34
68 35
68 38
68 39
68 41
68 46
68 47
68 48
68 49
68 53
68 55
68 56
68 58
68 59
68 62
68 63
68 64
68 66
68 67
68 72
68 73
68 74
68 75
68 80
68 81
68 82
68 89
68 90
68 93
68 96
68 100
69 1
69 2
69 9
69 11
69 12
69 14
69 20
69 22
69 28
69 31
69 32
69 34
69 36
69 37
69 41
69 44
69 45
69 46
69 49
69 50
69 51
69 53
69 56
69 58
69 62
69 63
69 65
69 66
69 73
69 75
69 76
69 77
69 78
69 79
69 80
69 81
69 83
69 84
69 87
69 88
69 91
69 94
69 98
69 100
70 4
70 9
70 11
70 12
70 13
70 14
70 15
70 16
70 17
70 21
70 22
70 24
70 26
70 27
70 28
70 29
70 34
70 35
70 36
70 37
70 43
70 44
70 45
70 47
70 48
70 49
70 52
70 55
70 56
70 57
70 58
70 59
70 61
70 67
70 71
70 72
70 73
70 74
70 76
70 77
70 81
70 84
70 85
70 87
70 90
70 95
70 98
70 100
71 1
71 4
71 5
71 6
71 7
71 9
71 11
71 12
71 14
71 16
71 22
71 26
71 30
71 33
71 36
71 37
71 39
71 42
71 43
71 50
71 51
71 52
71 54
71 55
71 56
71 60
71 61
71 70
71 76
71 81
71 84
71 85
71 86
71 89
71 92
72 2
72 3
72 7
72 8
72 9
72 10
72 11
72 13
72 17
72 20
72 23
72 24
72 27
72 28
72 32
72 34
72 39
72 40
72 41
72 42
72 43
72 46
72 48
72 51
72 53
72 54
72 57
72 58
72 59
72 61
72 68
72 70
72 73
72 77
72 78
72 80
72 81
72 88
72 90
72 91
72 93
72 96
72 97
73 3
73 6
73 8
73 10
73 15
73 19
73 27
73 28
73 29
73 30
73 32
73 34
73 37
73 43
73 44
73 47
73 48
73 49
73 51
73 53
73 56
73 58
73 59
73 62
73 64
73 65
73 67
73 68
73 69
73 70
73 72
73 75
73 76
73 78
73 81
73 85
73 86
73 88
73 90
73 91
73 97
73 99
74 1
74 7
74 9
74 11
74 12
74 14
74 15
74 20
74 24
74 27
74 28
74 32
74 34
74 35
74 37
74 40
74 41
74 45
74 49
74 50
74 51
74 57
74 66
74 67
74 68
74 70
74 75
74 79
74 80
74 83
74 84
74 87
74 88
74 89
74 90
74 92
74 96
74 97
74 99
75 1
75 2
75 3
75 6
75 7
75 13
75 14
75 15
75 17
75 20
75 22
75 24
75 25
75 28
75 29
75 31
75 39
75 43
75 44
75 45
75 46
75 49
75 55
75 60
75 64
75 65
75 67
75 68
75 69
75 73
75 74
75 77
75 78
75 79
75 80
75 82
75 88
75 94
75 96
75 99
76 4
76 5
76 9
76 11
76 15
76 16
76 19
76 21
76 25
76 26
76 28
76 33
76 34
76 35
76 42
76 44
76 46
76 47
76 48
76 49
76 54
76 58
76 65
76 66
76 69
76 70
76 71
76 73
76 80
76 81
76 82
76 87
76 88
76 90
76 91
76 92
76 96
76 98
76 100
77 2
77 4
77 7
77 11
77 15
77 18
77 21
77 22
77 23
77 25
77 29
77 34
77 35
77 38
77 40
77 41
77 42
77 43
77 45
77 46
77 50
77 52
77 53
77 55
77 58
77 59
77 62
77 69
77 70
77 72
77 75
77 83
77 87
77 91
77 96
77 98
78 2
78 4
78 5
78 7
78 9
78 10
78 11
78 12
78 13
78 17
78 18
78 20
78 22
78 24
78 31
78 32
78 36
78 37
78 39
78 41
78 45
78 46
78 51
78 54
78 57
78 58
78 60
78 61
78 65
78 66
78 69
78 72
78 73
78 75
78 81
78 84
78 85
78 86
78 87
78 90
78 95
78 96
78 97
78 99
79 6
79 7
79 11
79 12
79 13
79 15
79 22
79 25
79 29
79 35
79 38
79 44
79 46
79 48
79 49
79 50
79 51
79 55
79 58
79 59
79 60
79 63
79 69
79 74
79 75
79 81
79 82
79 83
79 86
79 87
79 88
79 89
79 90
79 91
79 94
79 95
79 96
79 98
79 99
79 100
80 1
80 2
80 6
80 7
80 8
80 9
80 10
80 11
80 12
80 14
80 16
80 17
80 20
80 28
80 29
80 31
80 35
80 36
80 37
80 42
80 44
80 47
80 48
80 54
80 55
80 59
80 60
80 63
80 68
80 69
80 72
80 74
80 75
80 76
80 88
80 91
80 93
80 95
80 97
80 100
81 2
81 3
81 7
81 9
81 11
81 15
81 20
81 28
81 30
81 31
81 32
81 34
81 35
81 41
81 43
81 44
81 48
81 50
81 52
81 53
81 54
81 59
81 64
81 68
81 69
81 70
81 71
81 72
81 73
81 76
81 78
81 79
81 82
81 86
81 87
81 91
81 92
81 97
81 98
81 99
81 100
82 3
82 4
82 6
82 7
82 8
82 9
82 10
82 12
82 16
82 17
82 18
82 22
82 27
82 28
82 31
82 32
82 33
82 35
82 42
82 50
82 52
82 54
82 57
82 58
82 63
82 68
82 75
82 76
82 79
82 81
82 83
82 84
82 85
82 93
82 98
82 100
83 2
83 3
83 4
83 7
83 8
83 11
83 12
83 13
83 14
83 17
83 18
83 19
83 20
83 22
83 31
83 33
83 35
83 39
83 40
83 41
83 42
83 43
83 47
83 48
83 49
83 50
83 53
83 60
83 66
83 67
83 69
83 74
83 77
83 79
83 82
83 86
83 88
83 93
83 94
83 96
83 98
83 99
83 100
84 2
84 3
84 4
84 5
84 9
84 10
84 12
84 13
84 16
84 18
84 21
84 23
84 29
84 30
84 31
84 34
84 35
84 37
84 43
84 44
84 46
84 48
84 51
84 56
84 58
84 59
84 63
84 65
84 67
84 69
84 70
84 71
84 74
84 78
84 82
84 86
84 89
84 94
84 95
84 96
84 97
84 98
84 100
85 1
85 3
85 5
85 6
85 7
85 8
85 9
85 12
85 13
85 14
85 16
85 18
85 19
85 22
85 23
85 25
85 26
85 30
85 33
85 34
85 36
85 37
85 38
85 39
85 43
85 45
85 46
85 48
85 54
85 61
85 62
85 65
85 70
85 71
85 73
85 78
85 82
85 90
85 91
85 93
85 98
86 3
86 5
86 9
86 15
86 18
86 19
86 23
86 25
86 28
86 30
86 31
86 32
86 34
86 38
86 41
86 43
86 47
86 50
86 56
86 58
86 60
86 61
86 67
86 71
86 73
86 78
86 79
86 81
86 83
86 84
86 89
86 90
86 91
86 93
86 94
86 96
86 99
86 100
87 2
87 7
87 8
87 9
87 10
87 16
87 17
87 18
87 20
87 21
87 22
87 23
87 38
87 41
87 42
87 43
87 47
87 50
87 51
87 55
87 62
87 63
87 65
87 66
87 69
87 70
87 74
87 76
87 77
87 78
87 79
87 81
87 89
87 90
87 93
87 96
88 2
88 5
88 6
88 15
88 18
88 19
88 20
88 22
88 25
88 27
88 29
88 33
88 34
88 40
88 42
88 43
88 47
88 49
88 50
88 51
88 54
88 55
88 56
88 63
88 65
88 66
88 69
88 72
88 73
88 74
88 75
88 76
88 79
88 80
88 83
88 89
88 96
88 97
89 5
89 6
89 7
89 12
89 15
89 21
89 25
89 30
89 36
89 37
89 38
89 39
89 40
89 41
89 42
89 43
89 45
89 51
89 53
89 55
89 57
89 59
89 62
89 65
89 68
89 71
89 74
89 79
89 84
89 86
89 87
89 88
89 90
89 91
89 94
89 96
89 98
90 3
90 6
90 11
90 13
90 15
90 19
90 20
90 24
90 26
90 28
90 30
90 31
90 36
90 37
90 39
90 40
90 41
90 51
90 54
90 56
90 61
90 62
90 64
90 65
90 67
90 68
90 70
90 72
90 73
90 74
90 76
90 78
90 79
90 85
90 86
90 87
90 89
90 94
90 95
90 97
91 5
91 7
91 8
91 11
91 12
91 13
91 16
91 18
91 23
91 29
91 30
91 33
91 36
91 37
91 39
91 40
91 42
91 43
91 45
91 46
91 50
91 52
91 55
91 57
91 58
91 60
91 63
91 69
91 72
91 73
91 76
91 77
91 79
91 80
91 81
91 85
91 86
91 89
91 93
91 95
92 6
92 7
92 9
92 11
92 13
92 15
92 16
92 17
92 18
92 19
92 20
92 21
92 24
92 25
92 27
92 29
92 34
92 35
92 37
92 39
92 44
92 45
92 47
92 48
92 49
92 53
92 54
92 57
92 58
92 61
92 62
92 63
92 66
92 71
92 74
92 76
92 81
92 95
92 96
92 97
92 100
93 5
93 7
93 11
93 13
93 14
93 15
93 17
93 18
93 19
93 23
93 27
93 33
93 40
93 42
93 43
93 44
93 45
93 46
93 48
93 50
93 51
93 52
93 54
93 56
93 58
93 62
93 68
93 72
93 80
93 82
93 83
93 85
93 86
93 87
93 91
93 94
93 95
93 96
93 97
93 98
93 99
94 2
94 9
94 10
94 11
94 19
94 22
94 32
94 34
94 39
94 41
94 42
94 43
94 45
94 50
94 53
94 54
94 57
94 58
94 64
94 69
94 75
94 79
94 83
94 84
94 86
94 89
94 90
94 93
94 95
94 97
94 98
95 2
95 3
95 5
95 13
95 15
95 16
95 17
95 18
95 21
95 23
95 38
95 46
95 48
95 49
95 50
95 53
95 59
95 62
95 63
95 70
95 78
95 79
95 80
95 84
95 90
95 91
95 92
95 93
95 94
95 97
95 100
96 2
96 3
96 4
96 6
96 7
96 8
96 10
96 17
96 19
96 20
96 21
96 22
96 24
96 25
96 26
96 27
96 29
96 31
96 32
96 33
96 34
96 39
96 40
96 44
96 46
96 48
96 50
96 51
96 54
96 57
96 61
96 62
96 63
96 68
96 72
96 74
96 75
96 76
96 77
96 78
96 79
96 83
96 84
96 86
96 87
96 88
96 89
96 92
96 93
96 97
97 2
97 3
97 5
97 7
97 8
97 11
97 13
97 18
97 26
97 28
97 29
97 31
97 34
97 35
97 41
97 46
97 47
97 49
97 51
97 53
97 57
97 58
97 60
97 61
97 63
97 65
97 67
97 72
97 73
97 74
97 78
97 80
97 81
97 84
97 88
97 90
97 92
97 93
97 94
97 95
97 96
97 100
98 5
98 6
98 7
98 10
98 14
98 16
98 17
98 20
98 21
98 23
98 24
98 28
98 30
98 33
98 34
98 37
98 38
98 40
98 42
98 43
98 46
98 49
98 52
98 54
98 57
98 58
98 59
98 60
98 65
98 66
98 67
98 69
98 70
98 76
98 77
98 79
98 81
98 82
98 83
98 84
98 85
98 89
98 93
98 94
98 99
98 100
99 6
99 8
99 9
99 10
99 14
99 15
99 18
99 22
99 25
99 30
99 33
99 34
99 35
99 37
99 39
99 42
99 49
99 51
99 59
99 60
99 61
99 62
99 66
99 73
99 74
99 75
99 78
99 79
99 81
99 83
99 86
99 93
99 98
100 1
100 4
100 13
100 20
100 21
100 23
100 32
100 34
100 35
100 37
100 40
100 43
100 44
100 46
100 50
100 57
100 58
100 59
100 60
100 62
100 64
100 66
100 67
100 68
100 69
100 70
100 76
100 79
100 80
100 81
100 82
100 83
100 84
100 86
100 92
100 95
100 97
100 98
