100
1 3
1 5
1 6
1 7
1 9
1 10
1 11
1 14
1 16
1 17
1 18
1 19
1 21
1 24
1 26
1 27
1 28
1 30
1 32
1 35
1 36
1 37
1 41
1 43
1 44
1 45
1 49
1 50
1 51
1 52
1 53
1 54
1 55
1 57
1 59
1 61
1 62
1 63
1 64
1 65
1 69
1 70
1 71
1 72
1 73
1 74
1 75
1 77
1 79
1 80
1 83
1 84
1 86
1 88
1 89
1 90
1 92
1 93
1 94
1 95
1 97
1 98
1 99
1 100
2 4
2 5
2 6
2 9
2 10
2 13
2 15
2 18
2 19
2 20
2 21
2 22
2 23
2 24
2 26
2 27
2 28
2 29
2 30
2 31
2 32
2 33
2 34
2 35
2 37
2 41
2 43
2 44
2 45
2 46
2 49
2 51
2 54
2 55
2 57
2 58
2 59
2 60
2 61
2 63
2 64
2 65
2 66
2 67
2 68
2 69
2 70
2 73
2 74
2 77
2 79
2 80
2 81
2 82
2 83
2 89
2 90
2 93
2 96
2 100
3 1
3 9
3 11
3 13
3 14
3 16
3 17
3 18
3 20
3 22
3 24
3 25
3 28
3 30
3 32
3 33
3 34
3 35
3 36
3 39
3 42
3 43
3 44
3 45
3 47
3 49
3 51
3 53
3 59
3 60
3 61
3 62
3 63
3 64
3 65
3 69
3 71
3 72
3 74
3 75
3 78
3 80
3 81
3 82
3 83
3 85
3 87
3 88
3 89
3 92
3 93
3 95
3 96
3 97
3 98
3 100
4 2
4 6
4 9
4 16
4 17
4 18
4 19
4 20
4 21
4 22
4 23
4 26
4 29
4 31
4 33
4 35
4 36
4 37
4 38
4 40
4 42
4 43
4 47
4 48
4 50
4 51
4 53
4 56
4 57
4 58
4 60
4 61
4 63
4 64
4 68
4 69
4 70
4 71
4 72
4 74
4 77
4 79
4 80
4 81
4 82
4 83
4 84
4 85
4 87
4 89
4 92
4 93
4 94
4 96
4 97
4 98
4 99
4 100
5 1
5 2
5 6
5 7
5 9
5 14
5 16
5 17
5 22
5 23
5 25
5 26
5 27
5 29
5 33
5 35
5 36
5 38
5 39
5 40
5 41
5 42
5 44
5 46
5 47
5 49
5 50
5 51
5 52
5 54
5 55
5 56
5 57
5 58
5 59
5 60
5 61
5 62
5 63
5 67
5 68
5 70
5 71
5 72
5 73
5 74
5 75
5 79
5 81
5 84
5 85
5 86
5 90
5 92
5 93
5 95
5 97
5 100
6 1
6 2
6 4
6 5
6 7
6 8
6 10
6 11
6 12
6 13
6 14
6 16
6 18
6 19
6 20
6 21
6 22
6 23
6 24
6 25
6 27
6 29
6 30
6 31
6 32
6 33
6 36
6 38
6 39
6 40
6 41
6 43
6 44
6 46
6 49
6 50
6 52
6 53
6 54
6 57
6 59
6 63
6 66
6 67
6 68
6 69
6 70
6 71
6 72
6 73
6 76
6 77
6 78
6 79
6 81
6 83
6 85
6 86
6 87
6 88
6 90
6 91
6 93
6 94
6 95
6 96
6 99
7 1
7 5
7 6
7 9
7 10
7 11
7 12
7 13
7 14
7 18
7 19
7 21
7 22
7 25
7 27
7 28
7 32
7 33
7 34
7 35
7 36
7 37
7 38
7 39
7 40
7 42
7 43
7 44
7 45
7 47
7 49
7 50
7 55
7 57
7 61
7 64
7 65
7 66
7 67
7 68
7 70
7 73
7 76
7 77
7 78
7 80
7 81
7 82
7 83
7 84
7 88
7 90
7 91
7 93
7 94
7 97
7 98
7 100
8 6
8 9
8 10
8 11
8 13
8 14
8 15
8 17
8 19
8 20
8 21
8 22
8 23
8 24
8 30
8 35
8 36
8 37
8 39
8 43
8 45
8 46
8 47
8 48
8 49
8 50
8 51
8 52
8 53
8 56
8 62
8 65
8 67
8 68
8 70
8 71
8 72
8 73
8 75
8 77
8 79
8 80
8 85
8 88
8 89
8 90
8 91
8 92
8 95
8 96
8 97
8 98
8 99
9 1
9 2
9 3
9 4
9 5
9 7
9 8
9 11
9 13
9 17
9 21
9 22
9 23
9 24
9 25
9 26
9 27
9 28
9 31
9 32
9 35
9 36
9 38
9 40
9 43
9 45
9 48
9 50
9 51
9 52
9 53
9 54
9 55
9 56
9 57
9 58
9 60
9 62
9 63
9 64
9 65
9 66
9 68
9 69
9 72
9 73
9 74
9 77
9 78
9 80
9 82
9 84
9 86
9 89
9 91
9 92
9 94
9 95
9 97
9 98
9 99
10 1
10 2
10 6
10 7
10 8
10 11
10 13
10 14
10 16
10 17
10 18
10 19
10 21
10 22
10 24
10 25
10 26
10 29
10 30
10 33
10 34
10 37
10 38
10 39
10 40
10 41
10 42
10 45
10 48
10 49
10 51
10 52
10 54
10 55
10 57
10 58
10 59
10 62
10 64
10 66
10 67
10 69
10 72
10 75
10 76
10 77
10 80
10 81
10 82
10 83
10 86
10 87
10 88
10 89
10 92
10 93
10 95
10 98
10 99
11 1
11 3
11 6
11 7
11 8
11 9
11 10
11 12
11 13
11 14
11 15
11 16
11 18
11 20
11 21
11 23
11 24
11 25
11 26
11 27
11 30
11 32
11 33
11 34
11 38
11 39
11 40
11 42
11 43
11 46
11 48
11 49
11 53
11 54
11 55
11 56
11 57
11 58
11 60
11 61
11 65
11 66
11 68
11 69
11 70
11 71
11 73
11 74
11 75
11 76
11 78
11 82
11 83
11 86
11 87
11 88
11 90
11 91
11 92
11 93
11 95
11 96
11 97
11 100
12 6
12 7
12 11
12 13
12 14
12 17
12 19
12 21
12 22
12 23
12 24
12 26
12 27
12 28
12 30
12 33
12 35
12 36
12 38
12 40
12 42
12 43
12 45
12 46
12 47
12 48
12 49
12 50
12 51
12 52
12 53
12 54
12 55
12 58
12 60
12 61
12 62
12 63
12 64
12 68
12 70
12 71
12 72
12 73
12 74
12 75
12 76
12 77
12 78
12 79
12 80
12 82
12 83
12 84
12 87
12 88
12 89
12 90
12 91
12 92
12 93
12 94
12 97
12 100
13 2
13 3
13 6
13 7
13 8
13 9
13 10
13 11
13 12
13 15
13 16
13 17
13 18
13 19
13 20
13 21
13 23
13 25
13 26
13 27
13 28
13 29
13 31
13 32
13 38
13 39
13 40
13 41
13 43
13 44
13 45
13 46
13 47
13 49
13 51
13 52
13 53
13 54
13 55
13 57
13 58
13 61
13 63
13 64
13 65
13 66
13 67
13 68
13 69
13 70
13 71
13 72
13 73
13 74
13 77
13 78
13 80
13 82
13 83
13 84
13 85
13 87
13 88
13 91
13 92
13 94
13 95
13 96
13 98
14 1
14 3
14 5
14 6
14 7
14 8
14 10
14 11
14 12
14 15
14 16
14 17
14 19
14 21
14 24
14 25
14 26
14 28
14 29
14 30
14 32
14 34
14 38
14 39
14 41
14 43
14 44
14 46
14 47
14 48
14 50
14 52
14 56
14 57
14 59
14 61
14 62
14 64
14 66
14 67
14 69
14 70
14 72
14 74
14 75
14 77
14 82
14 84
14 85
14 88
14 90
14 91
14 92
14 93
14 94
14 96
14 98
14 99
14 100
15 2
15 8
15 11
15 13
15 14
15 16
15 17
15 19
15 22
15 24
15 26
15 28
15 29
15 32
15 33
15 34
15 35
15 36
15 37
15 38
15 39
15 40
15 41
15 43
15 47
15 48
15 50
15 51
15 52
15 53
15 55
15 58
15 60
15 62
15 63
15 64
15 65
15 67
15 68
15 69
15 72
15 74
15 75
15 80
15 82
15 84
15 85
15 88
15 89
15 90
15 91
15 93
15 96
15 98
15 100
16 1
16 3
16 4
16 5
16 6
16 10
16 11
16 13
16 14
16 15
16 17
16 18
16 20
16 21
16 23
16 25
16 26
16 27
16 29
16 31
16 32
16 33
16 34
16 35
16 36
16 37
16 38
16 42
16 43
16 44
16 45
16 46
16 47
16 48
16 52
16 53
16 54
16 55
16 57
16 58
16 60
16 61
16 62
16 64
16 67
16 68
16 69
16 71
16 72
16 76
16 78
16 81
16 83
16 87
16 90
16 92
16 93
16 94
16 96
16 98
16 99
17 1
17 3
17 4
17 5
17 8
17 9
17 10
17 12
17 13
17 14
17 15
17 16
17 22
17 25
17 30
17 31
17 33
17 35
17 36
17 37
17 38
17 39
17 40
17 41
17 42
17 48
17 49
17 50
17 52
17 53
17 54
17 55
17 56
17 57
17 58
17 59
17 60
17 61
17 62
17 66
17 68
17 69
17 70
17 73
17 74
17 78
17 82
17 83
17 84
17 87
17 89
17 90
17 91
17 92
17 94
17 95
17 96
17 97
17 98
18 1
18 2
18 3
18 4
18 6
18 7
18 10
18 11
18 13
18 16
18 19
18 23
18 24
18 25
18 28
18 29
18 30
18 31
18 32
18 33
18 36
18 39
18 42
18 44
18 45
18 47
18 48
18 49
18 53
18 54
18 55
18 58
18 59
18 63
18 65
18 66
18 68
18 69
18 70
18 71
18 72
18 74
18 75
18 79
18 81
18 82
18 83
18 84
18 85
18 86
18 87
18 88
18 89
18 90
18 92
18 93
18 94
18 99
19 1
19 2
19 4
19 6
19 7
19 8
19 10
19 12
19 13
19 14
19 15
19 18
19 20
19 21
19 22
19 26
19 27
19 29
19 30
19 31
19 32
19 33
19 36
19 37
19 38
19 40
19 43
19 44
19 47
19 49
19 50
19 51
19 52
19 53
19 54
19 55
19 56
19 57
19 58
19 59
19 62
19 63
19 68
19 69
19 70
19 71
19 72
19 74
19 75
19 76
19 77
19 78
19 79
19 85
19 86
19 87
19 88
19 89
19 90
19 91
19 92
19 93
19 96
19 97
19 98
19 99
20 2
20 3
20 4
20 6
20 8
20 11
20 13
20 16
20 19
20 22
20 23
20 25
20 26
20 27
20 29
20 30
20 33
20 34
20 36
20 37
20 39
20 44
20 45
20 47
20 48
20 50
20 51
20 52
20 53
20 54
20 58
20 59
20 60
20 63
20 64
20 72
20 74
20 77
20 79
20 80
20 82
20 84
20 85
20 91
20 93
20 94
20 99
20 100
21 1
21 2
21 4
21 6
21 7
21 8
21 9
21 10
21 11
21 12
21 13
21 14
21 16
21 19
21 22
21 23
21 27
21 28
21 29
21 30
21 31
21 35
21 37
21 40
21 43
21 44
21 45
21 48
21 49
21 50
21 51
21 52
21 57
21 60
21 61
21 62
21 63
21 64
21 66
21 67
21 68
21 71
21 72
21 74
21 75
21 76
21 77
21 80
21 82
21 83
21 85
21 87
21 89
21 91
21 92
21 94
21 95
21 97
21 100
22 2
22 3
22 4
22 5
22 6
22 7
22 8
22 9
22 10
22 12
22 15
22 17
22 19
22 20
22 21
22 23
22 24
22 25
22 27
22 28
22 30
22 31
22 32
22 33
22 34
22 38
22 39
22 40
22 41
22 42
22 43
22 45
22 46
22 47
22 48
22 50
22 51
22 52
22 53
22 54
22 55
22 59
22 60
22 62
22 63
22 69
22 70
22 71
22 72
22 73
22 74
22 77
22 78
22 79
22 81
22 82
22 83
22 86
22 88
22 89
22 90
22 92
22 93
22 94
22 95
22 97
22 98
22 100
23 2
23 4
23 5
23 6
23 8
23 9
23 11
23 12
23 13
23 16
23 18
23 20
23 21
23 22
23 24
23 25
23 27
23 28
23 29
23 30
23 31
23 32
23 33
23 35
23 36
23 41
23 42
23 43
23 44
23 45
23 46
23 47
23 48
23 49
23 56
23 59
23 62
23 64
23 65
23 66
23 67
23 68
23 69
23 70
23 71
23 74
23 77
23 79
23 82
23 83
23 84
23 86
23 87
23 89
23 90
23 91
23 92
23 94
23 95
24 1
24 2
24 3
24 6
24 8
24 9
24 10
24 11
24 12
24 14
24 15
24 18
24 22
24 23
24 25
24 26
24 31
24 32
24 33
24 34
24 35
24 36
24 37
24 39
24 41
24 43
24 45
24 47
24 49
24 50
24 51
24 52
24 54
24 59
24 61
24 62
24 63
24 64
24 65
24 66
24 67
24 68
24 69
24 70
24 74
24 76
24 77
24 78
24 82
24 85
24 87
24 88
24 89
24 90
24 91
24 92
24 93
24 95
24 96
24 100
25 3
25 5
25 6
25 7
25 9
25 10
25 11
25 13
25 14
25 16
25 17
25 18
25 20
25 22
25 23
25 24
25 26
25 28
25 30
25 32
25 33
25 36
25 37
25 38
25 40
25 41
25 43
25 45
25 47
25 52
25 53
25 59
25 60
25 61
25 66
25 67
25 68
25 70
25 71
25 72
25 73
25 74
25 75
25 77
25 80
25 81
25 82
25 87
25 89
25 91
25 92
26 1
26 2
26 4
26 5
26 9
26 10
26 11
26 12
26 13
26 14
26 15
26 16
26 19
26 20
26 24
26 25
26 28
26 31
26 32
26 33
26 34
26 36
26 37
26 38
26 39
26 40
26 41
26 42
26 44
26 45
26 46
26 48
26 51
26 53
26 54
26 55
26 57
26 58
26 61
26 63
26 68
26 69
26 74
26 75
26 77
26 80
26 83
26 85
26 86
26 87
26 91
26 92
26 93
26 94
26 95
26 96
26 97
26 98
26 100
27 1
27 2
27 5
27 6
27 7
27 9
27 11
27 12
27 13
27 16
27 19
27 20
27 21
27 22
27 23
27 28
27 31
27 32
27 37
27 38
27 39
27 40
27 43
27 44
27 45
27 46
27 47
27 48
27 49
27 50
27 51
27 52
27 53
27 54
27 56
27 57
27 58
27 60
27 61
27 62
27 63
27 64
27 67
27 68
27 70
27 71
27 75
27 76
27 77
27 78
27 79
27 80
27 81
27 82
27 83
27 85
27 88
27 94
27 95
27 97
27 98
27 99
28 1
28 2
28 3
28 7
28 9
28 12
28 13
28 14
28 15
28 18
28 21
28 22
28 23
28 25
28 26
28 27
28 29
28 30
28 32
28 33
28 36
28 38
28 39
28 40
28 42
28 44
28 45
28 46
28 47
28 48
28 49
28 53
28 54
28 55
28 56
28 64
28 65
28 66
28 69
28 70
28 71
28 72
28 76
28 77
28 78
28 79
28 81
28 82
28 83
28 85
28 86
28 88
28 89
28 90
28 91
28 92
28 93
28 94
28 96
28 98
29 2
29 4
29 5
29 6
29 10
29 13
29 14
29 15
29 16
29 18
29 19
29 20
29 21
29 23
29 28
29 31
29 32
29 38
29 39
29 40
29 41
29 42
29 43
29 44
29 45
29 46
29 48
29 50
29 51
29 52
29 53
29 54
29 57
29 63
29 64
29 66
29 67
29 68
29 69
29 71
29 72
29 73
29 75
29 76
29 80
29 82
29 84
29 85
29 86
29 87
29 90
29 92
29 93
29 98
29 100
30 1
30 2
30 3
30 6
30 8
30 10
30 11
30 12
30 14
30 17
30 18
30 19
30 20
30 21
30 22
30 23
30 25
30 28
30 31
30 32
30 34
30 36
30 37
30 38
30 41
30 43
30 44
30 45
30 46
30 47
30 48
30 51
30 54
30 56
30 58
30 59
30 60
30 61
30 63
30 64
30 65
30 66
30 67
30 68
30 70
30 71
30 74
30 76
30 77
30 79
30 80
30 81
30 82
30 84
30 85
30 86
30 88
30 89
30 93
30 94
30 96
30 99
30 100
31 2
31 4
31 6
31 9
31 13
31 16
31 17
31 18
31 19
31 21
31 22
31 23
31 24
31 26
31 27
31 29
31 30
31 32
31 36
31 37
31 39
31 40
31 41
31 44
31 45
31 46
31 48
31 50
31 52
31 53
31 54
31 56
31 58
31 59
31 61
31 63
31 64
31 65
31 69
31 71
31 72
31 75
31 76
31 77
31 78
31 80
31 81
31 83
31 85
31 86
31 87
31 88
31 90
31 91
31 93
31 96
31 97
31 99
32 1
32 2
32 3
32 6
32 7
32 9
32 11
32 13
32 14
32 15
32 16
32 18
32 19
32 22
32 23
32 24
32 25
32 26
32 27
32 28
32 29
32 30
32 31
32 34
32 36
32 37
32 38
32 39
32 40
32 44
32 46
32 48
32 49
32 51
32 54
32 55
32 57
32 62
32 66
32 67
32 68
32 69
32 70
32 71
32 73
32 75
32 76
32 77
32 78
32 79
32 81
32 83
32 84
32 86
32 88
32 89
32 90
32 94
32 95
32 97
32 99
32 100
33 2
33 3
33 4
33 5
33 6
33 7
33 10
33 11
33 12
33 15
33 16
33 17
33 18
33 19
33 20
33 22
33 23
33 24
33 25
33 26
33 28
33 34
33 37
33 38
33 41
33 43
33 44
33 45
33 47
33 50
33 51
33 52
33 53
33 54
33 55
33 56
33 57
33 59
33 60
33 61
33 63
33 64
33 66
33 72
33 78
33 79
33 80
33 84
33 86
33 87
33 88
33 92
33 93
33 95
33 96
33 98
33 100
34 2
34 3
34 7
34 10
34 11
34 14
34 15
34 16
34 20
34 22
34 24
34 26
34 30
34 32
34 33
34 35
34 36
34 37
34 38
34 39
34 40
34 44
34 46
34 48
34 49
34 52
34 54
34 55
34 57
34 58
34 59
34 61
34 63
34 65
34 66
34 67
34 71
34 72
34 73
34 74
34 75
34 76
34 77
34 78
34 79
34 81
34 82
34 84
34 85
34 86
34 87
34 89
34 90
34 92
34 97
34 98
35 1
35 2
35 3
35 4
35 5
35 7
35 8
35 9
35 12
35 15
35 16
35 17
35 21
35 23
35 24
35 34
35 36
35 37
35 41
35 42
35 44
35 46
35 47
35 48
35 51
35 52
35 54
35 55
35 56
35 57
35 58
35 59
35 64
35 65
35 69
35 70
35 71
35 73
35 74
35 76
35 78
35 79
35 80
35 81
35 82
35 84
35 85
35 86
35 87
35 89
35 90
35 91
35 92
35 94
35 96
35 97
35 99
35 100
36 1
36 3
36 4
36 5
36 6
36 7
36 8
36 9
36 12
36 15
36 16
36 17
36 18
36 19
36 20
36 23
36 24
36 25
36 26
36 28
36 30
36 31
36 32
36 34
36 35
36 37
36 38
36 44
36 46
36 48
36 49
36 50
36 51
36 52
36 53
36 56
36 58
36 59
36 60
36 61
36 62
36 63
36 64
36 65
36 67
36 68
36 69
36 71
36 72
36 73
36 75
36 76
36 77
36 80
36 81
36 82
36 85
36 88
36 89
36 90
36 92
36 93
36 95
37 1
37 2
37 4
37 7
37 8
37 10
37 15
37 16
37 17
37 19
37 20
37 21
37 24
37 25
37 26
37 27
37 30
37 31
37 32
37 33
37 34
37 35
37 36
37 44
37 46
37 50
37 53
37 54
37 55
37 56
37 58
37 59
37 60
37 61
37 63
37 64
37 67
37 68
37 69
37 71
37 73
37 77
37 79
37 83
37 85
37 86
37 89
37 93
37 95
37 97
37 98
37 100
38 4
38 5
38 6
38 7
38 9
38 10
38 11
38 12
38 13
38 14
38 15
38 16
38 17
38 19
38 22
38 25
38 26
38 27
38 28
38 29
38 30
38 32
38 33
38 34
38 36
38 39
38 41
38 42
38 44
38 46
38 47
38 48
38 49
38 50
38 51
38 52
38 56
38 57
38 58
38 59
38 62
38 63
38 64
38 66
38 67
38 68
38 69
38 72
38 74
38 75
38 76
38 78
38 80
38 84
38 86
38 88
38 91
38 92
38 93
38 94
38 95
38 96
38 98
38 99
39 3
39 5
39 6
39 7
39 8
39 10
39 11
39 13
39 14
39 15
39 17
39 18
39 20
39 22
39 24
39 26
39 27
39 28
39 29
39 31
39 32
39 34
39 38
39 41
39 42
39 45
39 47
39 48
39 50
39 52
39 54
39 57
39 59
39 61
39 64
39 65
39 67
39 68
39 69
39 70
39 72
39 73
39 74
39 75
39 78
39 79
39 80
39 85
39 86
39 87
39 91
39 92
39 93
39 94
39 95
39 96
39 97
39 100
40 4
40 5
40 6
40 7
40 9
40 10
40 11
40 12
40 13
40 15
40 17
40 19
40 21
40 22
40 25
40 26
40 27
40 28
40 29
40 31
40 32
40 34
40 41
40 42
40 43
40 44
40 45
40 46
40 52
40 53
40 54
40 56
40 57
40 60
40 63
40 68
40 69
40 70
40 72
40 73
40 74
40 76
40 77
40 80
40 81
40 83
40 85
40 86
40 88
40 89
40 90
40 92
40 96
40 98
40 99
41 1
41 2
41 5
41 6
41 10
41 13
41 14
41 15
41 17
41 22
41 23
41 24
41 25
41 26
41 29
41 30
41 31
41 33
41 35
41 38
41 39
41 40
41 42
41 46
41 48
41 49
41 53
41 55
41 56
41 57
41 58
41 59
41 60
41 61
41 62
41 64
41 65
41 67
41 70
41 74
41 75
41 76
41 78
41 82
41 83
41 84
41 85
41 86
41 87
41 89
41 91
41 94
41 96
41 97
42 3
42 4
42 5
42 7
42 10
42 11
42 12
42 16
42 17
42 18
42 22
42 23
42 26
42 28
42 29
42 35
42 38
42 39
42 40
42 41
42 46
42 47
42 54
42 55
42 56
42 57
42 58
42 59
42 60
42 61
42 62
42 64
42 65
42 67
42 69
42 71
42 72
42 73
42 75
42 76
42 81
42 83
42 84
42 85
42 87
42 89
42 91
42 95
42 96
42 97
42 98
42 99
42 100
43 1
43 2
43 3
43 4
43 6
43 7
43 8
43 9
43 11
43 12
43 13
43 14
43 15
43 16
43 19
43 21
43 22
43 23
43 24
43 25
43 27
43 29
43 30
43 33
43 40
43 44
43 45
43 46
43 47
43 49
43 50
43 51
43 52
43 53
43 54
43 55
43 56
43 59
43 60
43 61
43 63
43 65
43 66
43 68
43 69
43 70
43 71
43 74
43 75
43 76
43 79
43 80
43 81
43 82
43 83
43 84
43 87
43 88
43 89
43 90
43 91
43 92
43 94
43 95
43 96
43 97
43 98
43 99
43 100
44 1
44 2
44 3
44 5
44 6
44 7
44 13
44 14
44 16
44 18
44 19
44 20
44 21
44 23
44 26
44 27
44 28
44 29
44 30
44 31
44 32
44 33
44 34
44 35
44 36
44 37
44 38
44 40
44 43
44 45
44 48
44 49
44 52
44 53
44 54
44 55
44 56
44 57
44 60
44 61
44 63
44 64
44 67
44 68
44 71
44 72
44 73
44 75
44 76
44 77
44 78
44 79
44 81
44 83
44 84
44 85
44 86
44 88
44 89
44 91
44 93
44 95
44 97
44 99
44 100
45 1
45 2
45 3
45 7
45 8
45 9
45 10
45 12
45 13
45 16
45 18
45 20
45 21
45 22
45 23
45 24
45 25
45 26
45 27
45 28
45 29
45 30
45 31
45 33
45 39
45 40
45 43
45 44
45 47
45 49
45 50
45 51
45 53
45 54
45 55
45 57
45 62
45 63
45 65
45 66
45 67
45 68
45 69
45 70
45 71
45 75
45 77
45 79
45 80
45 81
45 84
45 87
45 88
45 89
45 90
45 92
45 94
45 97
45 99
46 2
46 5
46 6
46 8
46 11
46 12
46 13
46 14
46 16
46 22
46 23
46 26
46 27
46 28
46 29
46 30
46 31
46 32
46 34
46 35
46 36
46 37
46 38
46 40
46 41
46 42
46 43
46 49
46 50
46 52
46 53
46 54
46 56
46 57
46 58
46 59
46 61
46 62
46 67
46 68
46 69
46 71
46 73
46 76
46 77
46 78
46 79
46 80
46 81
46 84
46 85
46 86
46 87
46 88
46 90
46 91
46 94
46 95
46 97
46 98
46 99
46 100
47 3
47 4
47 5
47 7
47 8
47 12
47 13
47 14
47 15
47 16
47 18
47 19
47 20
47 22
47 23
47 24
47 25
47 27
47 28
47 30
47 33
47 35
47 38
47 39
47 42
47 43
47 45
47 49
47 53
47 55
47 56
47 57
47 58
47 59
47 60
47 61
47 62
47 63
47 64
47 65
47 67
47 68
47 69
47 71
47 73
47 76
47 78
47 80
47 81
47 82
47 83
47 85
47 87
47 88
47 89
47 90
47 92
47 93
47 94
47 95
47 98
47 99
47 100
48 4
48 8
48 9
48 10
48 11
48 12
48 14
48 15
48 16
48 17
48 18
48 20
48 21
48 22
48 23
48 26
48 27
48 28
48 29
48 30
48 31
48 32
48 34
48 35
48 36
48 38
48 39
48 41
48 44
48 49
48 50
48 51
48 52
48 55
48 57
48 58
48 61
48 62
48 63
48 64
48 65
48 67
48 71
48 73
48 74
48 75
48 79
48 80
48 82
48 83
48 84
48 90
48 91
48 93
48 97
48 98
48 99
49 1
49 2
49 3
49 5
49 6
49 7
49 8
49 10
49 11
49 12
49 13
49 17
49 18
49 19
49 21
49 23
49 24
49 27
49 28
49 32
49 34
49 36
49 38
49 41
49 43
49 44
49 45
49 46
49 47
49 48
49 51
49 52
49 54
49 57
49 59
49 62
49 63
49 65
49 66
49 67
49 68
49 69
49 70
49 72
49 74
49 75
49 77
49 78
49 79
49 81
49 82
49 84
49 87
49 88
49 89
49 91
49 93
49 94
49 95
49 96
49 97
49 100
50 1
50 4
50 5
50 6
50 7
50 8
50 9
50 12
50 14
50 15
50 17
50 19
50 20
50 21
50 22
50 24
50 27
50 29
50 31
50 33
50 36
50 37
50 38
50 39
50 43
50 45
50 46
50 48
50 52
50 56
50 59
50 61
50 63
50 65
50 73
50 74
50 75
50 76
50 77
50 78
50 80
50 84
50 87
50 89
50 91
50 92
50 93
50 96
50 97
50 99
51 1
51 2
51 3
51 4
51 5
51 8
51 9
51 10
51 12
51 13
51 15
51 19
51 20
51 21
51 22
51 24
51 26
51 27
51 29
51 30
51 32
51 33
51 35
51 36
51 38
51 43
51 45
51 48
51 49
51 57
51 58
51 63
51 64
51 65
51 66
51 67
51 69
51 70
51 76
51 77
51 78
51 79
51 80
51 82
51 83
51 84
51 85
51 86
51 87
51 90
51 91
51 92
51 94
51 95
51 96
51 98
51 99
51 100
52 1
52 5
52 6
52 8
52 9
52 10
52 12
52 13
52 14
52 15
52 16
52 17
52 19
52 20
52 21
52 22
52 24
52 25
52 27
52 29
52 31
52 33
52 34
52 35
52 36
52 38
52 39
52 40
52 43
52 44
52 46
52 48
52 49
52 50
52 53
52 54
52 56
52 57
52 58
52 59
52 63
52 66
52 68
52 70
52 73
52 74
52 75
52 76
52 77
52 78
52 80
52 81
52 83
52 84
52 85
52 86
52 87
52 88
52 91
52 92
52 93
52 94
52 95
52 96
52 99
52 100
53 1
53 3
53 4
53 6
53 8
53 9
53 11
53 12
53 13
53 15
53 16
53 17
53 18
53 19
53 20
53 22
53 25
53 26
53 27
53 28
53 29
53 31
53 33
53 36
53 37
53 40
53 41
53 43
53 44
53 45
53 46
53 47
53 52
53 55
53 56
53 57
53 58
53 59
53 60
53 63
53 65
53 66
53 68
53 69
53 70
53 71
53 73
53 82
53 83
53 86
53 88
53 89
53 90
53 91
53 92
53 95
53 98
54 1
54 2
54 5
54 6
54 9
54 10
54 11
54 12
54 13
54 16
54 17
54 18
54 19
54 20
54 22
54 24
54 26
54 27
54 28
54 29
54 30
54 31
54 32
54 33
54 34
54 35
54 37
54 39
54 40
54 42
54 43
54 44
54 45
54 46
54 49
54 52
54 55
54 56
54 57
54 58
54 61
54 62
54 63
54 66
54 68
54 69
54 70
54 72
54 75
54 78
54 79
54 80
54 83
54 84
54 85
54 86
54 87
54 88
54 89
54 91
54 92
54 94
54 96
54 97
54 99
54 100
55 1
55 2
55 5
55 7
55 9
55 10
55 11
55 12
55 13
55 15
55 16
55 17
55 18
55 19
55 22
55 26
55 28
55 32
55 33
55 34
55 35
55 37
55 41
55 42
55 43
55 44
55 45
55 47
55 48
55 53
55 54
55 56
55 57
55 59
55 60
55 62
55 63
55 64
55 65
55 66
55 67
55 69
55 71
55 74
55 75
55 76
55 77
55 79
55 80
55 82
55 83
55 84
55 86
55 88
55 89
55 91
55 93
55 96
55 98
56 4
56 5
56 8
56 9
56 11
56 14
56 17
56 19
56 23
56 27
56 28
56 30
56 31
56 33
56 35
56 36
56 37
56 38
56 40
56 41
56 42
56 43
56 44
56 46
56 47
56 50
56 52
56 53
56 54
56 55
56 57
56 59
56 60
56 64
56 65
56 66
56 69
56 70
56 72
56 73
56 74
56 83
56 84
56 87
56 90
56 91
56 92
56 94
56 96
56 97
56 98
56 100
57 1
57 2
57 4
57 5
57 6
57 7
57 9
57 10
57 11
57 13
57 14
57 16
57 17
57 19
57 21
57 26
57 27
57 29
57 32
57 33
57 34
57 35
57 38
57 39
57 40
57 41
57 42
57 44
57 45
57 46
57 47
57 48
57 49
57 51
57 52
57 53
57 54
57 55
57 56
57 59
57 60
57 61
57 65
57 66
57 70
57 71
57 72
57 73
57 74
57 76
57 78
57 84
57 86
57 87
57 89
57 91
57 92
57 93
57 94
57 96
57 97
57 98
57 99
57 100
58 2
58 4
58 5
58 9
58 10
58 11
58 12
58 13
58 15
58 16
58 17
58 18
58 19
58 20
58 26
58 27
58 30
58 31
58 34
58 35
58 36
58 37
58 38
58 41
58 42
58 46
58 47
58 48
58 51
58 52
58 53
58 54
58 62
58 63
58 64
58 65
58 66
58 68
58 70
58 75
58 76
58 77
58 78
58 79
58 80
58 81
58 83
58 87
58 88
58 91
58 92
58 94
58 95
58 97
58 99
58 100
59 1
59 2
59 3
59 5
59 6
59 10
59 14
59 17
59 18
59 19
59 20
59 22
59 23
59 24
59 25
59 30
59 31
59 33
59 34
59 35
59 36
59 37
59 38
59 39
59 41
59 42
59 43
59 46
59 47
59 49
59 50
59 52
59 53
59 55
59 56
59 57
59 61
59 63
59 65
59 66
59 67
59 68
59 69
59 70
59 71
59 73
59 75
59 78
59 79
59 80
59 81
59 82
59 85
59 88
59 90
59 92
59 93
59 94
59 96
59 98
59 100
60 2
60 3
60 4
60 5
60 9
60 11
60 12
60 15
60 16
60 17
60 20
60 21
60 22
60 25
60 27
60 30
60 33
60 36
60 37
60 40
60 41
60 42
60 43
60 44
60 47
60 53
60 55
60 56
60 57
60 61
60 62
60 63
60 64
60 65
60 66
60 67
60 71
60 73
60 75
60 76
60 77
60 81
60 82
60 84
60 85
60 87
60 88
60 89
60 90
60 93
60 94
60 97
60 98
60 99
61 1
61 2
61 3
61 4
61 5
61 7
61 11
61 12
61 13
61 14
61 16
61 17
61 21
61 24
61 25
61 26
61 27
61 30
61 31
61 33
61 34
61 36
61 37
61 39
61 41
61 42
61 43
61 44
61 46
61 47
61 48
61 50
61 54
61 57
61 59
61 60
61 63
61 65
61 66
61 67
61 68
61 70
61 71
61 77
61 80
61 81
61 82
61 83
61 84
61 85
61 86
61 89
61 91
61 93
61 94
61 96
61 97
62 1
62 3
62 5
62 8
62 9
62 10
62 12
62 14
62 15
62 16
62 17
62 19
62 21
62 22
62 23
62 24
62 27
62 32
62 36
62 38
62 41
62 42
62 45
62 46
62 47
62 48
62 49
62 54
62 55
62 58
62 60
62 64
62 65
62 67
62 70
62 72
62 73
62 74
62 75
62 77
62 78
62 80
62 82
62 83
62 85
62 87
62 89
62 90
62 92
62 94
62 96
62 97
62 98
63 1
63 2
63 3
63 4
63 5
63 6
63 9
63 12
63 13
63 15
63 18
63 19
63 20
63 21
63 22
63 24
63 26
63 27
63 29
63 30
63 31
63 33
63 34
63 36
63 37
63 38
63 40
63 43
63 44
63 45
63 47
63 48
63 49
63 50
63 51
63 52
63 53
63 54
63 55
63 58
63 59
63 60
63 61
63 64
63 66
63 67
63 69
63 70
63 71
63 72
63 73
63 76
63 78
63 79
63 80
63 81
63 82
63 86
63 87
63 88
63 89
63 90
63 91
63 92
63 93
63 96
63 97
64 1
64 2
64 3
64 4
64 7
64 9
64 10
64 12
64 13
64 14
64 15
64 16
64 20
64 21
64 23
64 24
64 27
64 28
64 29
64 30
64 31
64 33
64 35
64 36
64 37
64 38
64 39
64 41
64 42
64 44
64 47
64 48
64 51
64 55
64 56
64 58
64 60
64 62
64 63
64 65
64 66
64 67
64 70
64 71
64 75
64 76
64 77
64 78
64 79
64 81
64 83
64 84
64 86
64 87
64 89
64 90
64 91
64 92
64 94
64 95
64 97
64 99
65 1
65 2
65 3
65 7
65 8
65 9
65 11
65 13
65 15
65 18
65 23
65 24
65 28
65 30
65 31
65 34
65 35
65 36
65 39
65 41
65 42
65 43
65 45
65 47
65 48
65 49
65 50
65 51
65 53
65 55
65 56
65 57
65 58
65 59
65 60
65 61
65 62
65 64
65 66
65 69
65 70
65 71
65 77
65 78
65 81
65 82
65 84
65 90
65 92
65 93
65 94
65 95
65 96
65 97
65 99
66 2
66 6
66 7
66 9
66 10
66 11
66 13
66 14
66 17
66 18
66 21
66 23
66 24
66 25
66 28
66 29
66 30
66 32
66 33
66 34
66 38
66 43
66 45
66 49
66 51
66 52
66 53
66 54
66 55
66 56
66 57
66 58
66 59
66 60
66 61
66 63
66 64
66 65
66 69
66 70
66 74
66 75
66 76
66 79
66 80
66 81
66 84
66 85
66 87
66 90
66 91
66 92
66 94
66 96
66 97
66 99
66 100
67 2
67 5
67 6
67 7
67 8
67 10
67 13
67 14
67 15
67 16
67 21
67 23
67 24
67 25
67 27
67 29
67 30
67 32
67 34
67 36
67 37
67 38
67 39
67 41
67 42
67 44
67 45
67 46
67 47
67 48
67 49
67 51
67 55
67 59
67 60
67 61
67 62
67 63
67 64
67 68
67 69
67 70
67 72
67 73
67 74
67 78
67 79
67 81
67 82
67 83
67 84
67 86
67 89
67 90
67 91
67 92
67 93
67 94
67 95
67 96
67 97
67 99
67 100
68 2
68 4
68 5
68 6
68 7
68 8
68 9
68 11
68 12
68 13
68 15
68 16
68 17
68 18
68 19
68 21
68 23
68 24
68 25
68 26
68 27
68 29
68 30
68 32
68 36
68 37
68 38
68 39
68 40
68 43
68 44
68 45
68 46
68 47
68 49
68 52
68 53
68 54
68 58
68 59
68 61
68 67
68 70
68 71
68 72
68 73
68 77
68 78
68 81
68 86
68 87
68 88
68 89
68 90
68 92
68 94
68 95
68 98
68 99
69 1
69 2
69 3
69 4
69 6
69 9
69 10
69 11
69 13
69 14
69 15
69 16
69 17
69 18
69 19
69 22
69 23
69 24
69 26
69 28
69 29
69 31
69 32
69 35
69 36
69 37
69 38
69 39
69 40
69 42
69 43
69 45
69 46
69 47
69 49
69 51
69 53
69 54
69 55
69 56
69 59
69 63
69 65
69 66
69 67
69 71
69 72
69 73
69 74
69 78
69 79
69 80
69 82
69 83
69 84
69 85
69 86
69 88
69 90
69 91
69 95
69 98
69 99
70 1
70 2
70 4
70 5
70 6
70 7
70 8
70 11
70 12
70 13
70 14
70 17
70 18
70 19
70 22
70 23
70 24
70 25
70 27
70 28
70 30
70 32
70 35
70 39
70 40
70 41
70 43
70 45
70 49
70 51
70 52
70 53
70 54
70 56
70 57
70 58
70 59
70 61
70 62
70 63
70 64
70 65
70 66
70 67
70 68
70 72
70 73
70 76
70 77
70 78
70 80
70 82
70 83
70 85
70 86
70 87
70 88
70 89
70 93
70 96
70 100
71 1
71 3
71 4
71 5
71 6
71 8
71 11
71 12
71 13
71 16
71 18
71 19
71 21
71 22
71 23
71 25
71 27
71 28
71 29
71 30
71 31
71 32
71 34
71 35
71 36
71 37
71 42
71 43
71 44
71 45
71 46
71 47
71 48
71 53
71 55
71 57
71 59
71 60
71 61
71 63
71 64
71 65
71 68
71 69
71 75
71 83
71 84
71 87
71 88
71 90
71 91
71 93
71 94
71 95
71 96
71 97
71 99
71 100
72 1
72 3
72 4
72 5
72 6
72 8
72 9
72 10
72 12
72 13
72 14
72 15
72 16
72 18
72 19
72 20
72 21
72 22
72 25
72 28
72 29
72 31
72 33
72 34
72 36
72 38
72 39
72 40
72 42
72 44
72 49
72 54
72 56
72 57
72 62
72 63
72 67
72 68
72 69
72 70
72 73
72 75
72 76
72 79
72 83
72 84
72 86
72 87
72 88
72 90
72 91
72 92
72 98
72 100
73 1
73 2
73 5
73 6
73 7
73 8
73 9
73 11
73 12
73 13
73 17
73 22
73 25
73 29
73 32
73 34
73 35
73 36
73 37
73 39
73 40
73 42
73 44
73 46
73 47
73 48
73 50
73 52
73 53
73 56
73 57
73 59
73 60
73 62
73 63
73 67
73 68
73 69
73 70
73 72
73 74
73 75
73 77
73 78
73 83
73 84
73 85
73 86
73 88
73 89
73 90
73 92
73 94
73 95
73 98
73 99
74 1
74 2
74 3
74 4
74 5
74 9
74 11
74 12
74 13
74 14
74 15
74 17
74 18
74 19
74 20
74 21
74 22
74 23
74 24
74 25
74 26
74 30
74 34
74 35
74 38
74 39
74 40
74 41
74 43
74 48
74 49
74 50
74 52
74 55
74 56
74 57
74 62
74 66
74 67
74 69
74 73
74 77
74 78
74 80
74 83
74 86
74 87
74 88
74 89
74 90
74 91
74 92
74 93
74 94
74 95
74 98
75 1
75 3
75 5
75 8
75 10
75 11
75 12
75 14
75 15
75 18
75 19
75 21
75 25
75 26
75 27
75 29
75 31
75 32
75 34
75 36
75 38
75 39
75 41
75 42
75 43
75 44
75 45
75 48
75 49
75 50
75 52
75 54
75 55
75 58
75 59
75 60
75 62
75 64
75 66
75 71
75 72
75 73
75 76
75 78
75 79
75 80
75 86
75 87
75 88
75 91
75 92
75 93
75 94
75 95
75 96
75 98
75 99
75 100
76 6
76 7
76 10
76 11
76 12
76 16
76 19
76 21
76 24
76 27
76 28
76 29
76 30
76 31
76 32
76 34
76 35
76 36
76 38
76 40
76 41
76 42
76 43
76 44
76 46
76 47
76 50
76 51
76 52
76 55
76 57
76 58
76 60
76 63
76 64
76 66
76 70
76 72
76 75
76 78
76 79
76 82
76 83
76 85
76 87
76 88
76 89
76 92
76 93
76 95
76 96
76 97
76 98
76 99
77 1
77 2
77 4
77 6
77 7
77 8
77 9
77 10
77 12
77 13
77 14
77 19
77 20
77 21
77 22
77 23
77 24
77 25
77 26
77 27
77 28
77 30
77 31
77 32
77 34
77 36
77 37
77 40
77 44
77 45
77 46
77 49
77 50
77 51
77 52
77 55
77 58
77 60
77 61
77 62
77 64
77 65
77 68
77 70
77 73
77 74
77 79
77 81
77 82
77 84
77 85
77 89
77 92
77 95
77 96
77 97
77 98
77 99
77 100
78 3
78 6
78 7
78 9
78 11
78 12
78 13
78 16
78 17
78 19
78 22
78 24
78 27
78 28
78 31
78 32
78 33
78 34
78 35
78 38
78 39
78 41
78 44
78 46
78 47
78 49
78 50
78 51
78 52
78 54
78 57
78 58
78 59
78 62
78 63
78 64
78 65
78 67
78 68
78 69
78 70
78 73
78 74
78 75
78 76
78 79
78 80
78 81
78 84
78 88
78 89
78 90
78 91
78 92
78 93
78 94
78 95
78 96
78 97
78 98
78 99
78 100
79 1
79 2
79 4
79 5
79 6
79 8
79 12
79 18
79 19
79 20
79 22
79 23
79 27
79 28
79 30
79 32
79 33
79 34
79 35
79 37
79 39
79 43
79 44
79 45
79 46
79 48
79 49
79 51
79 54
79 55
79 58
79 59
79 63
79 64
79 66
79 67
79 69
79 72
79 75
79 76
79 77
79 78
79 81
79 83
79 84
79 85
79 86
79 89
79 90
79 91
79 93
79 94
79 97
79 99
80 1
80 2
80 3
80 4
80 7
80 8
80 9
80 10
80 12
80 13
80 15
80 20
80 21
80 25
80 26
80 27
80 29
80 30
80 31
80 33
80 35
80 36
80 38
80 39
80 40
80 43
80 45
80 46
80 47
80 48
80 50
80 51
80 52
80 54
80 55
80 58
80 59
80 61
80 62
80 63
80 66
80 69
80 70
80 74
80 75
80 78
80 81
80 84
80 85
80 87
80 88
80 90
80 93
80 95
80 97
81 2
81 3
81 4
81 5
81 6
81 7
81 10
81 16
81 18
81 22
81 25
81 27
81 28
81 30
81 31
81 32
81 34
81 35
81 36
81 40
81 42
81 43
81 44
81 45
81 46
81 47
81 49
81 52
81 58
81 59
81 60
81 61
81 63
81 64
81 65
81 66
81 67
81 68
81 77
81 78
81 79
81 80
81 83
81 84
81 86
81 89
81 90
81 91
81 92
81 93
81 94
81 95
81 97
81 99
81 100
82 2
82 3
82 4
82 7
82 9
82 10
82 11
82 12
82 13
82 14
82 15
82 17
82 18
82 20
82 21
82 22
82 23
82 24
82 25
82 27
82 28
82 29
82 30
82 34
82 35
82 36
82 41
82 43
82 47
82 48
82 49
82 51
82 53
82 55
82 59
82 60
82 61
82 62
82 63
82 65
82 67
82 69
82 70
82 76
82 77
82 83
82 84
82 85
82 86
82 87
82 88
82 89
82 91
82 92
82 94
82 95
82 96
82 97
82 98
83 1
83 2
83 3
83 4
83 6
83 7
83 10
83 11
83 12
83 13
83 16
83 17
83 18
83 21
83 22
83 23
83 26
83 27
83 28
83 31
83 32
83 37
83 40
83 41
83 42
83 43
83 44
83 47
83 48
83 51
83 52
83 53
83 54
83 55
83 56
83 58
83 61
83 62
83 64
83 67
83 69
83 70
83 71
83 72
83 73
83 74
83 76
83 79
83 81
83 82
83 84
83 86
83 88
83 89
83 90
83 91
83 92
83 95
83 97
83 100
84 1
84 4
84 5
84 7
84 9
84 12
84 13
84 14
84 15
84 17
84 18
84 20
84 23
84 29
84 30
84 32
84 33
84 34
84 35
84 38
84 41
84 42
84 43
84 44
84 45
84 46
84 48
84 49
84 50
84 51
84 52
84 54
84 55
84 56
84 57
84 60
84 61
84 64
84 65
84 66
84 67
84 69
84 71
84 72
84 73
84 77
84 78
84 79
84 80
84 81
84 82
84 83
84 85
84 86
84 87
84 88
84 89
84 90
84 91
84 92
84 94
84 98
84 99
84 100
85 3
85 4
85 5
85 6
85 8
85 13
85 14
85 15
85 18
85 19
85 20
85 21
85 24
85 26
85 27
85 28
85 29
85 30
85 31
85 34
85 35
85 36
85 37
85 39
85 40
85 41
85 42
85 44
85 46
85 47
85 51
85 52
85 54
85 59
85 60
85 61
85 62
85 66
85 69
85 70
85 73
85 76
85 77
85 79
85 80
85 82
85 84
85 87
85 89
85 90
85 91
85 92
85 93
85 95
85 96
85 97
85 98
85 99
85 100
86 1
86 5
86 6
86 9
86 10
86 11
86 18
86 19
86 22
86 23
86 26
86 28
86 29
86 30
86 31
86 32
86 33
86 34
86 35
86 37
86 38
86 39
86 40
86 41
86 44
86 46
86 51
86 52
86 53
86 54
86 55
86 57
86 61
86 63
86 64
86 67
86 68
86 69
86 70
86 72
86 73
86 74
86 75
86 79
86 81
86 82
86 83
86 84
86 87
86 88
86 89
86 92
86 93
86 94
86 96
86 97
86 98
86 100
87 3
87 4
87 6
87 10
87 11
87 12
87 13
87 16
87 17
87 18
87 19
87 21
87 23
87 24
87 25
87 26
87 29
87 31
87 33
87 34
87 35
87 39
87 41
87 42
87 43
87 45
87 46
87 47
87 49
87 50
87 51
87 52
87 54
87 56
87 57
87 58
87 60
87 62
87 63
87 64
87 66
87 68
87 70
87 71
87 72
87 74
87 75
87 76
87 80
87 82
87 84
87 85
87 86
87 88
87 89
87 90
87 91
87 93
87 97
87 99
88 1
88 3
88 6
88 7
88 8
88 10
88 11
88 12
88 13
88 14
88 15
88 18
88 19
88 22
88 24
88 27
88 28
88 30
88 31
88 32
88 33
88 36
88 38
88 40
88 43
88 44
88 45
88 46
88 47
88 49
88 52
88 53
88 54
88 55
88 58
88 59
88 60
88 63
88 68
88 69
88 70
88 71
88 72
88 73
88 74
88 75
88 76
88 78
88 80
88 82
88 83
88 84
88 86
88 87
88 89
88 93
88 94
88 96
88 98
88 100
89 1
89 2
89 3
89 4
89 8
89 9
89 10
89 12
89 15
89 17
89 18
89 19
89 21
89 22
89 23
89 24
89 25
89 28
89 30
89 32
89 34
89 35
89 36
89 37
89 40
89 41
89 42
89 43
89 44
89 45
89 47
89 49
89 50
89 53
89 54
89 55
89 57
89 60
89 61
89 62
89 63
89 64
89 67
89 68
89 70
89 73
89 74
89 76
89 77
89 78
89 79
89 81
89 82
89 83
89 84
89 85
89 86
89 87
89 88
89 90
89 91
89 94
89 95
89 98
89 99
89 100
90 1
90 2
90 5
90 6
90 7
90 8
90 11
90 12
90 14
90 15
90 16
90 17
90 18
90 19
90 22
90 23
90 24
90 28
90 29
90 31
90 32
90 34
90 35
90 36
90 40
90 43
90 45
90 46
90 47
90 48
90 51
90 53
90 56
90 59
90 60
90 62
90 63
90 64
90 65
90 66
90 67
90 68
90 69
90 71
90 72
90 73
90 74
90 78
90 79
90 80
90 81
90 83
90 84
90 85
90 87
90 89
90 91
90 92
90 94
90 95
90 97
90 98
90 99
90 100
91 6
91 7
91 8
91 9
91 11
91 12
91 13
91 14
91 15
91 17
91 19
91 20
91 21
91 23
91 24
91 25
91 26
91 28
91 31
91 35
91 38
91 39
91 41
91 42
91 43
91 44
91 46
91 48
91 49
91 50
91 51
91 52
91 53
91 54
91 55
91 56
91 57
91 58
91 61
91 63
91 64
91 66
91 67
91 69
91 71
91 72
91 74
91 75
91 78
91 79
91 81
91 82
91 83
91 84
91 85
91 87
91 89
91 90
91 92
91 93
91 94
91 95
91 98
92 1
92 3
92 4
92 5
92 8
92 9
92 10
92 11
92 12
92 13
92 14
92 16
92 17
92 18
92 19
92 21
92 22
92 23
92 24
92 25
92 26
92 28
92 29
92 33
92 34
92 35
92 36
92 38
92 39
92 40
92 43
92 45
92 47
92 50
92 51
92 52
92 53
92 54
92 56
92 57
92 58
92 59
92 62
92 63
92 64
92 65
92 66
92 67
92 68
92 72
92 73
92 74
92 75
92 76
92 77
92 78
92 81
92 82
92 83
92 84
92 85
92 86
92 90
92 91
92 93
92 94
92 95
92 96
92 98
92 99
93 1
93 2
93 3
93 4
93 5
93 6
93 7
93 10
93 11
93 12
93 14
93 15
93 16
93 18
93 19
93 20
93 22
93 24
93 26
93 28
93 29
93 30
93 31
93 33
93 36
93 37
93 38
93 39
93 44
93 47
93 48
93 49
93 50
93 52
93 55
93 57
93 59
93 60
93 61
93 63
93 65
93 67
93 70
93 71
93 74
93 75
93 76
93 78
93 79
93 80
93 81
93 85
93 86
93 87
93 88
93 91
93 92
93 95
93 97
93 99
94 1
94 4
94 6
94 7
94 9
94 12
94 13
94 14
94 16
94 17
94 18
94 20
94 21
94 22
94 23
94 26
94 27
94 28
94 30
94 32
94 35
94 38
94 39
94 41
94 43
94 45
94 46
94 47
94 49
94 51
94 52
94 54
94 56
94 57
94 58
94 59
94 60
94 61
94 62
94 64
94 65
94 66
94 67
94 68
94 71
94 73
94 74
94 75
94 78
94 79
94 81
94 82
94 84
94 86
94 88
94 89
94 90
94 91
94 92
94 95
95 1
95 3
95 5
95 6
95 8
95 9
95 10
95 11
95 13
95 17
95 21
95 22
95 23
95 24
95 26
95 27
95 32
95 33
95 36
95 37
95 38
95 39
95 42
95 43
95 44
95 46
95 47
95 49
95 51
95 52
95 53
95 58
95 64
95 65
95 67
95 68
95 69
95 71
95 73
95 74
95 75
95 76
95 77
95 78
95 80
95 81
95 82
95 83
95 85
95 89
95 90
95 91
95 92
95 93
95 94
95 96
95 98
96 2
96 3
96 4
96 6
96 8
96 11
96 13
96 14
96 15
96 16
96 17
96 19
96 24
96 26
96 28
96 30
96 31
96 33
96 35
96 38
96 39
96 40
96 41
96 42
96 43
96 49
96 50
96 51
96 52
96 54
96 55
96 56
96 57
96 59
96 61
96 62
96 63
96 65
96 66
96 67
96 70
96 71
96 75
96 76
96 77
96 78
96 82
96 85
96 86
96 88
96 92
96 95
96 97
96 98
96 99
96 100
97 1
97 3
97 4
97 5
97 7
97 8
97 9
97 11
97 12
97 17
97 19
97 21
97 22
97 26
97 27
97 31
97 32
97 34
97 35
97 37
97 39
97 41
97 42
97 43
97 44
97 45
97 46
97 48
97 49
97 50
97 54
97 56
97 57
97 58
97 60
97 61
97 62
97 63
97 64
97 65
97 66
97 67
97 71
97 76
97 77
97 78
97 79
97 80
97 81
97 82
97 83
97 85
97 86
97 87
97 90
97 93
97 96
97 98
97 100
98 1
98 3
98 4
98 7
98 8
98 9
98 10
98 13
98 14
98 15
98 16
98 17
98 19
98 22
98 26
98 27
98 28
98 29
98 33
98 34
98 37
98 38
98 40
98 42
98 43
98 46
98 47
98 48
98 51
98 53
98 55
98 56
98 57
98 59
98 60
98 62
98 68
98 69
98 72
98 73
98 74
98 75
98 76
98 77
98 78
98 82
98 84
98 85
98 86
98 88
98 89
98 90
98 91
98 92
98 95
98 96
98 97
98 99
99 1
99 4
99 6
99 8
99 9
99 10
99 14
99 16
99 18
99 19
99 20
99 27
99 30
99 31
99 32
99 35
99 38
99 40
99 42
99 43
99 44
99 45
99 46
99 47
99 48
99 50
99 51
99 52
99 54
99 57
99 58
99 60
99 64
99 65
99 66
99 67
99 68
99 69
99 71
99 73
99 75
99 76
99 77
99 78
99 79
99 81
99 84
99 85
99 87
99 89
99 90
99 92
99 93
99 96
99 98
99 100
100 1
100 2
100 3
100 4
100 5
100 7
100 11
100 12
100 14
100 15
100 20
100 21
100 22
100 24
100 26
100 29
100 30
100 32
100 33
100 35
100 37
100 39
100 42
100 43
100 44
100 46
100 47
100 49
100 51
100 52
100 54
100 56
100 57
100 58
100 59
100 66
100 67
100 70
100 71
100 72
100 75
100 77
100 78
100 81
100 83
100 84
100 85
100 86
100 88
100 89
100 90
100 96
100 97
100 99
