100
1 2
1 4
1 7
1 8
1 9
1 10
1 12
1 14
1 16
1 18
1 19
1 21
1 24
1 28
1 30
1 31
1 32
1 33
1 34
1 36
1 38
1 41
1 42
1 44
1 45
1 46
1 47
1 49
1 50
1 51
1 53
1 54
1 55
1 57
1 58
1 59
1 60
1 62
1 63
1 64
1 65
1 67
1 68
1 71
1 72
1 74
1 75
1 78
1 79
1 80
1 81
1 82
1 83
1 84
1 87
1 88
1 89
1 90
1 91
1 92
1 93
1 94
1 95
1 97
1 98
1 100
2 1
2 3
2 4
2 6
2 8
2 9
2 15
2 16
2 18
2 19
2 24
2 25
2 26
2 27
2 32
2 33
2 35
2 36
2 37
2 38
2 39
2 41
2 43
2 45
2 46
2 48
2 49
2 50
2 53
2 56
2 57
2 61
2 65
2 67
2 68
2 70
2 73
2 74
2 75
2 76
2 77
2 78
2 81
2 83
2 85
2 86
2 87
2 93
2 95
2 96
2 97
2 98
2 99
2 100
3 2
3 4
3 5
3 6
3 7
3 10
3 14
3 15
3 17
3 20
3 21
3 22
3 24
3 25
3 29
3 30
3 31
3 33
3 35
3 36
3 37
3 39
3 40
3 41
3 44
3 46
3 47
3 48
3 49
3 50
3 55
3 56
3 57
3 58
3 59
3 60
3 61
3 62
3 63
3 66
3 67
3 70
3 74
3 75
3 76
3 83
3 85
3 86
3 87
3 88
3 89
3 91
3 94
3 96
3 97
3 99
3 100
4 1
4 2
4 3
4 5
4 8
4 10
4 11
4 14
4 15
4 16
4 18
4 19
4 21
4 23
4 24
4 25
4 29
4 30
4 31
4 32
4 33
4 36
4 38
4 39
4 40
4 42
4 44
4 45
4 48
4 51
4 52
4 53
4 55
4 57
4 60
4 62
4 65
4 71
4 72
4 77
4 78
4 79
4 80
4 81
4 83
4 85
4 88
4 91
4 94
4 95
4 97
4 98
4 100
5 3
5 4
5 6
5 7
5 8
5 10
5 11
5 15
5 16
5 17
5 18
5 20
5 25
5 26
5 29
5 32
5 33
5 34
5 37
5 39
5 40
5 41
5 42
5 45
5 46
5 48
5 49
5 52
5 53
5 54
5 57
5 58
5 59
5 60
5 61
5 62
5 63
5 64
5 65
5 66
5 69
5 70
5 71
5 75
5 76
5 77
5 78
5 79
5 81
5 82
5 83
5 87
5 88
5 90
5 91
5 92
5 94
5 96
5 97
5 98
5 100
6 2
6 3
6 5
6 7
6 8
6 9
6 10
6 12
6 13
6 14
6 15
6 16
6 18
6 20
6 21
6 22
6 23
6 24
6 25
6 27
6 28
6 29
6 30
6 32
6 34
6 35
6 36
6 37
6 38
6 39
6 40
6 43
6 44
6 45
6 46
6 47
6 48
6 51
6 59
6 60
6 61
6 62
6 63
6 67
6 68
6 70
6 72
6 74
6 75
6 76
6 79
6 80
6 81
6 87
6 88
6 89
6 90
6 93
6 95
6 98
6 99
6 100
7 1
7 3
7 5
7 6
7 8
7 9
7 10
7 14
7 15
7 17
7 18
7 19
7 20
7 23
7 27
7 28
7 29
7 30
7 31
7 32
7 35
7 36
7 38
7 39
7 40
7 41
7 42
7 44
7 45
7 46
7 49
7 50
7 51
7 52
7 53
7 54
7 55
7 56
7 57
7 60
7 63
7 64
7 66
7 67
7 70
7 73
7 74
7 75
7 76
7 77
7 78
7 79
7 80
7 81
7 82
7 83
7 84
7 86
7 89
7 90
7 93
7 94
7 96
7 97
7 100
8 1
8 2
8 4
8 5
8 6
8 7
8 11
8 13
8 15
8 16
8 20
8 21
8 22
8 25
8 28
8 29
8 30
8 31
8 32
8 33
8 37
8 39
8 40
8 41
8 42
8 44
8 46
8 47
8 50
8 51
8 55
8 56
8 57
8 58
8 59
8 60
8 61
8 62
8 63
8 65
8 68
8 69
8 71
8 72
8 75
8 77
8 80
8 81
8 82
8 84
8 87
8 90
8 91
8 94
8 95
8 96
8 97
8 99
9 1
9 2
9 6
9 7
9 11
9 12
9 13
9 14
9 17
9 19
9 20
9 21
9 25
9 26
9 27
9 28
9 30
9 31
9 32
9 33
9 34
9 36
9 38
9 39
9 40
9 41
9 43
9 44
9 45
9 47
9 48
9 49
9 50
9 54
9 55
9 59
9 62
9 63
9 64
9 66
9 67
9 68
9 72
9 74
9 75
9 77
9 79
9 80
9 81
9 84
9 85
9 87
9 88
9 93
9 94
9 96
9 97
9 98
10 1
10 3
10 4
10 5
10 6
10 7
10 12
10 13
10 14
10 15
10 16
10 17
10 22
10 23
10 24
10 25
10 26
10 27
10 28
10 31
10 32
10 33
10 34
10 35
10 40
10 41
10 42
10 43
10 44
10 45
10 47
10 48
10 49
10 52
10 54
10 55
10 56
10 58
10 59
10 63
10 64
10 65
10 66
10 69
10 70
10 71
10 73
10 74
10 78
10 80
10 82
10 84
10 86
10 89
10 92
10 94
10 98
10 99
10 100
11 4
11 5
11 8
11 9
11 12
11 13
11 15
11 16
11 19
11 20
11 21
11 22
11 25
11 28
11 33
11 34
11 35
11 36
11 37
11 39
11 40
11 41
11 42
11 50
11 51
11 52
11 53
11 55
11 56
11 57
11 61
11 62
11 63
11 66
11 68
11 71
11 74
11 75
11 76
11 80
11 81
11 83
11 84
11 87
11 88
11 90
11 91
11 92
11 94
11 95
11 97
11 98
11 100
12 1
12 6
12 9
12 10
12 11
12 13
12 14
12 15
12 17
12 18
12 19
12 22
12 25
12 26
12 27
12 28
12 32
12 33
12 34
12 35
12 40
12 44
12 45
12 49
12 50
12 51
12 53
12 58
12 59
12 60
12 62
12 64
12 66
12 68
12 70
12 71
12 72
12 73
12 75
12 76
12 81
12 82
12 83
12 87
12 88
12 89
12 90
12 91
12 92
12 94
12 95
12 96
12 97
13 6
13 8
13 9
13 10
13 11
13 12
13 15
13 19
13 21
13 22
13 23
13 25
13 26
13 27
13 28
13 29
13 30
13 32
13 37
13 39
13 41
13 42
13 44
13 45
13 46
13 49
13 51
13 56
13 58
13 62
13 65
13 69
13 71
13 73
13 78
13 83
13 85
13 88
13 89
13 93
13 95
13 97
13 98
13 99
13 100
14 1
14 3
14 4
14 6
14 7
14 9
14 10
14 12
14 16
14 18
14 19
14 20
14 21
14 23
14 25
14 26
14 28
14 29
14 30
14 34
14 39
14 41
14 42
14 44
14 46
14 47
14 48
14 49
14 50
14 53
14 54
14 55
14 56
14 57
14 58
14 59
14 62
14 63
14 64
14 67
14 68
14 71
14 72
14 73
14 74
14 75
14 76
14 77
14 78
14 83
14 85
14 86
14 87
14 88
14 89
14 90
14 91
14 92
14 95
14 96
14 97
14 99
14 100
15 2
15 3
15 4
15 5
15 6
15 7
15 8
15 10
15 11
15 12
15 13
15 16
15 19
15 20
15 21
15 22
15 23
15 24
15 25
15 26
15 27
15 29
15 31
15 33
15 35
15 36
15 37
15 38
15 39
15 40
15 42
15 43
15 44
15 45
15 47
15 48
15 50
15 51
15 52
15 57
15 58
15 59
15 61
15 63
15 64
15 66
15 68
15 69
15 72
15 73
15 75
15 77
15 78
15 79
15 81
15 83
15 84
15 85
15 86
15 87
15 89
15 90
15 94
15 95
15 97
15 99
15 100
16 1
16 2
16 4
16 5
16 6
16 8
16 10
16 11
16 14
16 15
16 18
16 19
16 20
16 22
16 24
16 25
16 27
16 29
16 30
16 31
16 32
16 33
16 36
16 38
16 43
16 44
16 45
16 46
16 47
16 48
16 49
16 53
16 56
16 57
16 58
16 61
16 62
16 63
16 65
16 66
16 68
16 70
16 71
16 72
16 73
16 74
16 75
16 76
16 77
16 78
16 79
16 83
16 84
16 85
16 90
16 91
16 92
16 94
16 95
16 97
16 98
17 3
17 5
17 7
17 9
17 10
17 12
17 18
17 20
17 24
17 26
17 28
17 30
17 31
17 32
17 33
17 34
17 35
17 36
17 37
17 38
17 41
17 42
17 43
17 44
17 45
17 46
17 47
17 48
17 50
17 51
17 53
17 55
17 56
17 57
17 58
17 60
17 61
17 63
17 64
17 65
17 66
17 69
17 70
17 73
17 74
17 75
17 76
17 77
17 79
17 80
17 81
17 82
17 83
17 86
17 87
17 88
17 89
17 92
17 93
17 95
17 98
17 99
18 1
18 2
18 4
18 5
18 6
18 7
18 12
18 14
18 16
18 17
18 19
18 20
18 21
18 22
18 25
18 26
18 28
18 29
18 30
18 32
18 34
18 35
18 36
18 38
18 40
18 42
18 47
18 48
18 49
18 52
18 55
18 56
18 58
18 60
18 62
18 64
18 65
18 69
18 72
18 75
18 80
18 82
18 83
18 84
18 85
18 90
18 91
18 94
18 95
18 99
19 1
19 2
19 4
19 7
19 9
19 11
19 12
19 13
19 14
19 15
19 16
19 18
19 20
19 21
19 22
19 23
19 24
19 27
19 28
19 29
19 30
19 31
19 34
19 36
19 37
19 41
19 43
19 44
19 45
19 46
19 47
19 48
19 53
19 54
19 55
19 57
19 59
19 60
19 63
19 64
19 65
19 66
19 71
19 72
19 73
19 74
19 75
19 77
19 80
19 81
19 82
19 83
19 86
19 87
19 89
19 92
19 93
19 96
19 97
19 98
19 99
19 100
20 3
20 5
20 6
20 7
20 8
20 9
20 11
20 14
20 15
20 16
20 17
20 18
20 19
20 24
20 25
20 27
20 29
20 30
20 32
20 33
20 34
20 35
20 36
20 37
20 41
20 43
20 46
20 48
20 50
20 51
20 55
20 58
20 59
20 62
20 64
20 65
20 67
20 70
20 71
20 72
20 74
20 76
20 77
20 79
20 81
20 83
20 84
20 86
20 88
20 89
20 90
20 92
20 94
20 95
20 97
20 98
21 1
21 3
21 4
21 6
21 8
21 9
21 11
21 13
21 14
21 15
21 18
21 19
21 22
21 24
21 25
21 27
21 28
21 30
21 31
21 32
21 34
21 36
21 37
21 38
21 40
21 42
21 43
21 45
21 47
21 50
21 52
21 54
21 55
21 60
21 61
21 62
21 63
21 64
21 67
21 69
21 70
21 72
21 73
21 75
21 76
21 77
21 78
21 80
21 81
21 82
21 83
21 84
21 85
21 87
21 94
21 96
21 97
21 98
21 99
21 100
22 3
22 6
22 8
22 10
22 11
22 12
22 13
22 15
22 16
22 18
22 19
22 21
22 23
22 24
22 27
22 28
22 29
22 30
22 33
22 34
22 36
22 38
22 40
22 41
22 42
22 45
22 47
22 48
22 49
22 54
22 55
22 58
22 60
22 61
22 62
22 63
22 64
22 66
22 69
22 70
22 71
22 72
22 76
22 77
22 78
22 80
22 81
22 82
22 86
22 88
22 90
22 92
22 93
22 95
22 96
22 98
23 4
23 6
23 7
23 10
23 13
23 14
23 15
23 19
23 22
23 26
23 28
23 29
23 32
23 34
23 35
23 37
23 38
23 42
23 43
23 44
23 45
23 46
23 48
23 51
23 52
23 54
23 55
23 56
23 57
23 58
23 59
23 61
23 63
23 64
23 65
23 66
23 68
23 69
23 70
23 72
23 76
23 77
23 79
23 82
23 84
23 85
23 86
23 87
23 88
23 89
23 90
23 92
23 94
23 95
23 96
23 97
23 99
23 100
24 1
24 2
24 3
24 4
24 6
24 10
24 15
24 16
24 17
24 19
24 20
24 21
24 22
24 29
24 30
24 31
24 36
24 38
24 39
24 41
24 42
24 44
24 45
24 46
24 47
24 48
24 51
24 52
24 53
24 55
24 59
24 60
24 61
24 62
24 63
24 65
24 67
24 68
24 69
24 71
24 73
24 74
24 76
24 78
24 79
24 82
24 86
24 87
24 89
24 90
24 91
24 92
24 94
24 96
24 97
24 98
24 99
24 100
25 2
25 3
25 4
25 5
25 6
25 8
25 9
25 10
25 11
25 12
25 13
25 14
25 15
25 16
25 18
25 20
25 21
25 26
25 27
25 28
25 29
25 30
25 32
25 33
25 36
25 37
25 39
25 40
25 41
25 43
25 45
25 46
25 48
25 50
25 51
25 55
25 56
25 57
25 58
25 59
25 60
25 63
25 64
25 65
25 66
25 67
25 68
25 69
25 71
25 72
25 76
25 79
25 81
25 82
25 84
25 85
25 88
25 89
25 90
25 91
25 94
25 98
25 99
25 100
26 2
26 5
26 9
26 10
26 12
26 13
26 14
26 15
26 17
26 18
26 23
26 25
26 27
26 30
26 31
26 33
26 34
26 37
26 38
26 40
26 42
26 43
26 44
26 45
26 49
26 50
26 51
26 52
26 54
26 57
26 59
26 61
26 62
26 63
26 66
26 67
26 68
26 70
26 71
26 72
26 77
26 78
26 81
26 82
26 83
26 86
26 89
26 91
26 93
26 95
26 97
26 98
26 99
27 2
27 6
27 7
27 9
27 10
27 12
27 13
27 15
27 16
27 19
27 20
27 21
27 22
27 25
27 26
27 29
27 31
27 32
27 33
27 34
27 35
27 36
27 38
27 40
27 41
27 43
27 47
27 50
27 52
27 53
27 58
27 60
27 62
27 64
27 65
27 66
27 68
27 70
27 71
27 74
27 75
27 77
27 78
27 79
27 80
27 81
27 85
27 86
27 87
27 90
27 92
27 93
27 94
27 95
27 96
27 98
27 99
27 100
28 1
28 6
28 7
28 8
28 9
28 10
28 11
28 12
28 13
28 14
28 17
28 18
28 19
28 21
28 22
28 23
28 25
28 30
28 33
28 34
28 36
28 37
28 38
28 41
28 42
28 43
28 45
28 46
28 48
28 49
28 52
28 53
28 55
28 56
28 57
28 58
28 59
28 61
28 63
28 65
28 66
28 67
28 69
28 70
28 71
28 72
28 73
28 75
28 78
28 79
28 80
28 81
28 85
28 86
28 89
28 90
28 91
28 93
28 94
28 97
28 99
28 100
29 3
29 4
29 5
29 6
29 7
29 8
29 13
29 14
29 15
29 16
29 18
29 19
29 20
29 22
29 23
29 24
29 25
29 27
29 33
29 34
29 36
29 37
29 39
29 40
29 43
29 46
29 47
29 48
29 50
29 51
29 55
29 58
29 59
29 62
29 63
29 65
29 68
29 70
29 71
29 72
29 73
29 75
29 76
29 78
29 79
29 80
29 81
29 84
29 86
29 87
29 92
29 93
29 94
29 95
29 96
29 98
29 99
30 1
30 3
30 4
30 6
30 7
30 8
30 9
30 13
30 14
30 16
30 17
30 18
30 19
30 20
30 21
30 22
30 24
30 25
30 26
30 28
30 35
30 37
30 38
30 39
30 40
30 43
30 45
30 46
30 47
30 48
30 49
30 50
30 51
30 53
30 54
30 58
30 59
30 60
30 61
30 63
30 64
30 66
30 68
30 70
30 72
30 73
30 76
30 78
30 81
30 83
30 85
30 86
30 87
30 88
30 89
30 90
30 91
30 92
30 93
30 96
30 98
30 99
31 1
31 3
31 4
31 7
31 8
31 9
31 10
31 15
31 16
31 17
31 19
31 21
31 24
31 26
31 27
31 33
31 34
31 35
31 36
31 37
31 39
31 40
31 41
31 44
31 45
31 46
31 47
31 49
31 51
31 52
31 57
31 58
31 59
31 60
31 61
31 62
31 63
31 66
31 67
31 68
31 70
31 71
31 72
31 74
31 75
31 76
31 77
31 78
31 79
31 80
31 81
31 82
31 83
31 84
31 85
31 86
31 89
31 90
31 92
31 93
31 94
31 95
31 97
31 98
31 100
32 1
32 2
32 4
32 5
32 6
32 7
32 8
32 9
32 10
32 12
32 13
32 16
32 17
32 18
32 20
32 21
32 23
32 25
32 27
32 34
32 35
32 36
32 38
32 43
32 44
32 45
32 48
32 52
32 53
32 54
32 55
32 56
32 57
32 58
32 62
32 64
32 65
32 66
32 67
32 70
32 72
32 73
32 75
32 78
32 79
32 82
32 84
32 85
32 86
32 87
32 90
32 91
32 92
32 93
32 95
32 96
32 98
32 99
32 100
33 1
33 2
33 3
33 4
33 5
33 8
33 9
33 10
33 11
33 12
33 15
33 16
33 17
33 20
33 22
33 25
33 26
33 27
33 28
33 29
33 31
33 37
33 38
33 39
33 40
33 41
33 44
33 45
33 46
33 47
33 50
33 52
33 55
33 56
33 59
33 60
33 61
33 62
33 63
33 64
33 65
33 66
33 67
33 68
33 69
33 70
33 71
33 72
33 73
33 74
33 78
33 79
33 81
33 82
33 83
33 84
33 85
33 86
33 90
33 92
33 94
33 96
33 98
33 100
34 1
34 5
34 6
34 9
34 10
34 11
34 12
34 14
34 17
34 18
34 19
34 20
34 21
34 22
34 23
34 26
34 27
34 28
34 29
34 31
34 32
34 35
34 37
34 38
34 41
34 42
34 43
34 44
34 46
34 48
34 49
34 50
34 52
34 53
34 57
34 59
34 64
34 66
34 67
34 70
34 71
34 72
34 73
34 74
34 75
34 76
34 77
34 78
34 81
34 82
34 83
34 84
34 86
34 87
34 89
34 90
34 93
34 96
34 97
34 98
34 100
35 2
35 3
35 6
35 7
35 10
35 11
35 12
35 15
35 17
35 18
35 20
35 23
35 27
35 30
35 31
35 32
35 34
35 36
35 37
35 38
35 39
35 40
35 41
35 42
35 43
35 46
35 49
35 50
35 51
35 52
35 55
35 57
35 58
35 59
35 60
35 61
35 62
35 66
35 67
35 68
35 69
35 71
35 72
35 75
35 76
35 77
35 79
35 81
35 82
35 86
35 87
35 88
35 89
35 90
35 91
35 94
35 99
36 1
36 2
36 3
36 4
36 6
36 7
36 9
36 11
36 15
36 16
36 17
36 18
36 19
36 20
36 21
36 22
36 24
36 25
36 27
36 28
36 29
36 31
36 32
36 35
36 37
36 40
36 41
36 42
36 47
36 49
36 50
36 51
36 53
36 54
36 55
36 57
36 58
36 59
36 60
36 61
36 63
36 65
36 67
36 70
36 71
36 72
36 75
36 77
36 78
36 81
36 83
36 84
36 86
36 88
36 89
36 92
36 94
36 95
36 96
36 97
36 98
37 2
37 3
37 5
37 6
37 8
37 11
37 13
37 15
37 17
37 19
37 20
37 21
37 23
37 25
37 26
37 28
37 29
37 30
37 31
37 33
37 34
37 35
37 36
37 38
37 41
37 42
37 43
37 44
37 45
37 47
37 49
37 50
37 51
37 53
37 57
37 59
37 61
37 63
37 64
37 65
37 67
37 68
37 69
37 71
37 72
37 74
37 75
37 77
37 78
37 80
37 81
37 82
37 84
37 87
37 89
37 90
37 92
37 95
37 97
37 98
37 99
37 100
38 1
38 2
38 4
38 6
38 7
38 9
38 15
38 16
38 17
38 18
38 21
38 22
38 23
38 24
38 26
38 27
38 28
38 30
38 32
38 33
38 34
38 35
38 37
38 39
38 40
38 42
38 43
38 48
38 49
38 52
38 54
38 55
38 56
38 58
38 60
38 61
38 66
38 67
38 68
38 70
38 74
38 75
38 77
38 79
38 80
38 82
38 87
38 90
38 93
38 94
38 96
38 99
39 2
39 3
39 4
39 5
39 6
39 7
39 8
39 9
39 11
39 13
39 14
39 15
39 24
39 25
39 29
39 30
39 31
39 33
39 35
39 38
39 41
39 43
39 44
39 45
39 46
39 47
39 50
39 51
39 53
39 54
39 55
39 57
39 59
39 62
39 68
39 69
39 70
39 72
39 73
39 77
39 78
39 79
39 80
39 82
39 84
39 85
39 86
39 87
39 88
39 89
39 93
39 95
39 97
39 98
39 100
40 3
40 4
40 5
40 6
40 7
40 8
40 9
40 10
40 11
40 12
40 15
40 18
40 21
40 22
40 25
40 26
40 27
40 29
40 30
40 31
40 33
40 35
40 36
40 38
40 41
40 42
40 43
40 44
40 45
40 46
40 52
40 53
40 54
40 56
40 58
40 62
40 64
40 65
40 67
40 70
40 71
40 72
40 73
40 75
40 76
40 78
40 80
40 82
40 83
40 85
40 86
40 90
40 91
40 92
40 94
40 95
40 96
40 97
40 98
40 100
41 1
41 2
41 3
41 5
41 7
41 8
41 9
41 10
41 11
41 13
41 14
41 17
41 19
41 20
41 22
41 24
41 25
41 27
41 28
41 31
41 33
41 34
41 35
41 36
41 37
41 39
41 40
41 42
41 43
41 45
41 46
41 47
41 48
41 50
41 55
41 56
41 57
41 58
41 59
41 61
41 64
41 65
41 66
41 67
41 68
41 72
41 75
41 78
41 79
41 83
41 85
41 88
41 92
41 93
41 94
41 96
41 99
41 100
42 1
42 4
42 5
42 7
42 8
42 10
42 11
42 13
42 14
42 15
42 17
42 18
42 21
42 22
42 23
42 24
42 26
42 28
42 34
42 35
42 36
42 37
42 38
42 40
42 41
42 43
42 44
42 45
42 46
42 50
42 51
42 53
42 54
42 55
42 56
42 57
42 58
42 62
42 63
42 64
42 65
42 66
42 68
42 69
42 72
42 73
42 74
42 75
42 77
42 78
42 79
42 80
42 83
42 85
42 86
42 89
42 93
42 95
42 96
42 99
43 2
43 6
43 9
43 10
43 15
43 16
43 17
43 19
43 20
43 21
43 23
43 25
43 26
43 27
43 28
43 29
43 30
43 32
43 34
43 35
43 37
43 38
43 39
43 40
43 41
43 42
43 44
43 45
43 46
43 50
43 51
43 55
43 57
43 58
43 59
43 60
43 62
43 63
43 65
43 66
43 67
43 69
43 70
43 73
43 74
43 76
43 78
43 79
43 81
43 82
43 83
43 90
43 91
43 94
43 97
43 98
43 99
44 1
44 3
44 4
44 6
44 7
44 8
44 9
44 10
44 12
44 13
44 14
44 15
44 16
44 17
44 19
44 23
44 24
44 26
44 31
44 32
44 33
44 34
44 37
44 39
44 40
44 42
44 43
44 45
44 48
44 50
44 53
44 55
44 57
44 58
44 59
44 60
44 61
44 64
44 66
44 67
44 68
44 70
44 71
44 72
44 74
44 75
44 76
44 77
44 78
44 79
44 80
44 82
44 83
44 85
44 86
44 87
44 88
44 89
44 92
44 94
44 97
44 99
44 100
45 1
45 2
45 4
45 5
45 6
45 7
45 9
45 10
45 12
45 13
45 15
45 16
45 17
45 19
45 21
45 22
45 23
45 24
45 25
45 26
45 28
45 30
45 31
45 32
45 33
45 37
45 39
45 40
45 41
45 42
45 43
45 44
45 46
45 47
45 48
45 49
45 50
45 51
45 52
45 53
45 54
45 55
45 56
45 57
45 62
45 64
45 65
45 66
45 67
45 68
45 71
45 72
45 73
45 74
45 75
45 76
45 77
45 81
45 83
45 84
45 85
45 86
45 87
45 88
45 89
45 90
45 91
45 93
45 94
45 95
45 96
45 99
45 100
46 1
46 2
46 3
46 5
46 6
46 7
46 8
46 13
46 14
46 16
46 17
46 19
46 20
46 23
46 24
46 25
46 28
46 29
46 30
46 31
46 33
46 34
46 35
46 39
46 40
46 41
46 42
46 43
46 45
46 47
46 48
46 52
46 53
46 54
46 55
46 57
46 61
46 62
46 65
46 66
46 67
46 68
46 70
46 71
46 72
46 74
46 77
46 78
46 79
46 80
46 88
46 90
46 94
46 95
46 97
46 98
46 99
46 100
47 1
47 3
47 6
47 8
47 9
47 10
47 14
47 15
47 16
47 17
47 18
47 19
47 21
47 22
47 24
47 27
47 29
47 30
47 31
47 33
47 36
47 37
47 39
47 41
47 45
47 46
47 48
47 52
47 54
47 56
47 57
47 61
47 62
47 64
47 65
47 68
47 70
47 73
47 74
47 75
47 76
47 77
47 79
47 80
47 81
47 83
47 87
47 89
47 90
47 91
47 92
47 94
47 97
47 98
47 99
47 100
48 2
48 3
48 4
48 5
48 6
48 9
48 10
48 14
48 15
48 16
48 17
48 18
48 19
48 20
48 22
48 23
48 24
48 25
48 28
48 29
48 30
48 32
48 34
48 38
48 41
48 44
48 45
48 46
48 47
48 50
48 52
48 55
48 57
48 58
48 59
48 61
48 62
48 65
48 67
48 69
48 71
48 73
48 77
48 78
48 79
48 82
48 83
48 84
48 85
48 86
48 88
48 89
48 92
48 93
48 95
48 97
48 98
48 99
48 100
49 1
49 2
49 3
49 5
49 7
49 9
49 10
49 12
49 13
49 14
49 16
49 18
49 22
49 26
49 28
49 30
49 31
49 34
49 35
49 36
49 37
49 38
49 45
49 50
49 53
49 55
49 56
49 57
49 58
49 59
49 60
49 61
49 63
49 64
49 66
49 67
49 69
49 70
49 71
49 72
49 73
49 75
49 77
49 78
49 81
49 82
49 83
49 85
49 86
49 87
49 88
49 89
49 90
49 92
49 93
49 94
49 96
49 98
49 99
50 1
50 2
50 3
50 7
50 8
50 9
50 11
50 12
50 14
50 15
50 17
50 20
50 21
50 25
50 26
50 27
50 29
50 30
50 33
50 34
50 35
50 36
50 37
50 39
50 41
50 42
50 43
50 44
50 45
50 48
50 49
50 51
50 53
50 54
50 55
50 56
50 58
50 59
50 62
50 63
50 64
50 66
50 67
50 69
50 71
50 75
50 77
50 79
50 80
50 81
50 82
50 84
50 85
50 88
50 90
50 92
50 93
50 94
50 95
50 97
50 99
50 100
51 1
51 4
51 6
51 7
51 8
51 11
51 12
51 13
51 15
51 17
51 20
51 23
51 24
51 25
51 26
51 29
51 30
51 31
51 35
51 36
51 37
51 39
51 42
51 43
51 45
51 50
51 52
51 54
51 57
51 59
51 60
51 61
51 62
51 63
51 64
51 67
51 69
51 70
51 71
51 72
51 73
51 74
51 75
51 77
51 79
51 80
51 81
51 82
51 84
51 85
51 88
51 89
51 91
51 92
51 94
51 95
51 96
51 98
52 4
52 5
52 7
52 10
52 11
52 15
52 18
52 21
52 23
52 24
52 26
52 27
52 28
52 31
52 32
52 33
52 34
52 35
52 38
52 40
52 45
52 46
52 47
52 48
52 51
52 54
52 57
52 58
52 59
52 60
52 62
52 65
52 66
52 67
52 68
52 69
52 70
52 71
52 73
52 74
52 75
52 78
52 81
52 83
52 87
52 88
52 90
52 91
52 92
52 93
52 95
52 97
52 98
52 100
53 1
53 2
53 4
53 5
53 7
53 11
53 12
53 14
53 16
53 17
53 19
53 24
53 27
53 28
53 30
53 32
53 34
53 36
53 37
53 39
53 40
53 42
53 44
53 45
53 46
53 49
53 50
53 55
53 56
53 59
53 60
53 64
53 65
53 67
53 69
53 71
53 74
53 75
53 78
53 79
53 80
53 81
53 82
53 83
53 84
53 85
53 88
53 89
53 90
53 91
53 92
53 99
53 100
54 1
54 5
54 7
54 9
54 10
54 14
54 19
54 21
54 22
54 23
54 26
54 30
54 32
54 36
54 38
54 39
54 40
54 42
54 45
54 46
54 47
54 50
54 51
54 52
54 61
54 62
54 63
54 66
54 67
54 70
54 72
54 74
54 75
54 77
54 80
54 82
54 84
54 85
54 86
54 87
54 88
54 91
54 92
54 93
54 94
54 98
55 1
55 3
55 4
55 7
55 8
55 9
55 10
55 11
55 14
55 17
55 18
55 19
55 20
55 21
55 22
55 23
55 24
55 25
55 28
55 29
55 32
55 33
55 35
55 36
55 38
55 39
55 41
55 42
55 43
55 44
55 45
55 46
55 48
55 49
55 50
55 53
55 57
55 58
55 59
55 61
55 63
55 65
55 68
55 71
55 72
55 73
55 75
55 77
55 78
55 81
55 82
55 84
55 85
55 86
55 87
55 88
55 90
55 92
55 93
55 94
55 96
55 97
55 99
56 2
56 3
56 7
56 8
56 10
56 11
56 13
56 14
56 16
56 17
56 18
56 23
56 25
56 28
56 32
56 33
56 38
56 40
56 41
56 42
56 45
56 47
56 49
56 50
56 53
56 57
56 58
56 59
56 60
56 61
56 62
56 65
56 68
56 70
56 71
56 74
56 76
56 77
56 78
56 80
56 81
56 82
56 83
56 84
56 85
56 87
56 89
56 90
56 91
56 92
56 95
56 96
56 98
56 100
57 1
57 2
57 3
57 4
57 5
57 7
57 8
57 11
57 14
57 15
57 16
57 17
57 19
57 23
57 25
57 26
57 28
57 31
57 32
57 34
57 35
57 36
57 37
57 39
57 41
57 42
57 43
57 44
57 45
57 46
57 47
57 48
57 49
57 51
57 52
57 55
57 56
57 58
57 59
57 61
57 62
57 64
57 66
57 67
57 68
57 70
57 71
57 74
57 75
57 76
57 77
57 78
57 79
57 81
57 82
57 83
57 85
57 86
57 87
57 88
57 89
57 90
57 92
57 93
57 94
57 96
57 99
57 100
58 1
58 3
58 5
58 8
58 10
58 12
58 13
58 14
58 15
58 16
58 17
58 18
58 20
58 22
58 23
58 25
58 27
58 28
58 29
58 30
58 31
58 32
58 35
58 36
58 38
58 40
58 41
58 42
58 43
58 44
58 48
58 49
58 50
58 52
58 55
58 56
58 57
58 59
58 60
58 61
58 64
58 65
58 66
58 69
58 70
58 72
58 73
58 76
58 78
58 79
58 81
58 82
58 83
58 84
58 85
58 86
58 87
58 88
58 89
58 90
58 92
58 93
58 95
58 96
58 98
58 100
59 1
59 3
59 5
59 6
59 8
59 9
59 10
59 12
59 14
59 15
59 19
59 20
59 23
59 24
59 25
59 26
59 28
59 29
59 30
59 31
59 33
59 34
59 35
59 36
59 37
59 39
59 41
59 43
59 44
59 48
59 49
59 50
59 51
59 52
59 53
59 55
59 56
59 57
59 58
59 60
59 61
59 63
59 64
59 67
59 69
59 70
59 71
59 73
59 79
59 80
59 81
59 82
59 83
59 84
59 85
59 86
59 87
59 90
59 91
59 92
59 95
59 96
59 97
59 98
59 100
60 1
60 3
60 4
60 5
60 6
60 7
60 8
60 12
60 17
60 18
60 19
60 21
60 22
60 24
60 25
60 27
60 30
60 31
60 33
60 35
60 36
60 38
60 43
60 44
60 49
60 51
60 52
60 53
60 56
60 58
60 59
60 61
60 62
60 66
60 67
60 68
60 69
60 71
60 72
60 73
60 74
60 75
60 76
60 77
60 78
60 79
60 81
60 83
60 86
60 87
60 89
60 90
60 91
60 93
60 95
60 97
60 98
60 99
60 100
61 2
61 3
61 5
61 6
61 8
61 11
61 15
61 16
61 17
61 21
61 22
61 23
61 24
61 26
61 28
61 30
61 31
61 33
61 35
61 36
61 37
61 38
61 41
61 44
61 46
61 47
61 48
61 49
61 51
61 54
61 55
61 56
61 57
61 58
61 59
61 60
61 62
61 63
61 65
61 66
61 67
61 69
61 73
61 74
61 77
61 78
61 79
61 80
61 82
61 83
61 85
61 86
61 87
61 88
61 89
61 90
61 92
61 93
61 95
61 97
61 98
61 99
61 100
62 1
62 3
62 4
62 5
62 6
62 8
62 9
62 11
62 12
62 13
62 14
62 16
62 18
62 20
62 21
62 22
62 24
62 26
62 27
62 29
62 31
62 32
62 33
62 35
62 39
62 40
62 42
62 43
62 45
62 46
62 47
62 48
62 50
62 51
62 52
62 54
62 56
62 57
62 60
62 61
62 65
62 68
62 70
62 71
62 72
62 75
62 76
62 79
62 80
62 81
62 83
62 84
62 85
62 86
62 88
62 89
62 90
62 92
62 93
62 95
62 98
62 99
63 1
63 3
63 5
63 6
63 7
63 8
63 9
63 10
63 11
63 14
63 15
63 16
63 17
63 19
63 21
63 22
63 23
63 24
63 25
63 26
63 28
63 29
63 30
63 31
63 33
63 36
63 37
63 42
63 43
63 49
63 50
63 51
63 54
63 55
63 59
63 61
63 64
63 68
63 71
63 72
63 73
63 75
63 80
63 81
63 82
63 83
63 85
63 87
63 88
63 89
63 90
63 94
63 95
63 96
63 98
63 99
63 100
64 1
64 5
64 7
64 9
64 10
64 12
64 14
64 15
64 17
64 18
64 19
64 20
64 21
64 22
64 23
64 25
64 27
64 30
64 32
64 33
64 34
64 37
64 40
64 41
64 42
64 44
64 45
64 47
64 49
64 50
64 51
64 53
64 57
64 58
64 59
64 63
64 65
64 66
64 68
64 69
64 71
64 72
64 76
64 77
64 80
64 81
64 83
64 84
64 85
64 86
64 87
64 89
64 90
64 93
64 94
64 95
64 100
65 1
65 2
65 4
65 5
65 8
65 10
65 13
65 16
65 17
65 18
65 19
65 20
65 23
65 24
65 25
65 27
65 28
65 29
65 32
65 33
65 36
65 37
65 40
65 41
65 42
65 43
65 45
65 46
65 47
65 48
65 52
65 53
65 55
65 56
65 58
65 61
65 62
65 64
65 66
65 67
65 68
65 70
65 71
65 76
65 78
65 79
65 80
65 82
65 85
65 86
65 89
65 90
65 91
65 92
65 93
65 94
65 96
65 97
65 98
66 3
66 5
66 7
66 9
66 10
66 11
66 12
66 15
66 16
66 17
66 19
66 22
66 23
66 25
66 26
66 27
66 28
66 30
66 31
66 32
66 33
66 34
66 35
66 38
66 41
66 42
66 43
66 44
66 45
66 46
66 49
66 50
66 52
66 54
66 57
66 58
66 60
66 61
66 64
66 65
66 67
66 70
66 72
66 74
66 75
66 76
66 77
66 78
66 79
66 80
66 81
66 82
66 83
66 84
66 85
66 87
66 88
66 89
66 90
66 94
66 95
67 1
67 2
67 3
67 6
67 7
67 9
67 14
67 20
67 21
67 24
67 25
67 26
67 28
67 31
67 32
67 33
67 34
67 35
67 36
67 37
67 38
67 40
67 41
67 43
67 44
67 45
67 46
67 48
67 49
67 50
67 51
67 52
67 53
67 54
67 57
67 59
67 60
67 61
67 65
67 66
67 68
67 69
67 72
67 73
67 74
67 75
67 77
67 79
67 80
67 81
67 83
67 86
67 87
67 88
67 89
67 92
67 94
67 96
67 97
67 98
67 99
67 100
68 1
68 2
68 6
68 8
68 9
68 11
68 12
68 14
68 15
68 16
68 23
68 24
68 25
68 26
68 27
68 29
68 30
68 31
68 33
68 35
68 37
68 38
68 39
68 41
68 42
68 44
68 45
68 46
68 47
68 52
68 55
68 56
68 57
68 60
68 62
68 63
68 64
68 65
68 67
68 69
68 73
68 74
68 75
68 78
68 79
68 81
68 84
68 85
68 86
68 88
68 91
68 93
68 94
68 97
69 5
69 8
69 10
69 13
69 15
69 17
69 18
69 21
69 22
69 23
69 24
69 25
69 28
69 33
69 35
69 37
69 39
69 42
69 43
69 48
69 49
69 50
69 51
69 52
69 53
69 58
69 59
69 60
69 61
69 64
69 67
69 68
69 70
69 71
69 73
69 75
69 76
69 78
69 79
69 80
69 81
69 84
69 85
69 86
69 88
69 90
69 91
69 94
69 97
69 98
69 100
70 2
70 3
70 5
70 6
70 7
70 10
70 12
70 16
70 17
70 20
70 21
70 22
70 23
70 26
70 27
70 28
70 29
70 30
70 31
70 32
70 33
70 34
70 36
70 38
70 39
70 40
70 43
70 44
70 46
70 47
70 49
70 51
70 52
70 54
70 56
70 57
70 58
70 59
70 62
70 65
70 66
70 69
70 71
70 73
70 74
70 79
70 80
70 81
70 82
70 83
70 86
70 87
70 89
70 90
70 91
70 92
70 94
70 95
70 96
70 97
70 98
70 99
70 100
71 1
71 4
71 5
71 8
71 10
71 11
71 12
71 13
71 14
71 16
71 19
71 20
71 22
71 24
71 25
71 26
71 27
71 28
71 29
71 31
71 33
71 34
71 35
71 36
71 37
71 40
71 44
71 45
71 46
71 48
71 49
71 50
71 51
71 52
71 53
71 55
71 56
71 57
71 59
71 60
71 62
71 63
71 64
71 65
71 69
71 70
71 73
71 74
71 76
71 77
71 79
71 80
71 83
71 84
71 86
71 87
71 88
71 89
71 90
71 92
71 93
71 96
71 97
71 98
71 99
72 1
72 4
72 6
72 8
72 9
72 12
72 14
72 15
72 16
72 18
72 19
72 20
72 21
72 22
72 23
72 25
72 26
72 28
72 29
72 30
72 31
72 32
72 33
72 34
72 35
72 36
72 37
72 39
72 40
72 41
72 42
72 44
72 45
72 46
72 49
72 51
72 54
72 55
72 58
72 60
72 62
72 63
72 64
72 66
72 67
72 74
72 75
72 78
72 79
72 80
72 81
72 82
72 84
72 85
72 86
72 87
72 90
72 92
72 93
72 94
72 96
72 97
72 98
72 99
72 100
73 2
73 7
73 10
73 12
73 13
73 14
73 15
73 16
73 17
73 19
73 21
73 24
73 28
73 29
73 30
73 32
73 33
73 34
73 39
73 40
73 42
73 43
73 45
73 47
73 48
73 49
73 51
73 52
73 55
73 58
73 59
73 60
73 61
73 63
73 67
73 68
73 69
73 70
73 71
73 74
73 75
73 77
73 78
73 79
73 80
73 81
73 82
73 85
73 86
73 90
73 91
73 92
73 95
73 97
73 99
74 1
74 2
74 3
74 6
74 7
74 9
74 10
74 11
74 14
74 16
74 17
74 19
74 20
74 24
74 27
74 31
74 33
74 34
74 37
74 38
74 42
74 43
74 44
74 45
74 46
74 47
74 51
74 52
74 53
74 54
74 56
74 57
74 60
74 61
74 66
74 67
74 68
74 70
74 71
74 72
74 73
74 75
74 77
74 81
74 85
74 86
74 89
74 92
74 93
74 94
74 97
74 98
74 99
75 1
75 2
75 3
75 5
75 6
75 7
75 8
75 9
75 11
75 12
75 14
75 15
75 16
75 17
75 18
75 19
75 21
75 27
75 28
75 29
75 31
75 32
75 34
75 35
75 36
75 37
75 38
75 40
75 41
75 42
75 44
75 45
75 47
75 49
75 50
75 51
75 52
75 53
75 54
75 55
75 57
75 60
75 62
75 63
75 66
75 67
75 68
75 69
75 72
75 73
75 74
75 77
75 79
75 81
75 82
75 83
75 85
75 86
75 87
75 88
75 89
75 90
75 91
75 92
75 94
75 95
75 96
75 97
75 98
75 100
76 2
76 3
76 5
76 6
76 7
76 11
76 12
76 14
76 16
76 17
76 20
76 21
76 22
76 23
76 24
76 25
76 29
76 30
76 31
76 34
76 35
76 40
76 43
76 44
76 45
76 47
76 56
76 57
76 58
76 60
76 62
76 64
76 65
76 66
76 69
76 71
76 77
76 78
76 82
76 83
76 84
76 89
76 91
76 92
76 93
76 95
76 96
76 97
76 99
76 100
77 2
77 4
77 5
77 7
77 8
77 9
77 14
77 15
77 16
77 17
77 19
77 20
77 21
77 22
77 23
77 26
77 27
77 31
77 34
77 35
77 36
77 37
77 38
77 39
77 42
77 44
77 45
77 46
77 47
77 48
77 49
77 50
77 51
77 54
77 55
77 56
77 57
77 60
77 61
77 64
77 66
77 67
77 71
77 73
77 74
77 75
77 76
77 78
77 80
77 81
77 82
77 86
77 87
77 88
77 90
77 92
77 93
77 94
77 95
77 99
78 1
78 2
78 4
78 5
78 7
78 10
78 13
78 14
78 15
78 16
78 21
78 22
78 24
78 26
78 27
78 28
78 29
78 30
78 31
78 32
78 33
78 34
78 36
78 37
78 39
78 40
78 41
78 42
78 43
78 44
78 46
78 48
78 49
78 52
78 53
78 55
78 56
78 57
78 58
78 60
78 61
78 65
78 66
78 68
78 69
78 72
78 73
78 76
78 77
78 79
78 81
78 83
78 87
78 89
78 90
78 91
78 92
78 94
78 95
78 100
79 1
79 4
79 5
79 6
79 7
79 9
79 15
79 16
79 17
79 20
79 23
79 24
79 25
79 27
79 28
79 29
79 31
79 32
79 33
79 35
79 38
79 39
79 41
79 42
79 43
79 44
79 46
79 47
79 48
79 50
79 51
79 53
79 57
79 58
79 59
79 60
79 61
79 62
79 65
79 66
79 67
79 68
79 69
79 70
79 71
79 72
79 73
79 75
79 78
79 80
79 81
79 83
79 84
79 85
79 87
79 88
79 89
79 92
79 93
79 97
79 98
79 99
79 100
80 1
80 4
80 6
80 7
80 8
80 9
80 10
80 11
80 17
80 18
80 19
80 21
80 22
80 27
80 28
80 29
80 31
80 37
80 38
80 39
80 40
80 42
80 44
80 46
80 47
80 50
80 51
80 53
80 54
80 56
80 59
80 61
80 62
80 63
80 64
80 65
80 66
80 67
80 69
80 70
80 71
80 72
80 73
80 77
80 79
80 81
80 84
80 86
80 89
80 91
80 92
80 93
80 94
80 95
80 96
80 97
80 99
80 100
81 1
81 2
81 4
81 5
81 6
81 7
81 8
81 9
81 11
81 12
81 15
81 17
81 19
81 20
81 21
81 22
81 25
81 26
81 27
81 28
81 29
81 30
81 31
81 33
81 34
81 35
81 36
81 37
81 43
81 45
81 47
81 49
81 50
81 51
81 52
81 53
81 55
81 56
81 57
81 58
81 59
81 60
81 62
81 63
81 64
81 66
81 67
81 68
81 69
81 70
81 72
81 73
81 74
81 75
81 77
81 78
81 79
81 80
81 82
81 84
81 85
81 86
81 87
81 88
81 90
81 92
81 93
81 94
81 96
81 98
81 99
81 100
82 1
82 5
82 7
82 8
82 10
82 12
82 17
82 18
82 19
82 21
82 22
82 23
82 24
82 25
82 26
82 31
82 32
82 33
82 34
82 35
82 37
82 38
82 39
82 40
82 43
82 44
82 48
82 49
82 50
82 51
82 53
82 54
82 55
82 56
82 57
82 58
82 59
82 61
82 63
82 65
82 66
82 70
82 72
82 73
82 75
82 76
82 77
82 81
82 89
82 91
82 92
82 93
82 94
82 95
82 96
82 98
82 99
82 100
83 1
83 2
83 3
83 4
83 5
83 7
83 11
83 12
83 13
83 14
83 15
83 16
83 17
83 18
83 19
83 20
83 21
83 26
83 30
83 31
83 33
83 34
83 36
83 40
83 41
83 42
83 43
83 44
83 45
83 47
83 48
83 49
83 52
83 53
83 56
83 57
83 58
83 59
83 60
83 61
83 62
83 63
83 64
83 66
83 67
83 70
83 71
83 75
83 76
83 78
83 79
83 85
83 86
83 88
83 90
83 91
83 92
83 93
83 96
83 98
83 99
84 1
84 7
84 8
84 9
84 10
84 11
84 15
84 16
84 18
84 20
84 21
84 23
84 25
84 29
84 31
84 32
84 33
84 34
84 36
84 37
84 39
84 45
84 48
84 50
84 51
84 53
84 54
84 55
84 56
84 58
84 59
84 62
84 64
84 66
84 68
84 69
84 71
84 72
84 76
84 79
84 80
84 81
84 86
84 87
84 88
84 90
84 92
84 94
84 96
84 97
84 98
84 99
84 100
85 2
85 3
85 4
85 9
85 13
85 14
85 15
85 16
85 18
85 21
85 23
85 25
85 27
85 28
85 30
85 31
85 32
85 33
85 39
85 40
85 41
85 42
85 44
85 45
85 48
85 49
85 50
85 51
85 53
85 54
85 55
85 56
85 57
85 58
85 59
85 61
85 62
85 63
85 64
85 65
85 66
85 68
85 69
85 72
85 73
85 74
85 75
85 79
85 81
85 83
85 86
85 87
85 88
85 90
85 92
85 93
85 95
85 96
85 97
85 98
85 99
86 2
86 3
86 7
86 10
86 14
86 15
86 17
86 19
86 20
86 22
86 23
86 24
86 26
86 27
86 28
86 29
86 30
86 31
86 32
86 33
86 34
86 35
86 36
86 39
86 40
86 42
86 44
86 45
86 48
86 49
86 54
86 55
86 57
86 58
86 59
86 60
86 61
86 62
86 64
86 65
86 67
86 68
86 69
86 70
86 71
86 72
86 73
86 74
86 75
86 77
86 80
86 81
86 83
86 84
86 85
86 88
86 89
86 90
86 91
86 92
86 93
86 95
86 96
86 98
87 1
87 2
87 3
87 5
87 6
87 8
87 9
87 11
87 12
87 14
87 15
87 17
87 19
87 21
87 23
87 24
87 27
87 29
87 30
87 32
87 34
87 35
87 37
87 38
87 39
87 44
87 45
87 47
87 49
87 52
87 54
87 55
87 56
87 57
87 58
87 59
87 60
87 61
87 63
87 64
87 66
87 67
87 70
87 71
87 72
87 75
87 77
87 78
87 79
87 81
87 84
87 85
87 88
87 90
87 91
87 92
87 93
88 1
88 3
88 4
88 5
88 6
88 9
88 11
88 12
88 13
88 14
88 17
88 20
88 22
88 23
88 25
88 30
88 35
88 36
88 39
88 41
88 44
88 45
88 46
88 48
88 49
88 50
88 51
88 52
88 53
88 54
88 55
88 57
88 58
88 61
88 62
88 63
88 66
88 67
88 68
88 69
88 71
88 75
88 77
88 79
88 81
88 83
88 84
88 85
88 86
88 87
88 89
88 92
88 94
88 95
88 96
88 97
88 98
88 99
88 100
89 1
89 3
89 6
89 7
89 10
89 12
89 13
89 14
89 15
89 17
89 19
89 20
89 23
89 24
89 25
89 26
89 28
89 30
89 31
89 34
89 35
89 36
89 37
89 39
89 42
89 44
89 45
89 47
89 48
89 49
89 51
89 53
89 56
89 57
89 58
89 60
89 61
89 62
89 63
89 64
89 65
89 66
89 67
89 70
89 71
89 74
89 75
89 76
89 78
89 79
89 80
89 82
89 86
89 88
89 91
89 92
89 93
89 95
89 96
89 97
89 98
89 99
90 1
90 5
90 6
90 7
90 8
90 11
90 12
90 14
90 15
90 16
90 18
90 20
90 22
90 23
90 24
90 25
90 27
90 28
90 30
90 31
90 32
90 33
90 34
90 35
90 37
90 38
90 40
90 43
90 45
90 46
90 47
90 49
90 50
90 52
90 53
90 55
90 56
90 57
90 58
90 59
90 60
90 61
90 62
90 63
90 64
90 65
90 66
90 69
90 70
90 71
90 72
90 73
90 75
90 77
90 78
90 81
90 83
90 84
90 85
90 86
90 87
90 92
90 93
90 94
90 95
90 96
90 97
90 98
90 99
91 1
91 3
91 4
91 5
91 8
91 11
91 12
91 14
91 16
91 18
91 24
91 25
91 26
91 28
91 30
91 32
91 35
91 40
91 43
91 45
91 47
91 51
91 52
91 53
91 54
91 56
91 59
91 60
91 65
91 68
91 69
91 70
91 73
91 75
91 76
91 78
91 80
91 82
91 83
91 86
91 87
91 89
91 92
91 94
91 95
91 96
91 98
91 99
92 1
92 5
92 10
92 11
92 12
92 14
92 16
92 17
92 19
92 20
92 22
92 23
92 24
92 27
92 29
92 30
92 31
92 32
92 33
92 36
92 37
92 40
92 41
92 44
92 47
92 48
92 49
92 50
92 51
92 52
92 53
92 54
92 55
92 56
92 57
92 58
92 59
92 61
92 62
92 65
92 67
92 70
92 71
92 72
92 73
92 74
92 75
92 76
92 77
92 78
92 79
92 80
92 81
92 82
92 83
92 84
92 85
92 86
92 87
92 88
92 89
92 90
92 91
92 93
92 94
92 96
92 98
92 99
92 100
93 1
93 2
93 6
93 7
93 9
93 13
93 17
93 19
93 22
93 26
93 27
93 28
93 29
93 30
93 31
93 32
93 34
93 38
93 39
93 41
93 42
93 45
93 48
93 49
93 50
93 52
93 54
93 55
93 57
93 58
93 60
93 61
93 62
93 64
93 65
93 68
93 71
93 72
93 74
93 76
93 77
93 79
93 80
93 81
93 82
93 83
93 85
93 86
93 87
93 89
93 90
93 92
93 95
93 96
93 98
93 99
94 1
94 3
94 4
94 5
94 7
94 8
94 9
94 10
94 11
94 12
94 15
94 16
94 18
94 20
94 21
94 23
94 24
94 25
94 27
94 28
94 29
94 31
94 33
94 35
94 36
94 38
94 40
94 41
94 43
94 44
94 45
94 46
94 47
94 49
94 50
94 51
94 54
94 55
94 57
94 63
94 64
94 65
94 66
94 67
94 68
94 69
94 70
94 72
94 74
94 75
94 77
94 78
94 80
94 81
94 82
94 84
94 88
94 90
94 91
94 92
94 95
94 97
94 98
94 99
94 100
95 1
95 2
95 4
95 6
95 8
95 11
95 12
95 13
95 14
95 15
95 16
95 17
95 18
95 20
95 22
95 23
95 26
95 27
95 29
95 31
95 32
95 36
95 37
95 39
95 40
95 42
95 45
95 46
95 48
95 50
95 51
95 52
95 56
95 58
95 59
95 60
95 61
95 62
95 63
95 64
95 66
95 70
95 73
95 75
95 76
95 77
95 78
95 80
95 82
95 85
95 86
95 88
95 89
95 90
95 91
95 93
95 94
95 97
95 99
95 100
96 2
96 3
96 5
96 7
96 8
96 9
96 12
96 14
96 19
96 21
96 22
96 23
96 24
96 27
96 29
96 30
96 32
96 33
96 34
96 36
96 38
96 40
96 41
96 42
96 45
96 49
96 51
96 55
96 56
96 57
96 58
96 59
96 63
96 65
96 67
96 70
96 71
96 72
96 75
96 76
96 80
96 81
96 82
96 83
96 84
96 85
96 86
96 88
96 89
96 90
96 91
96 92
96 93
96 99
97 1
97 2
97 3
97 4
97 5
97 7
97 8
97 9
97 11
97 12
97 13
97 14
97 15
97 16
97 19
97 20
97 21
97 23
97 24
97 26
97 28
97 31
97 34
97 36
97 37
97 39
97 40
97 43
97 44
97 46
97 47
97 48
97 50
97 52
97 55
97 59
97 60
97 61
97 65
97 67
97 68
97 69
97 70
97 71
97 72
97 73
97 74
97 75
97 76
97 79
97 80
97 84
97 85
97 88
97 89
97 90
97 94
97 95
97 98
97 99
98 1
98 2
98 4
98 5
98 6
98 9
98 10
98 11
98 13
98 16
98 17
98 19
98 20
98 21
98 22
98 24
98 25
98 26
98 27
98 29
98 30
98 31
98 32
98 33
98 34
98 36
98 37
98 39
98 40
98 43
98 46
98 47
98 48
98 49
98 51
98 52
98 54
98 56
98 58
98 59
98 60
98 61
98 62
98 63
98 65
98 67
98 69
98 70
98 71
98 72
98 74
98 75
98 79
98 81
98 82
98 83
98 84
98 85
98 86
98 88
98 89
98 90
98 91
98 92
98 93
98 94
98 97
98 99
98 100
99 2
99 3
99 6
99 8
99 10
99 13
99 14
99 15
99 17
99 18
99 19
99 21
99 23
99 24
99 25
99 26
99 27
99 28
99 29
99 30
99 32
99 35
99 37
99 38
99 41
99 42
99 43
99 44
99 45
99 46
99 47
99 48
99 49
99 50
99 53
99 55
99 57
99 60
99 61
99 62
99 63
99 67
99 70
99 71
99 72
99 73
99 74
99 76
99 77
99 79
99 80
99 81
99 82
99 83
99 84
99 85
99 88
99 89
99 90
99 91
99 92
99 93
99 94
99 95
99 96
99 97
99 98
100 1
100 2
100 3
100 4
100 5
100 6
100 7
100 10
100 11
100 13
100 14
100 15
100 19
100 21
100 23
100 24
100 25
100 27
100 28
100 31
100 32
100 33
100 34
100 37
100 39
100 40
100 41
100 44
100 45
100 46
100 47
100 48
100 50
100 52
100 53
100 56
100 57
100 58
100 59
100 60
100 61
100 63
100 64
100 67
100 69
100 70
100 72
100 75
100 76
100 78
100 79
100 80
100 81
100 82
100 84
100 88
100 92
100 94
100 95
100 98
