100
1 3
1 4
1 6
1 8
1 10
1 16
1 17
1 19
1 20
1 22
1 23
1 24
1 25
1 27
1 28
1 29
1 31
1 36
1 37
1 38
1 39
1 40
1 41
1 43
1 44
1 45
1 46
1 48
1 49
1 50
1 52
1 55
1 56
1 57
1 60
1 61
1 64
1 65
1 67
1 68
1 69
1 71
1 72
1 73
1 76
1 77
1 79
1 80
1 81
1 87
1 88
1 89
1 90
1 92
1 94
1 95
1 96
1 99
1 100
2 3
2 5
2 8
2 11
2 13
2 14
2 16
2 18
2 19
2 20
2 22
2 23
2 25
2 26
2 28
2 32
2 33
2 34
2 35
2 36
2 39
2 40
2 41
2 42
2 43
2 44
2 48
2 49
2 50
2 51
2 52
2 56
2 57
2 58
2 60
2 61
2 63
2 64
2 65
2 66
2 67
2 70
2 71
2 74
2 75
2 78
2 79
2 81
2 82
2 83
2 84
2 86
2 92
2 99
2 100
3 1
3 2
3 6
3 7
3 9
3 12
3 13
3 15
3 17
3 20
3 22
3 23
3 24
3 28
3 29
3 31
3 37
3 38
3 41
3 42
3 43
3 44
3 48
3 49
3 50
3 52
3 54
3 55
3 56
3 59
3 60
3 61
3 62
3 63
3 64
3 65
3 68
3 69
3 70
3 71
3 72
3 73
3 74
3 75
3 79
3 81
3 82
3 84
3 85
3 86
3 88
3 91
3 94
3 95
3 96
3 98
3 99
4 1
4 5
4 6
4 7
4 9
4 11
4 12
4 14
4 17
4 18
4 19
4 21
4 22
4 24
4 26
4 27
4 29
4 30
4 31
4 32
4 33
4 35
4 36
4 39
4 41
4 42
4 43
4 44
4 47
4 48
4 49
4 50
4 51
4 52
4 53
4 56
4 58
4 59
4 62
4 64
4 66
4 70
4 71
4 72
4 73
4 74
4 76
4 77
4 78
4 79
4 80
4 81
4 82
4 83
4 84
4 85
4 87
4 89
4 90
4 91
4 93
4 94
4 95
4 96
4 97
4 98
4 99
5 2
5 4
5 6
5 9
5 11
5 12
5 13
5 14
5 16
5 17
5 19
5 20
5 25
5 26
5 28
5 29
5 34
5 35
5 36
5 37
5 38
5 40
5 42
5 43
5 44
5 45
5 46
5 47
5 48
5 49
5 52
5 53
5 56
5 57
5 59
5 61
5 62
5 63
5 64
5 65
5 66
5 67
5 68
5 69
5 71
5 73
5 75
5 78
5 79
5 80
5 81
5 83
5 84
5 86
5 87
5 88
5 90
5 95
5 96
5 97
5 98
6 1
6 3
6 4
6 5
6 7
6 9
6 10
6 11
6 16
6 17
6 18
6 19
6 20
6 22
6 23
6 24
6 25
6 28
6 29
6 32
6 33
6 35
6 37
6 38
6 40
6 41
6 42
6 45
6 46
6 47
6 48
6 50
6 51
6 52
6 55
6 56
6 58
6 59
6 60
6 63
6 65
6 73
6 75
6 77
6 80
6 81
6 82
6 83
6 85
6 86
6 87
6 91
6 93
6 95
6 99
7 3
7 4
7 6
7 9
7 14
7 20
7 21
7 22
7 23
7 24
7 26
7 28
7 29
7 30
7 32
7 33
7 35
7 36
7 37
7 38
7 40
7 42
7 44
7 45
7 46
7 47
7 49
7 51
7 52
7 54
7 57
7 61
7 62
7 67
7 68
7 69
7 70
7 72
7 73
7 74
7 76
7 77
7 78
7 84
7 85
7 87
7 88
7 90
7 95
7 96
7 97
7 98
7 99
8 1
8 2
8 10
8 11
8 13
8 14
8 15
8 16
8 17
8 19
8 20
8 24
8 25
8 26
8 27
8 28
8 29
8 31
8 38
8 40
8 41
8 42
8 45
8 48
8 49
8 50
8 51
8 52
8 53
8 54
8 55
8 58
8 59
8 61
8 63
8 65
8 66
8 68
8 69
8 70
8 71
8 75
8 76
8 77
8 78
8 80
8 81
8 82
8 83
8 84
8 85
8 86
8 88
8 89
8 90
8 94
8 96
8 97
8 98
8 99
8 100
9 3
9 4
9 5
9 6
9 7
9 14
9 15
9 16
9 17
9 23
9 26
9 27
9 29
9 30
9 32
9 33
9 35
9 36
9 37
9 38
9 39
9 42
9 44
9 48
9 51
9 53
9 54
9 56
9 57
9 58
9 60
9 61
9 62
9 63
9 65
9 66
9 70
9 71
9 72
9 74
9 76
9 77
9 78
9 81
9 83
9 84
9 87
9 89
9 90
9 94
9 95
9 97
9 98
9 99
9 100
10 1
10 6
10 8
10 12
10 13
10 14
10 15
10 18
10 21
10 22
10 25
10 29
10 32
10 33
10 34
10 35
10 37
10 40
10 41
10 43
10 45
10 46
10 50
10 52
10 54
10 55
10 56
10 58
10 59
10 61
10 64
10 66
10 67
10 68
10 69
10 70
10 72
10 74
10 76
10 77
10 78
10 80
10 82
10 83
10 85
10 86
10 88
10 89
10 92
10 93
10 94
10 99
11 2
11 4
11 5
11 6
11 8
11 14
11 16
11 17
11 19
11 20
11 21
11 22
11 23
11 24
11 27
11 29
11 31
11 32
11 33
11 34
11 37
11 38
11 39
11 40
11 41
11 42
11 43
11 45
11 49
11 50
11 53
11 55
11 57
11 58
11 60
11 61
11 63
11 64
11 65
11 71
11 72
11 74
11 76
11 78
11 79
11 80
11 81
11 83
11 84
11 85
11 86
11 88
11 92
11 93
11 94
11 96
11 97
11 98
11 99
11 100
12 3
12 4
12 5
12 10
12 13
12 14
12 15
12 20
12 22
12 24
12 25
12 26
12 28
12 29
12 32
12 33
12 34
12 35
12 41
12 43
12 44
12 45
12 47
12 48
12 49
12 53
12 54
12 55
12 56
12 57
12 61
12 63
12 64
12 66
12 69
12 71
12 72
12 73
12 75
12 76
12 79
12 82
12 83
12 84
12 86
12 87
12 89
12 91
12 92
12 93
12 95
12 99
13 2
13 3
13 5
13 8
13 10
13 12
13 14
13 16
13 17
13 18
13 19
13 20
13 21
13 24
13 26
13 27
13 29
13 30
13 31
13 33
13 34
13 35
13 36
13 38
13 40
13 41
13 42
13 43
13 44
13 45
13 46
13 47
13 49
13 50
13 51
13 52
13 53
13 55
13 57
13 58
13 61
13 62
13 64
13 65
13 70
13 71
13 73
13 74
13 77
13 78
13 83
13 84
13 85
13 87
13 88
13 89
13 91
13 92
13 94
13 96
13 97
13 98
13 99
14 2
14 4
14 5
14 7
14 8
14 9
14 10
14 11
14 12
14 13
14 19
14 20
14 21
14 22
14 23
14 25
14 29
14 30
14 31
14 32
14 33
14 34
14 37
14 38
14 39
14 41
14 42
14 44
14 46
14 47
14 48
14 50
14 52
14 53
14 55
14 56
14 57
14 58
14 61
14 62
14 63
14 64
14 68
14 69
14 70
14 74
14 75
14 77
14 81
14 83
14 84
14 85
14 88
14 89
14 91
14 93
14 95
14 100
15 3
15 8
15 9
15 10
15 12
15 16
15 17
15 21
15 22
15 23
15 24
15 25
15 27
15 29
15 33
15 34
15 35
15 36
15 37
15 38
15 40
15 41
15 45
15 46
15 47
15 50
15 51
15 53
15 54
15 55
15 57
15 59
15 61
15 62
15 65
15 69
15 70
15 71
15 73
15 74
15 75
15 76
15 77
15 78
15 80
15 82
15 84
15 85
15 86
15 87
15 88
15 89
15 93
15 94
15 95
15 98
15 100
16 1
16 2
16 5
16 6
16 8
16 9
16 11
16 13
16 15
16 17
16 18
16 20
16 22
16 26
16 27
16 28
16 29
16 30
16 31
16 32
16 33
16 34
16 36
16 38
16 40
16 41
16 43
16 45
16 47
16 48
16 49
16 52
16 53
16 57
16 58
16 60
16 61
16 62
16 63
16 64
16 65
16 66
16 68
16 69
16 70
16 71
16 73
16 75
16 76
16 78
16 80
16 81
16 82
16 83
16 84
16 85
16 86
16 90
16 91
16 92
16 93
16 94
16 95
16 96
16 98
16 99
17 1
17 3
17 4
17 5
17 6
17 8
17 9
17 11
17 13
17 15
17 16
17 18
17 19
17 20
17 23
17 26
17 27
17 28
17 29
17 30
17 32
17 33
17 35
17 38
17 39
17 41
17 43
17 44
17 45
17 46
17 47
17 50
17 52
17 53
17 54
17 55
17 56
17 58
17 59
17 60
17 63
17 64
17 66
17 68
17 69
17 70
17 71
17 73
17 75
17 78
17 79
17 82
17 83
17 85
17 86
17 89
17 90
17 91
17 93
17 95
17 97
17 98
17 100
18 2
18 4
18 6
18 10
18 13
18 16
18 17
18 19
18 20
18 21
18 22
18 25
18 26
18 28
18 29
18 30
18 31
18 32
18 33
18 36
18 37
18 38
18 39
18 40
18 42
18 43
18 45
18 47
18 48
18 49
18 51
18 52
18 53
18 55
18 56
18 57
18 58
18 60
18 61
18 62
18 64
18 66
18 68
18 69
18 70
18 72
18 73
18 74
18 77
18 79
18 84
18 86
18 87
18 88
18 90
18 91
18 93
18 94
18 95
18 97
18 99
18 100
19 1
19 2
19 4
19 5
19 6
19 8
19 11
19 13
19 14
19 17
19 18
19 20
19 21
19 23
19 24
19 26
19 28
19 31
19 33
19 34
19 37
19 38
19 40
19 45
19 46
19 47
19 49
19 50
19 52
19 53
19 54
19 56
19 57
19 60
19 61
19 62
19 64
19 66
19 67
19 68
19 69
19 71
19 72
19 75
19 76
19 77
19 78
19 79
19 81
19 82
19 83
19 86
19 87
19 90
19 92
19 93
19 94
19 95
19 97
19 99
19 100
20 1
20 2
20 3
20 5
20 6
20 7
20 8
20 11
20 12
20 13
20 14
20 16
20 17
20 18
20 19
20 21
20 23
20 24
20 25
20 26
20 27
20 28
20 31
20 32
20 33
20 34
20 35
20 36
20 38
20 43
20 47
20 48
20 50
20 52
20 55
20 56
20 57
20 60
20 61
20 63
20 64
20 65
20 66
20 70
20 71
20 72
20 73
20 74
20 75
20 77
20 78
20 80
20 81
20 84
20 86
20 87
20 89
20 90
20 91
20 92
20 93
20 94
20 95
20 96
20 97
20 98
20 99
20 100
21 4
21 7
21 10
21 11
21 13
21 14
21 15
21 18
21 19
21 20
21 22
21 23
21 24
21 25
21 26
21 27
21 29
21 31
21 32
21 33
21 34
21 35
21 36
21 40
21 41
21 42
21 45
21 47
21 49
21 55
21 56
21 57
21 60
21 61
21 63
21 64
21 67
21 68
21 73
21 75
21 76
21 77
21 79
21 81
21 83
21 84
21 85
21 86
21 87
21 88
21 91
21 96
21 97
21 98
21 99
22 1
22 2
22 3
22 4
22 6
22 7
22 10
22 11
22 12
22 14
22 15
22 16
22 18
22 21
22 26
22 27
22 30
22 36
22 37
22 38
22 42
22 45
22 46
22 47
22 48
22 50
22 59
22 62
22 63
22 64
22 66
22 68
22 71
22 72
22 73
22 74
22 76
22 77
22 78
22 79
22 80
22 82
22 83
22 84
22 85
22 92
22 94
22 95
22 96
22 97
22 100
23 1
23 2
23 3
23 6
23 7
23 9
23 11
23 14
23 15
23 17
23 19
23 20
23 21
23 25
23 26
23 28
23 29
23 30
23 32
23 33
23 34
23 36
23 37
23 39
23 41
23 43
23 47
23 48
23 49
23 50
23 51
23 52
23 54
23 55
23 58
23 59
23 62
23 63
23 64
23 66
23 68
23 70
23 71
23 72
23 73
23 74
23 75
23 76
23 79
23 81
23 82
23 84
23 88
23 89
23 90
23 91
23 92
23 93
23 94
23 95
23 97
23 99
24 1
24 3
24 4
24 6
24 7
24 8
24 11
24 12
24 13
24 15
24 19
24 20
24 21
24 26
24 27
24 29
24 30
24 31
24 32
24 35
24 39
24 41
24 42
24 43
24 44
24 45
24 46
24 47
24 50
24 52
24 54
24 55
24 56
24 57
24 60
24 61
24 62
24 63
24 65
24 66
24 67
24 69
24 70
24 71
24 73
24 74
24 75
24 76
24 78
24 79
24 82
24 85
24 87
24 88
24 89
24 91
24 93
24 94
24 97
24 99
24 100
25 1
25 2
25 5
25 6
25 8
25 10
25 12
25 14
25 15
25 18
25 20
25 21
25 23
25 26
25 28
25 30
25 31
25 32
25 33
25 35
25 36
25 37
25 38
25 39
25 40
25 41
25 43
25 45
25 46
25 47
25 50
25 51
25 52
25 54
25 56
25 60
25 66
25 67
25 68
25 70
25 71
25 72
25 75
25 76
25 77
25 79
25 80
25 82
25 83
25 84
25 87
25 88
25 89
25 93
25 95
25 96
25 99
26 2
26 4
26 5
26 7
26 8
26 9
26 12
26 13
26 16
26 17
26 18
26 19
26 20
26 21
26 22
26 23
26 24
26 25
26 27
26 28
26 29
26 30
26 31
26 34
26 36
26 37
26 38
26 39
26 40
26 41
26 43
26 44
26 46
26 47
26 48
26 49
26 50
26 52
26 53
26 55
26 56
26 59
26 60
26 62
26 63
26 64
26 66
26 68
26 69
26 73
26 74
26 75
26 76
26 81
26 82
26 85
26 86
26 88
26 90
26 91
26 95
26 97
26 99
26 100
27 1
27 4
27 8
27 9
27 11
27 13
27 15
27 16
27 17
27 20
27 21
27 22
27 24
27 26
27 28
27 30
27 35
27 37
27 42
27 44
27 45
27 46
27 47
27 48
27 49
27 54
27 55
27 57
27 58
27 62
27 63
27 64
27 65
27 66
27 67
27 68
27 69
27 70
27 71
27 74
27 75
27 76
27 77
27 78
27 79
27 82
27 83
27 84
27 86
27 88
27 89
27 91
27 94
27 95
27 96
27 97
27 99
27 100
28 1
28 2
28 3
28 5
28 6
28 7
28 8
28 12
28 16
28 17
28 18
28 19
28 20
28 23
28 25
28 26
28 27
28 29
28 30
28 32
28 33
28 35
28 36
28 37
28 40
28 42
28 43
28 44
28 45
28 46
28 47
28 49
28 50
28 51
28 52
28 53
28 55
28 56
28 57
28 59
28 60
28 61
28 66
28 68
28 72
28 73
28 75
28 76
28 77
28 78
28 79
28 80
28 81
28 82
28 85
28 86
28 87
28 88
28 89
28 90
28 92
28 94
28 95
28 97
28 99
28 100
29 1
29 3
29 4
29 5
29 6
29 7
29 8
29 9
29 10
29 11
29 12
29 13
29 14
29 15
29 16
29 17
29 18
29 21
29 23
29 24
29 26
29 28
29 30
29 31
29 34
29 35
29 36
29 37
29 39
29 40
29 42
29 43
29 45
29 46
29 47
29 48
29 51
29 52
29 54
29 55
29 56
29 58
29 59
29 60
29 61
29 62
29 63
29 65
29 66
29 68
29 69
29 71
29 74
29 75
29 76
29 77
29 78
29 81
29 83
29 84
29 85
29 86
29 87
29 88
29 89
29 91
29 93
29 94
29 98
29 99
30 4
30 7
30 9
30 13
30 14
30 16
30 17
30 18
30 22
30 23
30 24
30 25
30 26
30 27
30 28
30 29
30 31
30 33
30 41
30 42
30 43
30 48
30 50
30 53
30 56
30 57
30 58
30 60
30 61
30 62
30 63
30 65
30 66
30 67
30 68
30 69
30 70
30 71
30 72
30 74
30 76
30 77
30 78
30 80
30 81
30 82
30 84
30 85
30 87
30 88
30 91
30 92
30 95
30 97
30 98
30 100
31 1
31 3
31 4
31 8
31 11
31 13
31 14
31 16
31 18
31 19
31 20
31 21
31 24
31 25
31 26
31 29
31 30
31 32
31 34
31 35
31 36
31 40
31 41
31 43
31 45
31 48
31 49
31 51
31 52
31 54
31 55
31 56
31 59
31 61
31 62
31 63
31 64
31 65
31 66
31 67
31 68
31 69
31 71
31 72
31 73
31 76
31 77
31 78
31 79
31 80
31 83
31 85
31 86
31 88
31 89
31 91
31 92
31 93
31 96
31 97
31 99
31 100
32 2
32 4
32 6
32 7
32 9
32 10
32 11
32 12
32 14
32 16
32 17
32 18
32 20
32 21
32 23
32 24
32 25
32 28
32 31
32 34
32 35
32 36
32 37
32 38
32 41
32 45
32 48
32 50
32 53
32 59
32 62
32 63
32 64
32 65
32 66
32 67
32 69
32 70
32 71
32 72
32 73
32 75
32 78
32 79
32 82
32 84
32 86
32 87
32 89
32 90
32 91
32 92
32 93
32 94
32 96
32 97
32 98
32 100
33 2
33 4
33 6
33 7
33 9
33 10
33 11
33 12
33 13
33 14
33 15
33 16
33 17
33 18
33 19
33 20
33 21
33 23
33 25
33 28
33 30
33 34
33 35
33 38
33 39
33 45
33 46
33 47
33 50
33 51
33 52
33 53
33 54
33 56
33 59
33 60
33 62
33 63
33 64
33 66
33 69
33 71
33 74
33 76
33 79
33 80
33 81
33 82
33 83
33 84
33 86
33 89
33 91
33 93
33 94
33 96
33 99
33 100
34 2
34 5
34 10
34 11
34 12
34 13
34 14
34 15
34 16
34 19
34 20
34 21
34 23
34 26
34 29
34 31
34 32
34 33
34 37
34 40
34 43
34 45
34 46
34 47
34 48
34 51
34 52
34 53
34 54
34 55
34 57
34 63
34 64
34 65
34 67
34 68
34 69
34 70
34 71
34 72
34 73
34 74
34 75
34 76
34 77
34 78
34 82
34 84
34 85
34 86
34 87
34 93
34 95
34 96
34 97
34 98
34 99
34 100
35 2
35 4
35 5
35 6
35 7
35 9
35 10
35 12
35 13
35 15
35 17
35 20
35 21
35 24
35 25
35 27
35 28
35 29
35 31
35 32
35 33
35 36
35 37
35 38
35 40
35 41
35 42
35 43
35 44
35 46
35 48
35 51
35 52
35 53
35 56
35 58
35 59
35 61
35 62
35 64
35 65
35 66
35 67
35 68
35 69
35 77
35 82
35 85
35 87
35 92
35 93
35 96
35 97
35 99
35 100
36 1
36 2
36 4
36 5
36 7
36 9
36 13
36 15
36 16
36 18
36 20
36 21
36 22
36 23
36 25
36 26
36 28
36 29
36 31
36 32
36 35
36 37
36 38
36 40
36 42
36 43
36 44
36 47
36 48
36 49
36 50
36 51
36 52
36 53
36 54
36 55
36 56
36 57
36 58
36 59
36 60
36 61
36 62
36 64
36 65
36 67
36 70
36 71
36 72
36 74
36 75
36 77
36 79
36 80
36 81
36 82
36 85
36 86
36 87
36 90
36 91
36 92
36 94
36 97
36 98
36 100
37 1
37 3
37 5
37 6
37 7
37 9
37 10
37 11
37 14
37 15
37 18
37 19
37 22
37 23
37 25
37 26
37 27
37 28
37 29
37 32
37 34
37 35
37 36
37 40
37 41
37 43
37 45
37 46
37 47
37 49
37 50
37 51
37 53
37 54
37 55
37 56
37 57
37 58
37 61
37 64
37 65
37 66
37 68
37 69
37 70
37 71
37 73
37 74
37 75
37 78
37 81
37 83
37 84
37 85
37 87
37 88
37 89
37 90
37 91
37 92
37 93
37 94
37 97
37 98
37 99
38 1
38 3
38 5
38 6
38 7
38 8
38 9
38 11
38 13
38 14
38 15
38 16
38 17
38 18
38 19
38 20
38 22
38 25
38 26
38 32
38 33
38 35
38 36
38 39
38 40
38 41
38 42
38 43
38 45
38 47
38 49
38 51
38 52
38 55
38 57
38 60
38 64
38 65
38 67
38 68
38 72
38 74
38 75
38 77
38 79
38 83
38 86
38 87
38 90
38 91
38 92
38 97
38 98
39 1
39 2
39 4
39 9
39 11
39 14
39 17
39 18
39 23
39 24
39 25
39 26
39 29
39 33
39 38
39 43
39 44
39 48
39 51
39 53
39 55
39 57
39 61
39 62
39 63
39 67
39 70
39 71
39 72
39 74
39 75
39 76
39 79
39 80
39 81
39 82
39 83
39 86
39 87
39 88
39 89
39 92
39 93
39 95
39 96
39 97
39 99
39 100
40 1
40 2
40 5
40 6
40 7
40 8
40 10
40 11
40 13
40 15
40 16
40 18
40 19
40 21
40 25
40 26
40 28
40 29
40 31
40 34
40 35
40 36
40 37
40 38
40 43
40 44
40 45
40 46
40 48
40 50
40 55
40 58
40 59
40 60
40 61
40 62
40 64
40 65
40 66
40 68
40 69
40 72
40 73
40 74
40 77
40 78
40 82
40 83
40 84
40 85
40 86
40 88
40 89
40 90
40 91
40 92
40 93
40 95
40 96
40 97
40 99
40 100
41 1
41 2
41 3
41 4
41 6
41 8
41 10
41 11
41 12
41 13
41 14
41 15
41 16
41 17
41 21
41 23
41 24
41 25
41 26
41 30
41 31
41 32
41 35
41 37
41 38
41 42
41 43
41 45
41 47
41 48
41 49
41 52
41 54
41 55
41 56
41 58
41 61
41 63
41 64
41 66
41 68
41 71
41 72
41 75
41 77
41 81
41 82
41 84
41 85
41 86
41 87
41 91
41 94
41 97
41 99
41 100
42 2
42 3
42 4
42 5
42 6
42 7
42 8
42 9
42 11
42 13
42 14
42 18
42 21
42 22
42 24
42 27
42 28
42 29
42 30
42 35
42 36
42 38
42 41
42 43
42 44
42 45
42 46
42 47
42 49
42 53
42 54
42 56
42 57
42 58
42 59
42 60
42 61
42 62
42 65
42 66
42 67
42 68
42 71
42 77
42 81
42 82
42 84
42 85
42 86
42 87
42 90
42 91
42 92
42 93
42 94
42 95
42 96
42 97
42 98
43 1
43 2
43 3
43 4
43 5
43 10
43 11
43 12
43 13
43 16
43 17
43 18
43 20
43 23
43 24
43 25
43 26
43 28
43 29
43 30
43 31
43 34
43 35
43 36
43 37
43 38
43 39
43 40
43 41
43 42
43 44
43 45
43 46
43 48
43 49
43 50
43 53
43 54
43 55
43 58
43 59
43 61
43 62
43 63
43 66
43 67
43 69
43 70
43 71
43 73
43 74
43 75
43 77
43 78
43 79
43 80
43 81
43 83
43 84
43 85
43 88
43 89
43 90
43 91
43 92
43 93
43 95
43 97
43 100
44 1
44 2
44 3
44 4
44 5
44 7
44 9
44 12
44 13
44 14
44 17
44 24
44 26
44 27
44 28
44 35
44 36
44 39
44 40
44 42
44 43
44 45
44 46
44 47
44 50
44 51
44 52
44 54
44 55
44 56
44 57
44 59
44 60
44 62
44 66
44 67
44 69
44 70
44 71
44 73
44 74
44 75
44 76
44 78
44 79
44 81
44 84
44 85
44 86
44 87
44 88
44 91
44 93
44 94
44 99
45 1
45 5
45 6
45 7
45 8
45 10
45 11
45 12
45 13
45 15
45 16
45 17
45 18
45 19
45 21
45 22
45 24
45 25
45 27
45 28
45 29
45 31
45 32
45 33
45 34
45 37
45 38
45 40
45 41
45 42
45 43
45 44
45 47
45 50
45 51
45 52
45 53
45 55
45 56
45 59
45 60
45 61
45 62
45 65
45 68
45 69
45 70
45 71
45 73
45 74
45 76
45 77
45 78
45 79
45 81
45 82
45 83
45 84
45 85
45 86
45 91
45 92
45 93
45 94
45 97
45 100
46 1
46 5
46 6
46 7
46 10
46 13
46 14
46 15
46 17
46 19
46 22
46 24
46 25
46 26
46 27
46 28
46 29
46 33
46 34
46 35
46 37
46 40
46 42
46 43
46 44
46 47
46 49
46 50
46 51
46 52
46 53
46 54
46 56
46 61
46 62
46 65
46 66
46 67
46 68
46 70
46 72
46 75
46 76
46 78
46 84
46 87
46 88
46 90
46 91
46 93
46 94
46 95
46 96
46 98
46 99
46 100
47 4
47 5
47 6
47 7
47 12
47 13
47 14
47 15
47 16
47 17
47 18
47 19
47 20
47 21
47 22
47 23
47 24
47 25
47 26
47 27
47 28
47 29
47 33
47 34
47 36
47 37
47 38
47 41
47 42
47 44
47 45
47 46
47 48
47 49
47 50
47 51
47 52
47 53
47 54
47 55
47 56
47 57
47 58
47 59
47 60
47 61
47 62
47 63
47 64
47 66
47 67
47 68
47 69
47 71
47 72
47 74
47 75
47 77
47 79
47 81
47 83
47 84
47 85
47 87
47 88
47 89
47 90
47 93
47 96
47 97
47 98
47 99
47 100
48 1
48 2
48 3
48 4
48 5
48 6
48 8
48 9
48 12
48 14
48 16
48 18
48 20
48 22
48 23
48 26
48 27
48 29
48 30
48 31
48 32
48 34
48 35
48 36
48 39
48 40
48 41
48 43
48 47
48 49
48 50
48 51
48 52
48 53
48 54
48 55
48 56
48 57
48 60
48 61
48 63
48 64
48 65
48 66
48 67
48 68
48 69
48 70
48 73
48 74
48 75
48 77
48 78
48 79
48 80
48 81
48 82
48 84
48 87
48 89
48 92
48 93
48 95
48 97
48 99
48 100
49 1
49 2
49 3
49 4
49 5
49 7
49 8
49 11
49 12
49 13
49 16
49 18
49 19
49 21
49 23
49 26
49 27
49 28
49 31
49 36
49 37
49 38
49 41
49 42
49 43
49 46
49 47
49 48
49 54
49 55
49 56
49 57
49 58
49 59
49 63
49 65
49 66
49 67
49 68
49 74
49 76
49 77
49 80
49 82
49 83
49 84
49 85
49 86
49 87
49 89
49 90
49 91
49 92
49 94
49 95
49 96
49 97
49 100
50 1
50 2
50 3
50 4
50 6
50 8
50 10
50 11
50 13
50 14
50 15
50 17
50 19
50 20
50 22
50 23
50 24
50 25
50 26
50 28
50 30
50 32
50 33
50 36
50 37
50 40
50 43
50 44
50 45
50 46
50 47
50 48
50 51
50 52
50 53
50 54
50 57
50 58
50 62
50 64
50 65
50 66
50 68
50 72
50 75
50 77
50 78
50 79
50 80
50 82
50 83
50 85
50 86
50 89
50 90
50 91
50 93
50 94
50 95
50 96
50 98
50 100
51 2
51 4
51 6
51 7
51 8
51 9
51 13
51 15
51 18
51 23
51 25
51 28
51 29
51 31
51 33
51 34
51 35
51 36
51 37
51 38
51 39
51 44
51 45
51 46
51 47
51 48
51 50
51 52
51 54
51 55
51 56
51 57
51 60
51 61
51 62
51 63
51 64
51 66
51 67
51 69
51 71
51 74
51 78
51 79
51 80
51 85
51 88
51 89
51 90
51 91
51 92
51 93
51 98
52 1
52 2
52 3
52 4
52 5
52 6
52 7
52 8
52 10
52 13
52 14
52 16
52 17
52 18
52 19
52 20
52 23
52 24
52 25
52 26
52 28
52 29
52 31
52 33
52 34
52 35
52 36
52 38
52 41
52 44
52 45
52 46
52 47
52 48
52 50
52 51
52 53
52 54
52 55
52 57
52 58
52 59
52 60
52 61
52 62
52 65
52 69
52 72
52 77
52 80
52 84
52 86
52 87
52 88
52 92
52 93
52 99
52 100
53 4
53 5
53 8
53 9
53 11
53 12
53 13
53 14
53 15
53 16
53 17
53 18
53 19
53 26
53 28
53 30
53 32
53 33
53 34
53 35
53 36
53 37
53 39
53 42
53 43
53 45
53 46
53 47
53 48
53 50
53 52
53 57
53 58
53 59
53 60
53 61
53 62
53 63
53 64
53 65
53 67
53 71
53 73
53 74
53 77
53 78
53 79
53 80
53 81
53 84
53 86
53 87
53 88
53 89
53 91
53 92
53 93
53 99
54 3
54 7
54 8
54 9
54 10
54 12
54 15
54 17
54 19
54 23
54 24
54 25
54 27
54 29
54 31
54 33
54 34
54 36
54 37
54 41
54 42
54 43
54 44
54 46
54 47
54 48
54 49
54 50
54 51
54 52
54 56
54 59
54 60
54 62
54 63
54 64
54 66
54 73
54 74
54 75
54 77
54 78
54 79
54 80
54 81
54 82
54 83
54 84
54 85
54 86
54 87
54 95
54 97
54 98
54 100
55 1
55 3
55 6
55 8
55 10
55 11
55 12
55 13
55 14
55 15
55 17
55 18
55 20
55 21
55 23
55 24
55 26
55 27
55 28
55 29
55 31
55 34
55 36
55 37
55 38
55 39
55 40
55 41
55 43
55 44
55 45
55 47
55 48
55 49
55 51
55 52
55 57
55 58
55 59
55 61
55 62
55 63
55 64
55 65
55 66
55 67
55 68
55 69
55 70
55 71
55 72
55 73
55 74
55 75
55 77
55 78
55 79
55 81
55 83
55 84
55 87
55 89
55 91
55 97
55 98
55 100
56 1
56 2
56 3
56 4
56 5
56 6
56 9
56 10
56 12
56 14
56 17
56 18
56 19
56 20
56 21
56 24
56 25
56 26
56 28
56 29
56 30
56 31
56 33
56 35
56 36
56 37
56 41
56 42
56 44
56 45
56 46
56 47
56 48
56 49
56 51
56 54
56 57
56 58
56 60
56 61
56 62
56 65
56 67
56 69
56 71
56 73
56 74
56 75
56 76
56 77
56 80
56 81
56 82
56 83
56 84
56 86
56 87
56 88
56 89
56 90
56 92
56 93
56 95
56 96
56 97
56 99
56 100
57 1
57 2
57 5
57 7
57 9
57 11
57 12
57 13
57 14
57 15
57 16
57 18
57 19
57 20
57 21
57 24
57 27
57 28
57 30
57 34
57 36
57 37
57 38
57 39
57 42
57 44
57 47
57 48
57 49
57 50
57 51
57 52
57 53
57 55
57 56
57 58
57 60
57 61
57 62
57 63
57 64
57 66
57 69
57 71
57 73
57 75
57 76
57 77
57 78
57 79
57 80
57 81
57 82
57 83
57 85
57 86
57 90
57 92
57 93
57 94
57 97
57 98
57 99
57 100
58 2
58 4
58 6
58 8
58 9
58 10
58 11
58 13
58 14
58 16
58 17
58 18
58 23
58 27
58 29
58 30
58 35
58 36
58 37
58 40
58 41
58 42
58 43
58 47
58 49
58 50
58 52
58 53
58 55
58 56
58 57
58 59
58 61
58 62
58 64
58 65
58 66
58 67
58 68
58 71
58 73
58 80
58 81
58 84
58 85
58 87
58 89
58 91
58 93
58 94
58 95
58 98
58 100
59 3
59 4
59 5
59 6
59 8
59 10
59 15
59 17
59 22
59 23
59 26
59 28
59 29
59 31
59 32
59 33
59 35
59 36
59 40
59 42
59 43
59 44
59 45
59 47
59 49
59 52
59 53
59 54
59 55
59 58
59 60
59 62
59 63
59 65
59 66
59 68
59 69
59 70
59 71
59 72
59 73
59 74
59 75
59 77
59 78
59 79
59 80
59 81
59 82
59 83
59 86
59 87
59 88
59 90
59 93
59 94
59 95
59 96
59 98
59 99
59 100
60 1
60 2
60 3
60 6
60 9
60 11
60 16
60 17
60 18
60 19
60 20
60 21
60 24
60 25
60 26
60 28
60 29
60 30
60 33
60 36
60 38
60 40
60 42
60 44
60 45
60 47
60 48
60 51
60 52
60 53
60 54
60 56
60 57
60 59
60 62
60 64
60 65
60 67
60 69
60 70
60 72
60 78
60 79
60 82
60 85
60 88
60 91
60 92
60 93
60 95
60 97
60 99
61 1
61 2
61 3
61 5
61 7
61 8
61 9
61 10
61 11
61 12
61 13
61 14
61 15
61 16
61 18
61 19
61 20
61 21
61 24
61 28
61 29
61 30
61 31
61 35
61 36
61 37
61 39
61 40
61 41
61 42
61 43
61 45
61 46
61 47
61 48
61 51
61 52
61 53
61 55
61 56
61 57
61 58
61 62
61 64
61 65
61 66
61 70
61 71
61 72
61 73
61 76
61 77
61 79
61 80
61 81
61 82
61 84
61 85
61 86
61 87
61 88
61 89
61 90
61 91
61 92
61 93
61 95
61 96
61 99
61 100
62 3
62 4
62 5
62 7
62 9
62 13
62 14
62 15
62 16
62 18
62 19
62 22
62 23
62 24
62 26
62 27
62 29
62 30
62 31
62 32
62 33
62 35
62 36
62 39
62 40
62 42
62 43
62 44
62 45
62 46
62 47
62 50
62 51
62 52
62 53
62 54
62 55
62 56
62 57
62 58
62 59
62 60
62 61
62 64
62 65
62 67
62 69
62 70
62 71
62 72
62 74
62 76
62 77
62 81
62 82
62 83
62 86
62 88
62 91
62 92
62 95
62 97
62 98
62 99
62 100
63 2
63 3
63 5
63 6
63 8
63 9
63 11
63 12
63 14
63 16
63 17
63 20
63 21
63 22
63 23
63 24
63 26
63 27
63 29
63 30
63 31
63 32
63 33
63 34
63 39
63 41
63 43
63 47
63 48
63 49
63 51
63 53
63 54
63 55
63 57
63 59
63 64
63 65
63 66
63 68
63 70
63 71
63 72
63 73
63 74
63 76
63 77
63 78
63 79
63 80
63 81
63 82
63 83
63 84
63 85
63 86
63 87
63 88
63 89
63 90
63 91
63 92
63 93
63 96
63 97
63 98
63 99
63 100
64 1
64 2
64 3
64 4
64 5
64 10
64 11
64 12
64 13
64 14
64 16
64 17
64 18
64 19
64 20
64 21
64 22
64 23
64 26
64 27
64 31
64 32
64 33
64 34
64 35
64 36
64 37
64 38
64 40
64 41
64 47
64 48
64 50
64 51
64 53
64 54
64 55
64 57
64 58
64 60
64 61
64 62
64 63
64 65
64 66
64 70
64 71
64 72
64 73
64 76
64 77
64 78
64 80
64 81
64 82
64 84
64 86
64 87
64 92
64 94
64 95
64 96
64 97
64 99
65 1
65 2
65 3
65 5
65 6
65 8
65 9
65 11
65 13
65 15
65 16
65 20
65 24
65 27
65 29
65 30
65 31
65 32
65 34
65 35
65 36
65 37
65 38
65 40
65 42
65 45
65 46
65 48
65 49
65 50
65 52
65 53
65 55
65 56
65 58
65 59
65 60
65 61
65 62
65 63
65 64
65 67
65 68
65 69
65 71
65 73
65 74
65 76
65 77
65 78
65 80
65 87
65 89
65 91
65 93
65 96
65 99
65 100
66 2
66 4
66 5
66 8
66 9
66 10
66 12
66 16
66 17
66 18
66 19
66 20
66 22
66 23
66 24
66 25
66 26
66 27
66 28
66 29
66 30
66 31
66 32
66 33
66 35
66 37
66 40
66 41
66 42
66 43
66 44
66 46
66 47
66 48
66 49
66 50
66 51
66 54
66 55
66 57
66 58
66 59
66 61
66 63
66 64
66 68
66 70
66 71
66 72
66 74
66 78
66 80
66 83
66 84
66 85
66 87
66 89
66 90
66 91
66 92
66 93
66 94
66 95
66 96
66 98
66 100
67 1
67 2
67 5
67 7
67 10
67 19
67 21
67 24
67 25
67 27
67 30
67 31
67 32
67 34
67 35
67 36
67 38
67 39
67 42
67 43
67 44
67 46
67 47
67 48
67 49
67 51
67 53
67 55
67 56
67 58
67 60
67 62
67 65
67 69
67 70
67 71
67 72
67 73
67 77
67 78
67 79
67 80
67 83
67 84
67 86
67 89
67 90
67 92
67 93
67 94
67 98
68 1
68 3
68 5
68 7
68 8
68 10
68 14
68 16
68 17
68 18
68 19
68 21
68 22
68 23
68 25
68 26
68 27
68 28
68 29
68 30
68 31
68 34
68 35
68 37
68 38
68 40
68 41
68 42
68 45
68 46
68 47
68 48
68 49
68 50
68 55
68 58
68 59
68 63
68 65
68 66
68 69
68 71
68 75
68 78
68 79
68 81
68 85
68 87
68 88
68 89
68 90
68 96
68 97
68 99
68 100
69 1
69 3
69 5
69 7
69 8
69 10
69 12
69 14
69 15
69 16
69 17
69 18
69 19
69 24
69 26
69 27
69 29
69 30
69 31
69 32
69 33
69 34
69 35
69 37
69 40
69 43
69 44
69 45
69 47
69 48
69 51
69 52
69 55
69 56
69 57
69 59
69 60
69 62
69 65
69 67
69 68
69 72
69 74
69 75
69 77
69 78
69 79
69 80
69 81
69 82
69 83
69 84
69 86
69 87
69 88
69 89
69 98
69 99
70 2
70 3
70 4
70 7
70 8
70 9
70 10
70 13
70 14
70 15
70 16
70 17
70 18
70 20
70 23
70 24
70 25
70 27
70 30
70 32
70 34
70 36
70 37
70 39
70 43
70 44
70 45
70 46
70 48
70 55
70 59
70 60
70 61
70 62
70 63
70 64
70 66
70 67
70 71
70 72
70 73
70 74
70 76
70 77
70 78
70 79
70 81
70 82
70 85
70 86
70 87
70 90
70 92
70 93
70 94
70 97
70 98
71 1
71 2
71 3
71 4
71 5
71 8
71 9
71 11
71 12
71 13
71 15
71 16
71 17
71 19
71 20
71 22
71 23
71 24
71 25
71 27
71 29
71 30
71 31
71 32
71 33
71 34
71 36
71 37
71 39
71 41
71 42
71 43
71 44
71 45
71 47
71 51
71 53
71 55
71 56
71 57
71 58
71 59
71 61
71 62
71 63
71 64
71 65
71 66
71 67
71 68
71 70
71 72
71 73
71 74
71 75
71 76
71 78
71 79
71 80
71 81
71 86
71 87
71 88
71 90
71 91
71 92
71 93
71 96
71 97
71 98
71 100
72 1
72 3
72 4
72 7
72 9
72 10
72 11
72 12
72 18
72 19
72 20
72 22
72 23
72 25
72 28
72 30
72 31
72 32
72 34
72 36
72 38
72 39
72 40
72 41
72 46
72 47
72 50
72 52
72 55
72 59
72 60
72 61
72 62
72 63
72 64
72 66
72 67
72 69
72 70
72 71
72 73
72 75
72 76
72 77
72 78
72 80
72 81
72 86
72 88
72 89
72 90
72 95
72 98
73 1
73 3
73 4
73 5
73 6
73 7
73 12
73 13
73 15
73 16
73 17
73 18
73 20
73 21
73 22
73 23
73 24
73 26
73 28
73 31
73 32
73 34
73 37
73 40
73 43
73 44
73 45
73 48
73 53
73 54
73 55
73 56
73 57
73 58
73 59
73 61
73 63
73 64
73 65
73 67
73 70
73 71
73 72
73 74
73 75
73 77
73 80
73 81
73 82
73 83
73 85
73 87
73 88
73 91
73 94
73 96
73 97
73 98
73 99
74 2
74 3
74 4
74 7
74 9
74 10
74 11
74 13
74 14
74 15
74 18
74 20
74 22
74 23
74 24
74 26
74 27
74 29
74 30
74 33
74 34
74 36
74 37
74 38
74 39
74 40
74 43
74 44
74 45
74 47
74 48
74 49
74 51
74 53
74 54
74 55
74 56
74 59
74 62
74 63
74 65
74 66
74 69
74 70
74 71
74 73
74 76
74 77
74 78
74 79
74 80
74 81
74 82
74 83
74 85
74 87
74 90
74 91
74 92
74 95
74 99
74 100
75 2
75 3
75 5
75 6
75 8
75 12
75 14
75 15
75 16
75 17
75 19
75 20
75 21
75 23
75 24
75 25
75 26
75 27
75 28
75 29
75 32
75 34
75 36
75 37
75 38
75 39
75 41
75 43
75 44
75 46
75 47
75 48
75 50
75 54
75 55
75 56
75 57
75 59
75 68
75 69
75 71
75 72
75 73
75 77
75 78
75 79
75 82
75 83
75 84
75 86
75 88
75 90
75 91
75 93
75 94
75 96
75 97
75 99
75 100
76 1
76 4
76 7
76 8
76 9
76 10
76 11
76 12
76 15
76 16
76 19
76 21
76 22
76 23
76 24
76 25
76 26
76 27
76 28
76 29
76 30
76 31
76 33
76 34
76 39
76 44
76 45
76 46
76 49
76 56
76 57
76 61
76 62
76 63
76 64
76 65
76 70
76 71
76 72
76 74
76 78
76 82
76 83
76 84
76 85
76 87
76 88
76 89
76 90
76 93
76 94
76 95
76 96
76 97
76 98
76 99
76 100
77 1
77 4
77 6
77 7
77 8
77 9
77 10
77 13
77 14
77 15
77 18
77 19
77 20
77 21
77 22
77 25
77 27
77 28
77 29
77 30
77 31
77 34
77 35
77 36
77 38
77 40
77 41
77 42
77 43
77 45
77 47
77 48
77 49
77 50
77 52
77 53
77 54
77 55
77 56
77 57
77 59
77 61
77 62
77 63
77 64
77 65
77 67
77 69
77 70
77 72
77 73
77 74
77 75
77 80
77 82
77 83
77 85
77 87
77 88
77 89
77 90
77 91
77 93
77 99
77 100
78 2
78 4
78 5
78 7
78 8
78 9
78 10
78 11
78 13
78 15
78 16
78 17
78 19
78 20
78 22
78 24
78 27
78 28
78 29
78 30
78 31
78 32
78 34
78 37
78 40
78 43
78 44
78 45
78 46
78 48
78 50
78 51
78 53
78 54
78 55
78 57
78 59
78 60
78 63
78 64
78 65
78 66
78 67
78 68
78 69
78 70
78 71
78 72
78 74
78 75
78 76
78 81
78 82
78 84
78 87
78 88
78 89
78 92
78 93
78 95
78 97
78 98
78 100
79 1
79 2
79 3
79 4
79 5
79 11
79 12
79 17
79 18
79 19
79 21
79 22
79 23
79 24
79 25
79 27
79 28
79 31
79 32
79 33
79 36
79 38
79 39
79 43
79 44
79 45
79 47
79 48
79 50
79 51
79 53
79 54
79 55
79 57
79 59
79 60
79 61
79 63
79 67
79 68
79 69
79 70
79 71
79 74
79 75
79 80
79 81
79 84
79 88
79 89
79 91
79 93
79 95
79 96
79 97
79 98
79 99
79 100
80 1
80 4
80 5
80 6
80 8
80 10
80 11
80 15
80 16
80 20
80 22
80 25
80 28
80 30
80 31
80 33
80 36
80 39
80 43
80 48
80 49
80 50
80 51
80 52
80 53
80 54
80 56
80 57
80 58
80 59
80 61
80 63
80 64
80 65
80 66
80 67
80 69
80 71
80 72
80 73
80 74
80 77
80 79
80 81
80 83
80 84
80 85
80 86
80 87
80 89
80 90
80 92
80 93
80 94
80 95
80 96
80 97
80 99
81 1
81 2
81 3
81 4
81 5
81 6
81 8
81 9
81 11
81 14
81 16
81 19
81 20
81 21
81 23
81 26
81 28
81 29
81 30
81 33
81 36
81 37
81 39
81 41
81 42
81 43
81 44
81 45
81 47
81 48
81 53
81 54
81 55
81 56
81 57
81 58
81 59
81 61
81 62
81 63
81 64
81 68
81 69
81 70
81 71
81 72
81 73
81 74
81 78
81 79
81 80
81 83
81 84
81 85
81 87
81 88
81 89
81 90
81 91
81 93
81 95
81 98
81 99
81 100
82 2
82 3
82 4
82 6
82 8
82 10
82 12
82 15
82 16
82 17
82 19
82 22
82 23
82 24
82 25
82 26
82 27
82 28
82 30
82 32
82 33
82 34
82 35
82 36
82 39
82 40
82 41
82 42
82 45
82 48
82 49
82 50
82 54
82 56
82 57
82 59
82 60
82 61
82 62
82 63
82 64
82 69
82 70
82 73
82 74
82 75
82 76
82 77
82 78
82 83
82 84
82 85
82 86
82 87
82 88
82 90
82 91
82 92
82 93
82 95
82 98
83 2
83 4
83 5
83 6
83 8
83 9
83 10
83 11
83 12
83 13
83 14
83 16
83 17
83 19
83 21
83 22
83 25
83 27
83 29
83 31
83 33
83 37
83 38
83 39
83 40
83 43
83 45
83 47
83 49
83 50
83 54
83 55
83 56
83 57
83 59
83 62
83 63
83 66
83 67
83 69
83 73
83 74
83 75
83 76
83 77
83 80
83 81
83 82
83 84
83 86
83 87
83 88
83 89
83 90
83 91
83 92
83 95
83 96
83 97
83 98
83 99
83 100
84 2
84 3
84 4
84 5
84 7
84 8
84 9
84 11
84 12
84 13
84 14
84 15
84 16
84 18
84 20
84 21
84 22
84 23
84 25
84 27
84 29
84 30
84 32
84 33
84 34
84 37
84 40
84 41
84 42
84 43
84 44
84 45
84 46
84 47
84 48
84 49
84 52
84 53
84 54
84 55
84 56
84 58
84 61
84 63
84 64
84 66
84 67
84 69
84 75
84 76
84 78
84 79
84 80
84 81
84 82
84 83
84 86
84 87
84 88
84 89
84 93
84 94
84 95
84 96
84 97
84 99
85 3
85 4
85 6
85 7
85 8
85 10
85 11
85 13
85 14
85 15
85 16
85 17
85 21
85 22
85 24
85 26
85 28
85 29
85 30
85 31
85 34
85 35
85 36
85 37
85 40
85 41
85 42
85 43
85 44
85 45
85 47
85 49
85 50
85 51
85 54
85 57
85 58
85 60
85 61
85 63
85 66
85 68
85 70
85 73
85 74
85 76
85 77
85 80
85 81
85 82
85 86
85 87
85 89
85 90
85 91
85 92
85 95
85 96
85 97
85 98
85 99
85 100
86 2
86 3
86 5
86 6
86 8
86 10
86 11
86 12
86 15
86 16
86 17
86 18
86 19
86 20
86 21
86 26
86 27
86 28
86 29
86 31
86 32
86 33
86 34
86 36
86 38
86 39
86 40
86 41
86 42
86 44
86 45
86 49
86 50
86 52
86 53
86 54
86 56
86 57
86 59
86 61
86 62
86 63
86 64
86 67
86 69
86 70
86 71
86 72
86 75
86 80
86 82
86 83
86 84
86 85
86 87
86 89
86 92
86 93
86 94
86 96
86 97
86 98
87 1
87 4
87 5
87 6
87 7
87 9
87 12
87 13
87 15
87 18
87 19
87 20
87 21
87 24
87 25
87 28
87 29
87 30
87 32
87 34
87 35
87 36
87 37
87 38
87 39
87 41
87 42
87 44
87 46
87 47
87 48
87 49
87 52
87 53
87 54
87 55
87 56
87 58
87 59
87 61
87 63
87 64
87 65
87 66
87 68
87 69
87 70
87 71
87 73
87 74
87 76
87 77
87 78
87 80
87 81
87 82
87 83
87 84
87 85
87 86
87 89
87 90
87 91
87 93
87 96
87 98
87 99
87 100
88 1
88 3
88 5
88 7
88 8
88 10
88 11
88 13
88 14
88 15
88 18
88 21
88 23
88 24
88 25
88 26
88 27
88 28
88 29
88 30
88 31
88 37
88 39
88 40
88 43
88 44
88 46
88 47
88 51
88 52
88 53
88 56
88 59
88 60
88 61
88 62
88 63
88 68
88 69
88 71
88 72
88 73
88 75
88 76
88 77
88 78
88 79
88 81
88 82
88 83
88 84
88 89
88 92
88 94
88 95
88 96
88 99
89 1
89 4
89 8
89 9
89 10
89 12
89 13
89 14
89 15
89 17
89 20
89 23
89 24
89 25
89 27
89 28
89 29
89 31
89 32
89 33
89 37
89 39
89 40
89 43
89 47
89 48
89 49
89 50
89 51
89 53
89 55
89 56
89 58
89 61
89 63
89 65
89 66
89 67
89 68
89 69
89 72
89 76
89 77
89 78
89 79
89 80
89 81
89 83
89 84
89 85
89 86
89 87
89 88
89 90
89 91
89 94
89 95
89 97
89 98
90 1
90 4
90 5
90 7
90 8
90 9
90 16
90 17
90 18
90 19
90 20
90 23
90 26
90 28
90 32
90 36
90 37
90 38
90 40
90 42
90 43
90 46
90 47
90 49
90 50
90 51
90 56
90 57
90 59
90 61
90 63
90 66
90 67
90 68
90 70
90 71
90 72
90 74
90 75
90 76
90 77
90 80
90 81
90 82
90 83
90 85
90 87
90 89
90 92
90 93
90 94
90 96
90 98
90 99
90 100
91 3
91 4
91 6
91 12
91 13
91 14
91 16
91 17
91 18
91 20
91 21
91 23
91 24
91 26
91 27
91 29
91 30
91 31
91 32
91 33
91 36
91 37
91 38
91 40
91 41
91 42
91 43
91 44
91 45
91 46
91 49
91 50
91 51
91 53
91 55
91 58
91 60
91 61
91 62
91 63
91 65
91 66
91 71
91 73
91 74
91 75
91 77
91 79
91 81
91 82
91 83
91 85
91 87
91 89
91 92
91 94
91 95
91 97
91 98
91 100
92 1
92 2
92 10
92 11
92 12
92 13
92 16
92 19
92 20
92 22
92 23
92 28
92 30
92 31
92 32
92 35
92 36
92 37
92 38
92 39
92 40
92 42
92 43
92 45
92 48
92 49
92 51
92 52
92 53
92 56
92 57
92 60
92 61
92 62
92 63
92 64
92 66
92 67
92 70
92 71
92 74
92 78
92 80
92 82
92 83
92 85
92 86
92 88
92 90
92 91
92 94
92 95
92 96
92 98
92 99
93 4
93 6
93 10
93 11
93 12
93 14
93 15
93 16
93 17
93 18
93 19
93 20
93 23
93 24
93 25
93 29
93 31
93 32
93 33
93 34
93 35
93 37
93 39
93 40
93 42
93 43
93 44
93 45
93 46
93 47
93 48
93 50
93 51
93 52
93 53
93 56
93 57
93 58
93 59
93 60
93 61
93 63
93 65
93 66
93 67
93 70
93 71
93 75
93 76
93 77
93 78
93 79
93 80
93 81
93 82
93 84
93 86
93 87
93 90
93 97
93 99
94 1
94 3
94 4
94 8
94 9
94 10
94 11
94 13
94 15
94 16
94 18
94 19
94 20
94 22
94 23
94 24
94 27
94 28
94 29
94 32
94 33
94 36
94 37
94 41
94 42
94 44
94 45
94 46
94 49
94 50
94 57
94 58
94 59
94 64
94 66
94 67
94 70
94 73
94 75
94 76
94 80
94 84
94 86
94 88
94 89
94 90
94 91
94 92
94 95
94 96
94 97
94 98
95 1
95 3
95 4
95 5
95 6
95 7
95 9
95 12
95 14
95 15
95 16
95 17
95 18
95 19
95 20
95 22
95 23
95 25
95 26
95 27
95 28
95 30
95 34
95 39
95 40
95 42
95 43
95 46
95 48
95 49
95 50
95 54
95 56
95 58
95 59
95 60
95 61
95 62
95 64
95 66
95 72
95 74
95 76
95 78
95 79
95 80
95 81
95 82
95 83
95 84
95 85
95 88
95 89
95 91
95 92
95 94
95 96
95 97
95 98
95 100
96 1
96 3
96 4
96 5
96 7
96 8
96 11
96 13
96 16
96 20
96 21
96 22
96 25
96 27
96 31
96 32
96 33
96 34
96 35
96 39
96 40
96 42
96 46
96 47
96 49
96 50
96 56
96 59
96 61
96 63
96 64
96 65
96 66
96 68
96 71
96 73
96 75
96 76
96 79
96 80
96 83
96 84
96 85
96 86
96 87
96 88
96 90
96 92
96 94
96 95
96 97
96 100
97 4
97 5
97 7
97 8
97 9
97 11
97 13
97 17
97 18
97 19
97 20
97 21
97 22
97 23
97 24
97 26
97 27
97 28
97 30
97 31
97 32
97 34
97 35
97 36
97 37
97 38
97 39
97 40
97 41
97 42
97 43
97 45
97 47
97 48
97 49
97 54
97 55
97 56
97 57
97 60
97 62
97 63
97 64
97 68
97 70
97 71
97 73
97 75
97 76
97 78
97 79
97 80
97 83
97 84
97 85
97 86
97 89
97 91
97 93
97 94
97 95
97 96
97 98
97 100
98 3
98 4
98 5
98 7
98 8
98 9
98 11
98 13
98 15
98 16
98 17
98 20
98 21
98 29
98 30
98 32
98 34
98 36
98 37
98 38
98 42
98 46
98 47
98 50
98 51
98 54
98 55
98 57
98 58
98 59
98 62
98 63
98 66
98 67
98 69
98 70
98 71
98 72
98 73
98 76
98 78
98 79
98 81
98 82
98 83
98 85
98 86
98 87
98 89
98 90
98 91
98 92
98 94
98 95
98 97
98 100
99 1
99 2
99 3
99 4
99 6
99 7
99 8
99 9
99 10
99 11
99 12
99 13
99 16
99 18
99 19
99 20
99 21
99 23
99 24
99 25
99 26
99 27
99 28
99 29
99 31
99 33
99 34
99 35
99 37
99 39
99 40
99 41
99 44
99 46
99 47
99 48
99 52
99 53
99 56
99 57
99 59
99 60
99 61
99 62
99 63
99 64
99 65
99 68
99 69
99 73
99 74
99 75
99 76
99 77
99 79
99 80
99 81
99 83
99 84
99 85
99 87
99 88
99 90
99 92
99 93
100 1
100 2
100 8
100 9
100 11
100 14
100 15
100 17
100 18
100 19
100 20
100 22
100 24
100 26
100 27
100 28
100 30
100 31
100 32
100 33
100 34
100 35
100 36
100 39
100 40
100 41
100 43
100 45
100 46
100 47
100 48
100 49
100 50
100 52
100 54
100 55
100 56
100 57
100 58
100 59
100 61
100 62
100 63
100 65
100 66
100 68
100 71
100 74
100 75
100 76
100 77
100 78
100 79
100 81
100 83
100 85
100 87
100 90
100 91
100 95
100 96
100 97
100 98
