100
1 2
1 3
1 4
1 5
1 6
1 7
1 8
1 9
1 10
1 11
1 13
1 15
1 16
1 17
1 20
1 21
1 24
1 25
1 29
1 32
1 34
1 38
1 43
1 44
1 47
1 51
1 52
1 54
1 56
1 58
1 59
1 60
1 61
1 62
1 63
1 64
1 66
1 67
1 68
1 70
1 71
1 72
1 73
1 74
1 75
1 76
1 77
1 78
1 81
1 82
1 83
1 85
1 87
1 88
1 89
1 91
1 93
1 94
1 95
1 96
1 99
1 100
2 1
2 3
2 4
2 5
2 6
2 7
2 8
2 9
2 11
2 12
2 13
2 16
2 18
2 19
2 20
2 23
2 26
2 28
2 29
2 30
2 31
2 32
2 33
2 34
2 36
2 38
2 39
2 40
2 41
2 42
2 44
2 46
2 49
2 51
2 52
2 53
2 55
2 57
2 58
2 62
2 63
2 65
2 66
2 67
2 69
2 70
2 71
2 72
2 73
2 74
2 75
2 78
2 79
2 81
2 83
2 85
2 87
2 89
2 90
2 93
2 96
2 97
2 99
2 100
3 1
3 2
3 7
3 9
3 10
3 11
3 13
3 14
3 15
3 17
3 19
3 20
3 23
3 24
3 25
3 26
3 30
3 33
3 36
3 37
3 38
3 44
3 46
3 48
3 49
3 52
3 53
3 54
3 56
3 59
3 63
3 68
3 69
3 71
3 75
3 77
3 78
3 80
3 82
3 84
3 85
3 88
3 90
3 91
3 92
3 93
3 94
3 95
3 97
3 99
3 100
4 1
4 2
4 5
4 7
4 8
4 9
4 11
4 12
4 13
4 14
4 15
4 17
4 18
4 20
4 23
4 24
4 25
4 26
4 27
4 28
4 30
4 31
4 37
4 38
4 39
4 40
4 41
4 44
4 47
4 49
4 50
4 53
4 54
4 56
4 60
4 62
4 64
4 65
4 67
4 68
4 69
4 70
4 74
4 81
4 83
4 84
4 86
4 87
4 89
4 90
4 92
4 93
4 94
4 95
4 97
4 98
4 99
4 100
5 1
5 2
5 4
5 6
5 8
5 10
5 11
5 12
5 13
5 14
5 15
5 16
5 17
5 18
5 22
5 24
5 25
5 26
5 27
5 28
5 30
5 31
5 32
5 33
5 35
5 36
5 37
5 39
5 41
5 43
5 46
5 47
5 49
5 50
5 52
5 53
5 55
5 56
5 57
5 58
5 59
5 62
5 66
5 67
5 69
5 71
5 72
5 73
5 74
5 76
5 77
5 78
5 79
5 80
5 84
5 85
5 86
5 87
5 93
5 100
6 1
6 2
6 5
6 7
6 8
6 11
6 14
6 15
6 16
6 21
6 22
6 24
6 26
6 28
6 30
6 31
6 32
6 33
6 36
6 37
6 40
6 41
6 43
6 44
6 48
6 53
6 56
6 58
6 59
6 60
6 61
6 62
6 65
6 66
6 70
6 71
6 72
6 73
6 74
6 78
6 79
6 80
6 83
6 85
6 87
6 90
6 91
6 92
6 94
6 98
6 100
7 1
7 2
7 3
7 4
7 6
7 8
7 9
7 10
7 11
7 12
7 13
7 14
7 22
7 23
7 24
7 27
7 28
7 32
7 34
7 35
7 36
7 39
7 41
7 43
7 44
7 45
7 46
7 47
7 48
7 50
7 51
7 53
7 55
7 56
7 57
7 59
7 60
7 61
7 62
7 63
7 71
7 74
7 75
7 76
7 79
7 82
7 83
7 86
7 87
7 88
7 90
7 91
7 92
7 93
7 94
7 98
7 100
8 1
8 2
8 4
8 5
8 6
8 7
8 10
8 11
8 12
8 14
8 15
8 18
8 19
8 20
8 22
8 24
8 27
8 29
8 30
8 32
8 34
8 35
8 36
8 38
8 39
8 40
8 41
8 42
8 43
8 47
8 48
8 50
8 52
8 55
8 56
8 57
8 58
8 60
8 61
8 62
8 63
8 64
8 66
8 67
8 68
8 69
8 70
8 72
8 74
8 75
8 79
8 82
8 83
8 86
8 87
8 89
8 90
8 91
8 92
8 95
8 98
8 99
9 1
9 2
9 3
9 4
9 7
9 10
9 12
9 14
9 15
9 16
9 17
9 18
9 21
9 24
9 27
9 28
9 29
9 30
9 31
9 32
9 34
9 36
9 37
9 38
9 41
9 43
9 44
9 45
9 46
9 47
9 48
9 49
9 50
9 51
9 52
9 53
9 55
9 57
9 58
9 61
9 62
9 64
9 65
9 67
9 68
9 69
9 71
9 72
9 74
9 75
9 78
9 81
9 82
9 85
9 88
9 89
9 95
9 96
9 97
9 98
10 1
10 3
10 5
10 7
10 8
10 9
10 11
10 12
10 17
10 19
10 20
10 21
10 23
10 24
10 26
10 29
10 31
10 33
10 34
10 38
10 40
10 41
10 43
10 44
10 45
10 48
10 49
10 50
10 51
10 53
10 54
10 56
10 57
10 58
10 62
10 64
10 66
10 72
10 73
10 74
10 75
10 77
10 78
10 79
10 80
10 81
10 82
10 84
10 85
10 86
10 88
10 89
10 90
10 93
10 94
10 95
10 97
10 98
10 99
10 100
11 1
11 2
11 3
11 4
11 5
11 6
11 7
11 8
11 10
11 14
11 15
11 20
11 21
11 22
11 24
11 25
11 26
11 27
11 28
11 29
11 30
11 32
11 33
11 38
11 39
11 40
11 41
11 42
11 43
11 44
11 45
11 47
11 48
11 50
11 52
11 54
11 55
11 56
11 58
11 60
11 64
11 66
11 67
11 68
11 69
11 72
11 74
11 75
11 76
11 77
11 78
11 80
11 81
11 86
11 88
11 91
11 95
11 96
11 97
11 98
11 99
12 2
12 4
12 5
12 7
12 8
12 9
12 10
12 16
12 17
12 18
12 19
12 20
12 21
12 22
12 23
12 24
12 26
12 27
12 30
12 34
12 35
12 36
12 37
12 39
12 40
12 44
12 45
12 46
12 47
12 48
12 49
12 51
12 52
12 53
12 55
12 56
12 60
12 61
12 63
12 64
12 66
12 68
12 69
12 70
12 71
12 72
12 73
12 75
12 79
12 82
12 84
12 86
12 88
12 89
12 92
12 94
12 95
12 97
12 98
12 99
12 100
13 1
13 2
13 3
13 4
13 5
13 7
13 14
13 16
13 17
13 18
13 20
13 22
13 25
13 31
13 32
13 34
13 35
13 36
13 37
13 39
13 40
13 41
13 42
13 43
13 44
13 45
13 46
13 47
13 48
13 49
13 50
13 51
13 54
13 55
13 56
13 57
13 58
13 59
13 60
13 62
13 63
13 68
13 69
13 72
13 73
13 74
13 77
13 78
13 81
13 83
13 84
13 86
13 87
13 88
13 89
13 90
13 92
13 93
13 96
13 97
13 98
13 100
14 3
14 4
14 5
14 6
14 7
14 8
14 9
14 11
14 13
14 16
14 18
14 19
14 21
14 22
14 23
14 24
14 25
14 27
14 31
14 33
14 34
14 35
14 38
14 40
14 41
14 42
14 44
14 45
14 47
14 49
14 52
14 54
14 60
14 61
14 62
14 63
14 64
14 65
14 67
14 68
14 69
14 72
14 73
14 74
14 75
14 76
14 82
14 83
14 84
14 85
14 86
14 87
14 88
14 92
14 93
14 95
14 97
14 99
15 1
15 3
15 4
15 5
15 6
15 8
15 9
15 11
15 19
15 20
15 22
15 25
15 26
15 27
15 29
15 30
15 31
15 32
15 33
15 34
15 35
15 36
15 37
15 38
15 39
15 40
15 42
15 44
15 48
15 49
15 53
15 55
15 59
15 60
15 61
15 62
15 63
15 64
15 65
15 66
15 67
15 70
15 71
15 72
15 73
15 75
15 76
15 78
15 79
15 80
15 81
15 82
15 84
15 85
15 86
15 87
15 88
15 89
15 90
15 91
15 93
15 94
15 95
15 96
15 97
15 98
15 99
15 100
16 1
16 2
16 5
16 6
16 9
16 12
16 13
16 14
16 20
16 21
16 22
16 23
16 25
16 32
16 34
16 36
16 40
16 41
16 42
16 43
16 47
16 48
16 49
16 52
16 53
16 54
16 57
16 58
16 59
16 61
16 62
16 63
16 66
16 67
16 68
16 69
16 70
16 71
16 72
16 74
16 75
16 76
16 77
16 78
16 79
16 80
16 83
16 84
16 85
16 86
16 87
16 90
16 91
16 92
16 93
16 95
16 97
16 99
17 1
17 3
17 4
17 5
17 9
17 10
17 12
17 13
17 18
17 19
17 20
17 21
17 23
17 24
17 27
17 28
17 30
17 31
17 33
17 34
17 35
17 36
17 39
17 40
17 41
17 43
17 44
17 45
17 46
17 47
17 51
17 52
17 56
17 58
17 59
17 60
17 61
17 63
17 65
17 68
17 70
17 72
17 73
17 74
17 75
17 77
17 81
17 82
17 84
17 86
17 89
17 90
17 91
17 92
17 94
17 96
17 97
18 2
18 4
18 5
18 8
18 9
18 12
18 13
18 14
18 17
18 20
18 24
18 25
18 26
18 27
18 33
18 34
18 36
18 37
18 40
18 41
18 42
18 43
18 46
18 47
18 50
18 52
18 53
18 54
18 56
18 57
18 58
18 62
18 66
18 67
18 68
18 69
18 71
18 78
18 79
18 81
18 82
18 86
18 88
18 89
18 90
18 91
18 93
18 94
18 96
18 99
18 100
19 2
19 3
19 8
19 10
19 12
19 14
19 15
19 17
19 20
19 21
19 29
19 30
19 31
19 33
19 35
19 37
19 38
19 39
19 40
19 43
19 44
19 45
19 48
19 50
19 51
19 52
19 54
19 55
19 57
19 58
19 60
19 62
19 65
19 66
19 67
19 68
19 71
19 72
19 75
19 77
19 78
19 79
19 80
19 81
19 82
19 83
19 84
19 85
19 87
19 88
19 90
19 91
19 92
19 94
19 95
19 99
19 100
20 1
20 2
20 3
20 4
20 8
20 10
20 11
20 12
20 13
20 15
20 16
20 17
20 18
20 19
20 21
20 26
20 31
20 33
20 34
20 35
20 36
20 37
20 38
20 40
20 44
20 46
20 47
20 48
20 49
20 51
20 54
20 55
20 57
20 58
20 59
20 61
20 62
20 66
20 75
20 76
20 77
20 78
20 80
20 82
20 83
20 86
20 87
20 88
20 89
20 91
20 93
20 97
20 98
20 100
21 1
21 6
21 9
21 10
21 11
21 12
21 14
21 16
21 17
21 19
21 20
21 25
21 26
21 27
21 29
21 32
21 33
21 34
21 36
21 37
21 38
21 39
21 40
21 43
21 45
21 48
21 49
21 53
21 55
21 56
21 57
21 58
21 59
21 61
21 62
21 63
21 64
21 65
21 66
21 68
21 71
21 73
21 74
21 76
21 77
21 78
21 79
21 80
21 81
21 83
21 84
21 85
21 86
21 87
21 88
21 89
21 90
21 93
21 94
21 95
21 96
21 97
21 98
21 100
22 5
22 6
22 7
22 8
22 11
22 12
22 13
22 14
22 15
22 16
22 24
22 25
22 26
22 29
22 36
22 37
22 39
22 42
22 43
22 46
22 47
22 48
22 50
22 51
22 52
22 53
22 54
22 56
22 57
22 58
22 59
22 60
22 61
22 64
22 65
22 66
22 67
22 69
22 70
22 72
22 73
22 76
22 77
22 78
22 79
22 80
22 81
22 83
22 86
22 87
22 89
22 90
22 93
22 94
22 95
22 96
22 97
22 100
23 2
23 3
23 4
23 7
23 10
23 12
23 14
23 16
23 17
23 24
23 25
23 27
23 31
23 32
23 33
23 34
23 37
23 38
23 40
23 41
23 44
23 47
23 50
23 51
23 54
23 56
23 58
23 59
23 60
23 62
23 63
23 65
23 66
23 68
23 73
23 75
23 76
23 78
23 79
23 80
23 81
23 82
23 83
23 85
23 86
23 88
23 90
23 91
23 92
23 93
23 95
23 96
23 97
23 98
23 100
24 1
24 3
24 4
24 5
24 6
24 7
24 8
24 9
24 10
24 11
24 12
24 14
24 17
24 18
24 22
24 23
24 25
24 28
24 29
24 31
24 32
24 34
24 37
24 40
24 42
24 43
24 44
24 46
24 47
24 50
24 57
24 58
24 59
24 60
24 61
24 62
24 63
24 64
24 65
24 66
24 68
24 70
24 71
24 72
24 73
24 74
24 78
24 80
24 81
24 82
24 85
24 86
24 87
24 88
24 93
24 94
24 95
24 96
24 97
24 99
24 100
25 1
25 3
25 4
25 5
25 11
25 13
25 14
25 15
25 16
25 18
25 21
25 22
25 23
25 24
25 28
25 32
25 34
25 35
25 39
25 40
25 42
25 43
25 45
25 46
25 47
25 48
25 50
25 51
25 53
25 54
25 56
25 57
25 60
25 61
25 63
25 64
25 66
25 69
25 73
25 74
25 77
25 78
25 79
25 80
25 81
25 82
25 83
25 84
25 85
25 86
25 87
25 89
25 90
25 91
25 92
25 93
25 94
25 95
25 96
25 98
25 99
26 2
26 3
26 4
26 5
26 6
26 10
26 11
26 12
26 15
26 18
26 20
26 21
26 22
26 27
26 29
26 36
26 37
26 38
26 39
26 42
26 44
26 45
26 47
26 57
26 58
26 59
26 60
26 61
26 62
26 63
26 65
26 66
26 67
26 69
26 71
26 72
26 76
26 77
26 78
26 80
26 84
26 85
26 88
26 89
26 90
26 96
26 97
26 98
26 99
27 4
27 5
27 7
27 8
27 9
27 11
27 12
27 14
27 15
27 17
27 18
27 21
27 23
27 26
27 29
27 30
27 34
27 35
27 36
27 37
27 39
27 41
27 43
27 44
27 45
27 49
27 50
27 52
27 56
27 58
27 59
27 60
27 61
27 62
27 64
27 66
27 68
27 69
27 74
27 76
27 78
27 82
27 84
27 85
27 86
27 88
27 89
27 92
27 94
27 96
27 98
27 100
28 2
28 4
28 5
28 6
28 7
28 9
28 11
28 17
28 24
28 25
28 31
28 33
28 35
28 36
28 38
28 39
28 42
28 43
28 44
28 45
28 46
28 49
28 50
28 51
28 54
28 56
28 60
28 61
28 64
28 66
28 67
28 71
28 73
28 74
28 76
28 77
28 78
28 79
28 80
28 81
28 82
28 83
28 84
28 85
28 86
28 87
28 88
28 89
28 92
28 93
28 97
28 98
28 99
28 100
29 1
29 2
29 8
29 9
29 10
29 11
29 15
29 19
29 21
29 22
29 24
29 26
29 27
29 30
29 31
29 32
29 37
29 39
29 40
29 43
29 45
29 47
29 51
29 52
29 53
29 54
29 57
29 58
29 59
29 61
29 62
29 64
29 65
29 66
29 67
29 70
29 71
29 72
29 73
29 74
29 75
29 78
29 79
29 80
29 81
29 82
29 84
29 86
29 88
29 92
29 94
29 95
29 96
29 97
29 98
29 99
29 100
30 2
30 3
30 4
30 5
30 6
30 8
30 9
30 11
30 12
30 15
30 17
30 19
30 27
30 29
30 32
30 34
30 36
30 37
30 39
30 40
30 41
30 43
30 44
30 45
30 47
30 48
30 53
30 56
30 58
30 59
30 60
30 61
30 63
30 65
30 69
30 70
30 73
30 74
30 75
30 76
30 77
30 78
30 79
30 81
30 83
30 84
30 85
30 90
30 91
30 92
30 96
30 97
30 98
30 99
31 2
31 4
31 5
31 6
31 9
31 10
31 13
31 14
31 15
31 17
31 19
31 20
31 23
31 24
31 28
31 29
31 32
31 33
31 35
31 36
31 37
31 39
31 43
31 45
31 46
31 47
31 50
31 51
31 53
31 58
31 60
31 62
31 64
31 65
31 66
31 67
31 71
31 76
31 77
31 79
31 80
31 83
31 84
31 85
31 87
31 88
31 89
31 92
31 93
31 94
31 100
32 1
32 2
32 5
32 6
32 7
32 8
32 9
32 11
32 13
32 15
32 16
32 21
32 23
32 24
32 25
32 29
32 30
32 31
32 35
32 36
32 37
32 41
32 42
32 46
32 47
32 48
32 49
32 53
32 54
32 55
32 57
32 58
32 59
32 61
32 64
32 67
32 68
32 73
32 75
32 81
32 84
32 85
32 86
32 88
32 90
32 91
32 92
32 93
32 95
32 96
32 99
33 2
33 3
33 5
33 6
33 10
33 11
33 14
33 15
33 17
33 18
33 19
33 20
33 21
33 23
33 28
33 31
33 34
33 37
33 38
33 40
33 41
33 42
33 44
33 45
33 46
33 49
33 51
33 53
33 56
33 60
33 61
33 62
33 64
33 67
33 68
33 70
33 71
33 73
33 75
33 76
33 77
33 78
33 80
33 81
33 82
33 84
33 85
33 86
33 90
33 91
33 92
33 96
33 97
33 99
33 100
34 1
34 2
34 7
34 8
34 9
34 10
34 12
34 13
34 14
34 15
34 16
34 17
34 18
34 20
34 21
34 23
34 24
34 25
34 27
34 30
34 33
34 35
34 36
34 37
34 38
34 43
34 45
34 51
34 52
34 53
34 55
34 56
34 59
34 61
34 62
34 65
34 66
34 67
34 68
34 70
34 72
34 74
34 77
34 78
34 80
34 81
34 82
34 83
34 86
34 88
34 94
34 98
35 5
35 7
35 8
35 12
35 13
35 14
35 15
35 17
35 19
35 20
35 25
35 27
35 28
35 31
35 32
35 34
35 36
35 38
35 39
35 41
35 43
35 44
35 45
35 46
35 49
35 50
35 51
35 52
35 53
35 54
35 56
35 57
35 59
35 60
35 61
35 64
35 65
35 66
35 67
35 68
35 69
35 70
35 71
35 75
35 76
35 77
35 79
35 84
35 85
35 86
35 89
35 90
35 91
35 93
35 94
35 95
35 97
35 98
35 99
36 2
36 3
36 5
36 6
36 7
36 8
36 9
36 12
36 13
36 15
36 16
36 17
36 18
36 20
36 21
36 22
36 26
36 27
36 28
36 30
36 31
36 32
36 34
36 35
36 37
36 38
36 39
36 40
36 41
36 46
36 48
36 49
36 50
36 51
36 53
36 54
36 56
36 57
36 58
36 59
36 60
36 62
36 63
36 66
36 69
36 72
36 74
36 76
36 78
36 79
36 81
36 82
36 83
36 84
36 85
36 86
36 88
36 89
36 90
36 91
36 94
36 96
36 98
36 99
37 3
37 4
37 5
37 6
37 9
37 12
37 13
37 15
37 18
37 19
37 20
37 21
37 22
37 23
37 24
37 26
37 27
37 29
37 30
37 31
37 32
37 33
37 34
37 36
37 38
37 39
37 43
37 46
37 47
37 49
37 51
37 52
37 53
37 55
37 56
37 58
37 60
37 61
37 62
37 63
37 64
37 65
37 67
37 68
37 70
37 72
37 73
37 74
37 75
37 76
37 77
37 78
37 79
37 81
37 84
37 85
37 88
37 89
37 91
37 93
37 95
37 96
37 97
37 98
37 99
38 1
38 2
38 3
38 4
38 8
38 9
38 10
38 11
38 14
38 15
38 19
38 20
38 21
38 23
38 26
38 28
38 33
38 34
38 35
38 36
38 37
38 39
38 41
38 42
38 43
38 44
38 46
38 47
38 48
38 49
38 50
38 51
38 54
38 55
38 56
38 60
38 63
38 64
38 66
38 67
38 68
38 69
38 70
38 71
38 72
38 73
38 74
38 75
38 77
38 78
38 79
38 80
38 81
38 82
38 86
38 87
38 91
38 92
38 94
38 97
38 98
38 100
39 2
39 4
39 5
39 7
39 8
39 11
39 12
39 13
39 15
39 17
39 19
39 21
39 22
39 25
39 26
39 27
39 28
39 29
39 30
39 31
39 35
39 36
39 37
39 38
39 43
39 44
39 49
39 50
39 51
39 54
39 56
39 57
39 59
39 63
39 65
39 66
39 67
39 69
39 70
39 72
39 73
39 75
39 76
39 79
39 83
39 84
39 86
39 88
39 89
39 90
39 91
39 92
39 94
39 96
39 97
39 99
39 100
40 2
40 4
40 6
40 8
40 10
40 11
40 12
40 13
40 14
40 15
40 16
40 17
40 18
40 19
40 20
40 21
40 23
40 24
40 25
40 29
40 30
40 33
40 36
40 43
40 45
40 46
40 49
40 53
40 54
40 56
40 57
40 58
40 59
40 62
40 64
40 66
40 67
40 68
40 69
40 71
40 73
40 77
40 78
40 82
40 83
40 86
40 88
40 92
40 93
40 95
40 98
40 100
41 2
41 4
41 5
41 6
41 7
41 8
41 9
41 10
41 11
41 13
41 14
41 16
41 17
41 18
41 23
41 27
41 30
41 32
41 33
41 35
41 36
41 38
41 42
41 44
41 45
41 46
41 47
41 51
41 52
41 53
41 55
41 56
41 58
41 59
41 63
41 64
41 65
41 66
41 67
41 71
41 74
41 75
41 76
41 80
41 81
41 83
41 84
41 87
41 88
41 89
41 90
41 91
41 92
41 95
41 98
41 99
42 2
42 8
42 11
42 13
42 14
42 15
42 16
42 18
42 22
42 24
42 25
42 26
42 28
42 32
42 33
42 38
42 41
42 46
42 48
42 49
42 50
42 52
42 53
42 54
42 55
42 56
42 57
42 58
42 59
42 63
42 67
42 68
42 71
42 72
42 73
42 74
42 75
42 76
42 77
42 79
42 81
42 82
42 83
42 84
42 86
42 87
42 89
42 90
42 93
42 96
42 97
42 100
43 1
43 5
43 6
43 7
43 8
43 9
43 10
43 11
43 13
43 16
43 17
43 18
43 19
43 21
43 22
43 24
43 25
43 27
43 28
43 29
43 30
43 31
43 34
43 35
43 37
43 38
43 39
43 40
43 44
43 45
43 46
43 47
43 49
43 50
43 51
43 52
43 56
43 57
43 60
43 61
43 62
43 64
43 66
43 67
43 68
43 69
43 70
43 72
43 73
43 75
43 77
43 78
43 79
43 80
43 83
43 84
43 85
43 88
43 89
43 92
43 95
43 98
44 1
44 2
44 3
44 4
44 6
44 7
44 9
44 10
44 11
44 12
44 13
44 14
44 15
44 17
44 19
44 20
44 23
44 24
44 26
44 27
44 28
44 30
44 33
44 35
44 38
44 39
44 41
44 43
44 45
44 47
44 50
44 51
44 52
44 55
44 56
44 60
44 63
44 68
44 70
44 71
44 72
44 73
44 75
44 77
44 78
44 79
44 80
44 81
44 82
44 83
44 84
44 85
44 86
44 88
44 89
44 90
44 91
44 92
44 96
44 99
45 7
45 9
45 10
45 11
45 12
45 13
45 14
45 17
45 19
45 21
45 25
45 26
45 27
45 28
45 29
45 30
45 31
45 33
45 34
45 35
45 40
45 41
45 43
45 44
45 46
45 47
45 49
45 52
45 53
45 56
45 57
45 58
45 59
45 61
45 62
45 63
45 64
45 66
45 68
45 71
45 72
45 76
45 77
45 78
45 79
45 81
45 82
45 85
45 88
45 89
45 90
45 91
45 92
45 93
45 95
45 96
45 99
45 100
46 2
46 3
46 5
46 7
46 9
46 12
46 13
46 17
46 18
46 20
46 22
46 24
46 25
46 28
46 31
46 32
46 33
46 35
46 36
46 37
46 38
46 40
46 41
46 42
46 43
46 45
46 47
46 48
46 56
46 57
46 60
46 61
46 62
46 63
46 64
46 68
46 69
46 70
46 72
46 73
46 76
46 77
46 78
46 79
46 80
46 82
46 84
46 87
46 89
46 90
46 93
46 95
46 99
47 1
47 4
47 5
47 7
47 8
47 9
47 11
47 12
47 13
47 14
47 16
47 17
47 18
47 20
47 22
47 23
47 24
47 25
47 26
47 29
47 30
47 31
47 32
47 37
47 38
47 41
47 43
47 44
47 45
47 46
47 48
47 52
47 53
47 55
47 58
47 59
47 60
47 61
47 62
47 63
47 65
47 66
47 69
47 70
47 77
47 78
47 80
47 81
47 88
47 89
47 91
47 94
47 96
47 98
47 99
47 100
48 3
48 6
48 7
48 8
48 9
48 10
48 11
48 12
48 13
48 15
48 16
48 19
48 20
48 21
48 22
48 25
48 30
48 32
48 36
48 38
48 42
48 46
48 47
48 49
48 51
48 56
48 57
48 59
48 60
48 61
48 63
48 64
48 66
48 69
48 71
48 74
48 75
48 77
48 78
48 79
48 81
48 86
48 87
48 88
48 92
48 93
48 95
48 96
48 98
48 99
48 100
49 2
49 3
49 4
49 5
49 9
49 10
49 12
49 13
49 14
49 15
49 16
49 20
49 21
49 27
49 28
49 32
49 33
49 35
49 36
49 37
49 38
49 39
49 40
49 42
49 43
49 45
49 48
49 50
49 51
49 53
49 54
49 56
49 57
49 58
49 59
49 60
49 62
49 64
49 66
49 67
49 68
49 69
49 72
49 74
49 75
49 76
49 78
49 79
49 81
49 83
49 84
49 85
49 86
49 87
49 91
49 94
49 95
49 96
49 97
49 98
50 4
50 5
50 7
50 8
50 9
50 10
50 11
50 13
50 18
50 19
50 22
50 23
50 24
50 25
50 27
50 28
50 31
50 35
50 36
50 38
50 39
50 42
50 43
50 44
50 49
50 54
50 55
50 56
50 57
50 58
50 59
50 60
50 61
50 65
50 67
50 69
50 70
50 71
50 72
50 73
50 74
50 75
50 76
50 79
50 83
50 84
50 86
50 87
50 88
50 89
50 91
50 93
50 94
50 95
50 97
50 99
51 1
51 2
51 7
51 9
51 10
51 12
51 13
51 17
51 19
51 20
51 22
51 23
51 25
51 28
51 29
51 31
51 33
51 34
51 35
51 36
51 37
51 38
51 39
51 41
51 43
51 44
51 48
51 49
51 52
51 56
51 58
51 59
51 60
51 61
51 62
51 64
51 65
51 66
51 67
51 68
51 69
51 70
51 72
51 73
51 75
51 76
51 77
51 80
51 82
51 83
51 84
51 85
51 86
51 88
51 90
51 92
51 94
51 96
51 97
51 98
51 99
51 100
52 1
52 2
52 3
52 5
52 8
52 9
52 11
52 12
52 14
52 16
52 17
52 18
52 19
52 22
52 27
52 29
52 34
52 35
52 37
52 41
52 42
52 43
52 44
52 45
52 47
52 51
52 53
52 56
52 58
52 59
52 64
52 65
52 66
52 67
52 68
52 69
52 70
52 74
52 75
52 76
52 77
52 78
52 80
52 82
52 83
52 84
52 85
52 86
52 88
52 89
52 90
52 91
52 93
52 94
52 95
52 96
52 98
52 100
53 2
53 3
53 4
53 5
53 6
53 7
53 9
53 10
53 12
53 15
53 16
53 18
53 21
53 22
53 25
53 29
53 30
53 31
53 32
53 33
53 34
53 35
53 36
53 37
53 40
53 41
53 42
53 45
53 47
53 49
53 52
53 58
53 59
53 60
53 61
53 62
53 63
53 64
53 67
53 68
53 70
53 71
53 72
53 73
53 74
53 75
53 76
53 77
53 79
53 80
53 83
53 84
53 85
53 86
53 87
53 88
53 90
53 91
53 92
53 94
53 96
53 97
53 98
53 100
54 1
54 3
54 4
54 10
54 11
54 13
54 14
54 16
54 18
54 19
54 20
54 22
54 23
54 25
54 28
54 29
54 32
54 35
54 36
54 38
54 39
54 40
54 42
54 49
54 50
54 56
54 59
54 61
54 62
54 64
54 67
54 68
54 70
54 72
54 74
54 75
54 77
54 81
54 82
54 83
54 84
54 86
54 87
54 88
54 90
54 91
54 94
54 96
54 98
54 99
54 100
55 2
55 5
55 7
55 8
55 9
55 11
55 12
55 13
55 15
55 19
55 20
55 21
55 32
55 34
55 37
55 38
55 41
55 42
55 44
55 47
55 50
55 58
55 59
55 60
55 63
55 66
55 67
55 68
55 69
55 71
55 74
55 75
55 76
55 78
55 79
55 80
55 81
55 82
55 84
55 86
55 87
55 88
55 90
55 92
55 94
55 98
55 99
55 100
56 1
56 3
56 4
56 5
56 6
56 7
56 8
56 10
56 11
56 12
56 13
56 17
56 18
56 21
56 22
56 23
56 25
56 27
56 28
56 30
56 33
56 34
56 35
56 36
56 37
56 38
56 39
56 40
56 41
56 42
56 43
56 44
56 45
56 46
56 48
56 49
56 50
56 51
56 52
56 54
56 57
56 58
56 59
56 60
56 61
56 62
56 64
56 66
56 67
56 69
56 70
56 71
56 73
56 77
56 78
56 79
56 80
56 81
56 83
56 84
56 86
56 89
56 91
56 95
56 100
57 2
57 5
57 7
57 8
57 9
57 10
57 13
57 16
57 18
57 19
57 20
57 21
57 22
57 24
57 25
57 26
57 29
57 32
57 35
57 36
57 39
57 40
57 42
57 43
57 45
57 46
57 48
57 49
57 50
57 56
57 58
57 59
57 60
57 62
57 63
57 66
57 67
57 68
57 69
57 70
57 72
57 78
57 79
57 80
57 81
57 82
57 83
57 84
57 88
57 89
57 91
57 92
57 95
57 96
57 97
57 98
58 1
58 2
58 5
58 6
58 8
58 9
58 10
58 11
58 13
58 16
58 17
58 18
58 19
58 20
58 21
58 22
58 23
58 24
58 26
58 27
58 29
58 30
58 31
58 32
58 36
58 37
58 40
58 41
58 42
58 45
58 47
58 49
58 50
58 51
58 52
58 53
58 55
58 56
58 57
58 59
58 60
58 63
58 65
58 66
58 67
58 68
58 69
58 70
58 71
58 72
58 73
58 78
58 79
58 80
58 81
58 82
58 84
58 85
58 88
58 90
58 91
58 92
58 94
58 95
58 96
58 97
58 98
58 100
59 1
59 3
59 5
59 6
59 7
59 13
59 15
59 16
59 17
59 20
59 21
59 22
59 23
59 24
59 26
59 27
59 29
59 30
59 32
59 34
59 35
59 36
59 39
59 40
59 41
59 42
59 45
59 47
59 48
59 49
59 50
59 51
59 52
59 53
59 54
59 55
59 56
59 57
59 58
59 60
59 61
59 62
59 63
59 64
59 65
59 67
59 69
59 70
59 71
59 73
59 74
59 75
59 80
59 81
59 85
59 87
59 88
59 89
59 91
59 92
59 96
59 98
59 100
60 1
60 4
60 6
60 7
60 8
60 11
60 12
60 13
60 14
60 15
60 17
60 19
60 22
60 23
60 24
60 25
60 26
60 27
60 28
60 30
60 31
60 33
60 35
60 36
60 37
60 38
60 43
60 44
60 46
60 47
60 48
60 49
60 50
60 51
60 53
60 55
60 56
60 57
60 58
60 59
60 62
60 63
60 64
60 65
60 66
60 68
60 70
60 71
60 73
60 77
60 78
60 79
60 80
60 81
60 83
60 84
60 85
60 88
60 89
60 91
60 95
60 96
60 97
60 99
60 100
61 1
61 6
61 7
61 8
61 9
61 12
61 14
61 15
61 16
61 17
61 20
61 21
61 22
61 24
61 25
61 26
61 27
61 28
61 29
61 30
61 32
61 33
61 34
61 35
61 37
61 43
61 45
61 46
61 47
61 48
61 50
61 51
61 53
61 54
61 56
61 59
61 62
61 64
61 65
61 66
61 67
61 68
61 69
61 73
61 74
61 75
61 77
61 80
61 82
61 83
61 84
61 85
61 88
61 90
61 91
61 93
61 94
61 95
61 96
61 97
61 99
61 100
62 1
62 2
62 4
62 5
62 6
62 7
62 8
62 9
62 10
62 13
62 14
62 15
62 16
62 18
62 19
62 20
62 21
62 23
62 24
62 26
62 27
62 29
62 31
62 33
62 34
62 36
62 37
62 40
62 43
62 45
62 46
62 47
62 49
62 51
62 53
62 54
62 56
62 57
62 59
62 60
62 61
62 63
62 65
62 66
62 69
62 72
62 73
62 74
62 75
62 79
62 81
62 82
62 83
62 86
62 87
62 88
62 90
62 91
62 93
62 95
62 97
62 99
62 100
63 1
63 2
63 3
63 7
63 8
63 12
63 13
63 14
63 15
63 16
63 17
63 21
63 23
63 24
63 25
63 26
63 30
63 36
63 37
63 38
63 39
63 41
63 42
63 44
63 45
63 46
63 47
63 48
63 53
63 55
63 57
63 58
63 59
63 60
63 62
63 64
63 65
63 66
63 69
63 72
63 73
63 74
63 76
63 77
63 79
63 82
63 83
63 84
63 91
63 92
63 93
63 94
63 97
63 99
64 1
64 4
64 8
64 9
64 10
64 11
64 12
64 14
64 15
64 21
64 22
64 24
64 25
64 27
64 28
64 29
64 31
64 32
64 33
64 35
64 37
64 38
64 40
64 41
64 43
64 45
64 46
64 48
64 49
64 51
64 52
64 53
64 54
64 56
64 59
64 60
64 61
64 63
64 65
64 66
64 67
64 69
64 71
64 72
64 73
64 74
64 77
64 79
64 81
64 84
64 85
64 86
64 87
64 88
64 89
64 90
64 92
64 95
64 96
64 97
64 100
65 2
65 4
65 6
65 9
65 14
65 15
65 17
65 19
65 21
65 22
65 23
65 24
65 26
65 29
65 30
65 31
65 34
65 35
65 37
65 39
65 41
65 47
65 50
65 51
65 52
65 58
65 59
65 60
65 61
65 62
65 63
65 64
65 68
65 69
65 70
65 71
65 73
65 75
65 76
65 78
65 79
65 81
65 82
65 84
65 85
65 86
65 87
65 88
65 90
65 92
65 94
65 96
65 97
65 99
65 100
66 1
66 2
66 5
66 6
66 8
66 10
66 11
66 12
66 15
66 16
66 18
66 19
66 20
66 21
66 22
66 23
66 24
66 25
66 26
66 27
66 28
66 29
66 31
66 34
66 35
66 36
66 38
66 39
66 40
66 41
66 43
66 45
66 47
66 48
66 49
66 51
66 52
66 55
66 56
66 57
66 58
66 60
66 61
66 62
66 63
66 64
66 67
66 68
66 70
66 71
66 73
66 74
66 75
66 76
66 80
66 81
66 83
66 87
66 88
66 89
66 90
66 92
66 93
66 95
67 1
67 2
67 4
67 5
67 8
67 9
67 11
67 14
67 15
67 16
67 18
67 19
67 22
67 26
67 28
67 29
67 31
67 32
67 33
67 34
67 35
67 37
67 38
67 39
67 40
67 41
67 42
67 43
67 49
67 50
67 51
67 52
67 53
67 54
67 55
67 56
67 57
67 58
67 59
67 61
67 64
67 66
67 68
67 69
67 70
67 71
67 76
67 78
67 79
67 80
67 83
67 85
67 86
67 87
67 88
67 91
67 93
67 94
67 95
67 96
67 97
67 99
67 100
68 1
68 3
68 4
68 8
68 9
68 11
68 12
68 13
68 14
68 16
68 17
68 18
68 19
68 21
68 23
68 24
68 27
68 32
68 33
68 34
68 35
68 37
68 38
68 40
68 42
68 43
68 44
68 45
68 46
68 49
68 51
68 52
68 53
68 54
68 55
68 57
68 58
68 60
68 61
68 65
68 66
68 67
68 69
68 71
68 72
68 73
68 74
68 75
68 77
68 78
68 80
68 81
68 87
68 88
68 90
68 93
68 97
68 99
68 100
69 2
69 3
69 4
69 5
69 8
69 9
69 11
69 12
69 13
69 14
69 16
69 18
69 22
69 25
69 26
69 27
69 30
69 35
69 36
69 38
69 39
69 40
69 43
69 46
69 47
69 48
69 49
69 50
69 51
69 52
69 55
69 56
69 57
69 58
69 59
69 61
69 62
69 63
69 64
69 65
69 67
69 68
69 71
69 72
69 78
69 79
69 80
69 81
69 82
69 83
69 87
69 88
69 90
69 91
69 92
69 93
69 95
69 99
70 1
70 2
70 4
70 6
70 8
70 12
70 15
70 16
70 17
70 22
70 24
70 29
70 30
70 33
70 34
70 35
70 37
70 38
70 39
70 43
70 44
70 46
70 47
70 50
70 51
70 52
70 53
70 54
70 56
70 57
70 58
70 59
70 60
70 65
70 66
70 67
70 71
70 73
70 77
70 82
70 83
70 84
70 85
70 87
70 88
70 90
70 91
70 92
70 93
70 94
70 95
70 96
70 98
70 100
71 1
71 2
71 3
71 5
71 6
71 7
71 9
71 12
71 15
71 16
71 18
71 19
71 21
71 24
71 26
71 28
71 29
71 31
71 33
71 35
71 38
71 40
71 41
71 42
71 44
71 45
71 48
71 50
71 53
71 55
71 56
71 58
71 59
71 60
71 64
71 65
71 66
71 67
71 68
71 69
71 70
71 73
71 74
71 76
71 77
71 78
71 80
71 81
71 82
71 83
71 84
71 85
71 88
71 90
71 92
71 95
71 96
71 97
71 98
71 99
71 100
72 1
72 2
72 5
72 6
72 8
72 9
72 10
72 11
72 12
72 13
72 14
72 15
72 16
72 17
72 19
72 22
72 24
72 26
72 29
72 34
72 36
72 37
72 38
72 39
72 42
72 43
72 44
72 45
72 46
72 49
72 50
72 51
72 53
72 54
72 57
72 58
72 62
72 63
72 64
72 68
72 69
72 74
72 76
72 77
72 80
72 81
72 85
72 86
72 88
72 90
72 91
72 92
72 96
72 97
72 98
72 100
73 1
73 2
73 5
73 6
73 10
73 12
73 13
73 14
73 15
73 17
73 21
73 22
73 23
73 24
73 25
73 28
73 29
73 30
73 32
73 33
73 37
73 38
73 39
73 40
73 42
73 43
73 44
73 46
73 50
73 51
73 53
73 56
73 58
73 59
73 60
73 61
73 62
73 63
73 64
73 65
73 66
73 68
73 70
73 71
73 77
73 80
73 81
73 82
73 83
73 84
73 85
73 86
73 90
73 91
73 98
73 99
73 100
74 1
74 2
74 4
74 5
74 6
74 7
74 8
74 9
74 10
74 11
74 13
74 14
74 16
74 17
74 21
74 24
74 25
74 27
74 28
74 29
74 30
74 34
74 36
74 37
74 38
74 41
74 42
74 48
74 49
74 50
74 52
74 53
74 54
74 55
74 59
74 61
74 62
74 63
74 64
74 66
74 68
74 71
74 72
74 75
74 77
74 80
74 81
74 86
74 87
74 90
74 91
74 93
74 95
74 96
74 97
75 1
75 2
75 3
75 7
75 8
75 9
75 10
75 11
75 12
75 14
75 15
75 16
75 17
75 19
75 20
75 23
75 29
75 30
75 32
75 33
75 35
75 37
75 38
75 39
75 41
75 42
75 43
75 44
75 48
75 49
75 50
75 51
75 52
75 53
75 54
75 55
75 59
75 61
75 62
75 65
75 66
75 68
75 74
75 76
75 77
75 78
75 79
75 81
75 82
75 84
75 86
75 87
75 88
75 89
75 90
75 91
75 92
75 96
75 97
75 98
75 100
76 1
76 5
76 7
76 11
76 14
76 15
76 16
76 20
76 21
76 22
76 23
76 26
76 27
76 28
76 30
76 31
76 33
76 35
76 36
76 37
76 39
76 41
76 42
76 45
76 46
76 49
76 50
76 51
76 52
76 53
76 55
76 63
76 65
76 66
76 67
76 71
76 72
76 75
76 79
76 80
76 82
76 83
76 87
76 89
76 91
76 93
76 94
76 95
76 96
76 97
77 1
77 3
77 5
77 10
77 11
77 13
77 16
77 17
77 19
77 20
77 21
77 22
77 25
77 26
77 28
77 30
77 31
77 33
77 34
77 35
77 37
77 38
77 40
77 42
77 43
77 44
77 45
77 46
77 47
77 48
77 51
77 52
77 53
77 54
77 56
77 60
77 61
77 63
77 64
77 68
77 70
77 71
77 72
77 73
77 74
77 75
77 78
77 80
77 82
77 83
77 87
77 88
77 90
77 93
77 96
78 1
78 2
78 3
78 5
78 6
78 9
78 10
78 11
78 13
78 15
78 16
78 18
78 19
78 20
78 21
78 22
78 23
78 24
78 25
78 26
78 27
78 28
78 29
78 30
78 33
78 34
78 36
78 37
78 38
78 40
78 43
78 44
78 45
78 46
78 47
78 48
78 49
78 52
78 55
78 56
78 57
78 58
78 60
78 65
78 67
78 68
78 69
78 71
78 75
78 77
78 79
78 80
78 81
78 82
78 83
78 84
78 88
78 90
78 91
78 93
78 94
78 97
78 99
79 2
79 5
79 6
79 7
79 8
79 10
79 12
79 15
79 16
79 18
79 19
79 21
79 22
79 23
79 25
79 28
79 29
79 30
79 31
79 35
79 36
79 37
79 38
79 39
79 42
79 43
79 44
79 45
79 46
79 48
79 49
79 50
79 53
79 55
79 56
79 57
79 58
79 60
79 62
79 63
79 64
79 65
79 67
79 69
79 75
79 76
79 78
79 80
79 82
79 85
79 86
79 90
79 92
79 93
79 95
79 97
79 99
79 100
80 3
80 5
80 6
80 10
80 11
80 15
80 16
80 19
80 20
80 21
80 22
80 23
80 24
80 25
80 26
80 28
80 29
80 31
80 33
80 34
80 38
80 41
80 43
80 44
80 46
80 47
80 51
80 52
80 53
80 55
80 56
80 57
80 58
80 59
80 60
80 61
80 66
80 67
80 68
80 69
80 71
80 72
80 73
80 74
80 76
80 77
80 78
80 79
80 81
80 83
80 85
80 86
80 88
80 89
80 92
80 93
80 94
80 98
80 100
81 1
81 2
81 4
81 9
81 10
81 11
81 13
81 15
81 17
81 18
81 19
81 21
81 22
81 23
81 24
81 25
81 28
81 29
81 30
81 32
81 33
81 34
81 36
81 37
81 38
81 41
81 42
81 44
81 45
81 47
81 48
81 49
81 54
81 55
81 56
81 57
81 58
81 59
81 60
81 62
81 64
81 65
81 66
81 68
81 69
81 71
81 72
81 73
81 74
81 75
81 78
81 80
81 83
81 86
81 88
81 90
81 94
81 95
81 96
81 100
82 1
82 3
82 7
82 8
82 9
82 10
82 12
82 14
82 15
82 17
82 18
82 19
82 20
82 23
82 24
82 25
82 27
82 28
82 29
82 33
82 34
82 36
82 38
82 40
82 42
82 44
82 45
82 46
82 51
82 52
82 54
82 55
82 57
82 58
82 61
82 62
82 63
82 65
82 69
82 70
82 71
82 73
82 75
82 76
82 77
82 78
82 79
82 83
82 84
82 85
82 86
82 88
82 89
82 90
82 91
82 93
82 99
83 1
83 2
83 4
83 6
83 7
83 8
83 13
83 14
83 16
83 19
83 20
83 21
83 22
83 23
83 25
83 28
83 30
83 31
83 34
83 36
83 39
83 40
83 41
83 42
83 43
83 44
83 49
83 50
83 51
83 52
83 53
83 54
83 56
83 57
83 60
83 61
83 62
83 63
83 66
83 67
83 69
83 70
83 71
83 73
83 76
83 77
83 78
83 80
83 81
83 82
83 85
83 86
83 87
83 91
83 94
83 95
83 96
83 98
83 99
83 100
84 3
84 4
84 5
84 10
84 12
84 13
84 14
84 15
84 16
84 17
84 19
84 21
84 25
84 26
84 27
84 28
84 29
84 30
84 31
84 32
84 33
84 35
84 36
84 37
84 39
84 41
84 42
84 43
84 44
84 46
84 49
84 50
84 51
84 52
84 53
84 54
84 55
84 56
84 57
84 58
84 60
84 61
84 63
84 64
84 65
84 70
84 71
84 73
84 75
84 78
84 82
84 85
84 88
84 89
84 90
84 91
84 92
84 93
84 96
84 97
84 98
85 1
85 2
85 3
85 5
85 6
85 9
85 10
85 14
85 15
85 16
85 19
85 21
85 23
85 24
85 25
85 26
85 27
85 28
85 30
85 31
85 32
85 33
85 35
85 36
85 37
85 43
85 44
85 45
85 49
85 51
85 52
85 53
85 58
85 59
85 60
85 61
85 64
85 65
85 67
85 70
85 71
85 72
85 73
85 79
85 80
85 82
85 83
85 84
85 86
85 88
85 89
85 90
85 92
85 93
85 94
85 98
86 4
86 5
86 7
86 8
86 10
86 11
86 12
86 13
86 14
86 15
86 16
86 17
86 18
86 20
86 21
86 22
86 23
86 24
86 25
86 27
86 28
86 29
86 32
86 33
86 34
86 35
86 36
86 38
86 39
86 40
86 42
86 44
86 48
86 49
86 50
86 51
86 52
86 53
86 54
86 55
86 56
86 62
86 64
86 65
86 67
86 72
86 73
86 74
86 75
86 79
86 80
86 81
86 82
86 83
86 85
86 87
86 88
86 91
86 92
86 93
86 95
86 96
86 97
86 98
86 99
86 100
87 1
87 2
87 4
87 5
87 6
87 7
87 8
87 13
87 14
87 15
87 16
87 19
87 20
87 21
87 22
87 24
87 25
87 28
87 31
87 38
87 41
87 42
87 46
87 48
87 49
87 50
87 53
87 54
87 55
87 59
87 62
87 64
87 65
87 66
87 67
87 68
87 69
87 70
87 74
87 75
87 76
87 77
87 83
87 86
87 89
87 91
87 93
87 94
87 97
87 99
87 100
88 1
88 3
88 7
88 9
88 10
88 11
88 12
88 13
88 14
88 15
88 18
88 19
88 20
88 21
88 23
88 24
88 26
88 27
88 28
88 29
88 31
88 32
88 34
88 36
88 37
88 39
88 40
88 41
88 43
88 44
88 45
88 47
88 48
88 50
88 51
88 52
88 53
88 54
88 55
88 57
88 58
88 59
88 60
88 61
88 62
88 64
88 65
88 66
88 67
88 68
88 69
88 70
88 71
88 72
88 75
88 77
88 78
88 80
88 81
88 82
88 84
88 85
88 86
88 90
88 91
88 93
88 95
88 97
88 98
88 99
88 100
89 1
89 2
89 4
89 8
89 9
89 10
89 12
89 13
89 15
89 17
89 18
89 20
89 21
89 22
89 25
89 26
89 27
89 28
89 31
89 35
89 36
89 37
89 39
89 41
89 42
89 43
89 44
89 45
89 46
89 47
89 50
89 52
89 56
89 57
89 59
89 60
89 64
89 66
89 75
89 76
89 80
89 82
89 84
89 85
89 87
89 97
89 98
90 2
90 3
90 4
90 6
90 7
90 8
90 10
90 13
90 15
90 16
90 17
90 18
90 19
90 21
90 22
90 23
90 25
90 26
90 30
90 32
90 33
90 35
90 36
90 39
90 41
90 42
90 44
90 45
90 46
90 51
90 52
90 53
90 54
90 55
90 58
90 61
90 62
90 64
90 65
90 66
90 68
90 69
90 70
90 71
90 72
90 73
90 74
90 75
90 77
90 78
90 79
90 81
90 82
90 84
90 85
90 88
90 91
90 92
90 94
90 96
90 97
90 98
90 99
90 100
91 1
91 3
91 6
91 7
91 8
91 11
91 15
91 16
91 17
91 18
91 19
91 20
91 23
91 25
91 30
91 32
91 33
91 35
91 36
91 37
91 38
91 39
91 41
91 44
91 45
91 47
91 49
91 50
91 52
91 53
91 54
91 56
91 57
91 58
91 59
91 60
91 61
91 62
91 63
91 67
91 69
91 70
91 72
91 73
91 74
91 75
91 76
91 78
91 82
91 83
91 84
91 86
91 87
91 88
91 90
91 92
91 95
91 96
91 98
91 99
92 3
92 4
92 6
92 7
92 8
92 12
92 13
92 14
92 16
92 17
92 19
92 23
92 25
92 27
92 28
92 29
92 30
92 31
92 32
92 33
92 38
92 39
92 40
92 41
92 43
92 44
92 45
92 48
92 51
92 53
92 55
92 57
92 58
92 59
92 63
92 64
92 65
92 66
92 69
92 70
92 71
92 72
92 75
92 79
92 80
92 84
92 85
92 86
92 90
92 91
92 93
92 94
92 97
92 98
93 1
93 2
93 3
93 4
93 5
93 7
93 10
93 13
93 14
93 15
93 16
93 18
93 20
93 21
93 22
93 23
93 24
93 25
93 28
93 31
93 32
93 35
93 37
93 40
93 42
93 45
93 46
93 48
93 50
93 52
93 61
93 62
93 63
93 66
93 67
93 68
93 69
93 70
93 74
93 76
93 77
93 78
93 79
93 80
93 82
93 84
93 85
93 86
93 87
93 88
93 92
93 94
93 95
93 97
93 99
93 100
94 1
94 3
94 4
94 6
94 7
94 10
94 12
94 15
94 17
94 18
94 19
94 21
94 22
94 24
94 25
94 27
94 29
94 31
94 34
94 35
94 36
94 38
94 39
94 47
94 49
94 50
94 51
94 52
94 53
94 54
94 55
94 58
94 61
94 63
94 65
94 67
94 70
94 76
94 78
94 80
94 81
94 83
94 85
94 87
94 90
94 92
94 93
94 97
94 98
94 99
95 1
95 3
95 4
95 8
95 9
95 10
95 11
95 12
95 14
95 15
95 16
95 19
95 21
95 22
95 23
95 24
95 25
95 29
95 32
95 35
95 37
95 40
95 41
95 43
95 45
95 46
95 48
95 49
95 50
95 52
95 56
95 57
95 58
95 60
95 61
95 62
95 64
95 66
95 67
95 69
95 70
95 71
95 74
95 76
95 79
95 81
95 83
95 86
95 88
95 91
95 93
95 98
95 100
96 1
96 2
96 9
96 11
96 13
96 15
96 17
96 18
96 21
96 22
96 23
96 24
96 25
96 26
96 27
96 29
96 30
96 32
96 33
96 36
96 37
96 39
96 42
96 44
96 45
96 47
96 48
96 49
96 51
96 52
96 53
96 54
96 57
96 58
96 59
96 60
96 61
96 64
96 65
96 67
96 70
96 71
96 72
96 74
96 75
96 76
96 77
96 81
96 83
96 84
96 86
96 90
96 91
96 99
96 100
97 2
97 3
97 4
97 9
97 10
97 11
97 12
97 13
97 14
97 15
97 16
97 17
97 20
97 21
97 22
97 23
97 24
97 26
97 28
97 29
97 30
97 33
97 35
97 37
97 38
97 39
97 42
97 49
97 50
97 51
97 53
97 57
97 58
97 60
97 61
97 62
97 63
97 64
97 65
97 67
97 68
97 71
97 72
97 74
97 75
97 76
97 78
97 79
97 84
97 86
97 87
97 88
97 89
97 90
97 92
97 93
97 94
97 98
98 4
98 6
98 7
98 8
98 9
98 10
98 11
98 12
98 13
98 15
98 20
98 21
98 23
98 25
98 26
98 27
98 28
98 29
98 30
98 34
98 35
98 36
98 37
98 38
98 40
98 41
98 43
98 47
98 48
98 49
98 51
98 52
98 53
98 54
98 55
98 57
98 58
98 59
98 70
98 71
98 72
98 73
98 75
98 80
98 83
98 84
98 85
98 86
98 88
98 89
98 90
98 91
98 92
98 94
98 95
98 97
98 100
99 1
99 2
99 3
99 4
99 8
99 10
99 11
99 12
99 14
99 15
99 16
99 18
99 19
99 24
99 25
99 26
99 28
99 29
99 30
99 32
99 33
99 35
99 36
99 37
99 39
99 41
99 44
99 45
99 46
99 47
99 48
99 50
99 51
99 54
99 55
99 60
99 61
99 62
99 63
99 65
99 67
99 68
99 69
99 71
99 73
99 78
99 79
99 82
99 83
99 86
99 87
99 88
99 90
99 91
99 93
99 94
99 96
99 100
100 1
100 2
100 3
100 4
100 5
100 6
100 7
100 10
100 12
100 13
100 15
100 18
100 19
100 20
100 21
100 22
100 23
100 24
100 27
100 28
100 29
100 31
100 33
100 38
100 39
100 40
100 42
100 45
100 47
100 48
100 51
100 52
100 53
100 54
100 55
100 56
100 58
100 59
100 60
100 61
100 62
100 64
100 65
100 67
100 68
100 70
100 71
100 72
100 73
100 75
100 79
100 80
100 81
100 83
100 86
100 87
100 88
100 90
100 93
100 95
100 96
100 98
100 99
