100
1 2
1 4
1 6
1 9
1 10
1 12
1 13
1 26
1 27
1 31
1 32
1 35
1 36
1 37
1 38
1 39
1 40
1 41
1 42
1 49
1 50
1 51
1 55
1 60
1 62
1 68
1 69
1 70
1 71
1 72
1 73
1 81
1 83
1 88
1 92
1 94
1 97
2 1
2 4
2 5
2 7
2 8
2 11
2 13
2 14
2 19
2 24
2 27
2 34
2 41
2 42
2 44
2 45
2 47
2 48
2 49
2 50
2 51
2 53
2 54
2 56
2 59
2 60
2 64
2 65
2 69
2 71
2 76
2 78
2 80
2 82
2 84
2 86
2 88
2 89
2 92
2 93
2 94
2 95
2 96
2 97
3 5
3 10
3 11
3 13
3 14
3 17
3 22
3 23
3 25
3 27
3 31
3 35
3 36
3 38
3 42
3 51
3 53
3 54
3 57
3 58
3 59
3 64
3 66
3 69
3 72
3 73
3 74
3 75
3 76
3 77
3 78
3 79
3 82
3 84
3 86
3 87
3 90
3 91
3 94
3 95
3 96
3 100
4 1
4 2
4 10
4 11
4 14
4 19
4 22
4 28
4 29
4 30
4 34
4 36
4 37
4 38
4 42
4 44
4 49
4 51
4 57
4 59
4 61
4 62
4 73
4 74
4 76
4 80
4 82
4 83
4 90
4 91
4 92
4 94
4 95
4 96
4 97
4 98
5 2
5 3
5 8
5 9
5 13
5 15
5 18
5 19
5 20
5 26
5 27
5 29
5 32
5 37
5 38
5 41
5 42
5 47
5 54
5 58
5 62
5 63
5 65
5 72
5 73
5 75
5 79
5 80
5 87
5 89
5 91
5 92
5 95
5 99
5 100
6 1
6 9
6 10
6 12
6 15
6 16
6 21
6 23
6 27
6 32
6 33
6 36
6 37
6 39
6 44
6 51
6 52
6 54
6 57
6 63
6 69
6 74
6 75
6 82
6 88
6 89
6 90
6 91
6 94
6 96
6 99
7 2
7 11
7 13
7 14
7 17
7 18
7 21
7 23
7 27
7 29
7 30
7 31
7 32
7 35
7 36
7 37
7 38
7 40
7 41
7 44
7 48
7 52
7 53
7 56
7 57
7 58
7 59
7 61
7 63
7 70
7 71
7 72
7 74
7 75
7 78
7 79
7 80
7 81
7 82
7 87
7 89
7 96
7 97
8 2
8 5
8 9
8 10
8 13
8 15
8 18
8 30
8 31
8 33
8 34
8 37
8 38
8 39
8 40
8 41
8 42
8 45
8 46
8 51
8 52
8 54
8 58
8 62
8 63
8 64
8 68
8 70
8 75
8 78
8 80
8 81
8 84
8 85
8 87
8 89
8 90
8 91
8 95
8 96
9 1
9 5
9 6
9 8
9 15
9 16
9 19
9 23
9 31
9 34
9 36
9 37
9 39
9 40
9 44
9 45
9 54
9 57
9 58
9 59
9 65
9 76
9 77
9 78
9 82
9 83
9 85
9 87
9 89
9 91
9 95
9 97
10 1
10 3
10 4
10 6
10 8
10 11
10 12
10 16
10 19
10 23
10 24
10 25
10 28
10 36
10 39
10 41
10 42
10 44
10 45
10 49
10 53
10 55
10 57
10 58
10 59
10 60
10 61
10 66
10 70
10 72
10 73
10 74
10 75
10 77
10 78
10 79
10 80
10 82
10 83
10 84
10 86
10 89
10 90
10 93
10 97
10 99
10 100
11 2
11 3
11 4
11 7
11 10
11 15
11 16
11 17
11 20
11 21
11 22
11 24
11 26
11 34
11 51
11 52
11 53
11 56
11 57
11 60
11 61
11 62
11 63
11 64
11 65
11 68
11 73
11 74
11 79
11 80
11 82
11 87
11 90
11 93
11 95
12 1
12 6
12 10
12 14
12 16
12 17
12 19
12 20
12 21
12 22
12 24
12 28
12 31
12 34
12 35
12 43
12 44
12 46
12 50
12 52
12 55
12 56
12 63
12 64
12 67
12 69
12 73
12 74
12 79
12 80
12 81
12 84
12 85
12 88
12 89
12 97
13 1
13 2
13 3
13 5
13 7
13 8
13 16
13 17
13 19
13 20
13 21
13 22
13 24
13 25
13 26
13 28
13 36
13 37
13 42
13 43
13 55
13 56
13 57
13 58
13 59
13 62
13 63
13 64
13 66
13 67
13 69
13 71
13 72
13 73
13 74
13 76
13 77
13 78
13 80
13 82
13 84
13 85
13 86
13 87
13 88
13 93
13 94
13 99
14 2
14 3
14 4
14 7
14 12
14 18
14 20
14 22
14 27
14 30
14 32
14 33
14 34
14 36
14 41
14 42
14 52
14 53
14 54
14 56
14 59
14 65
14 67
14 69
14 70
14 72
14 77
14 80
14 82
14 87
14 91
14 95
14 97
15 5
15 6
15 8
15 9
15 11
15 19
15 21
15 23
15 27
15 33
15 34
15 36
15 39
15 47
15 49
15 50
15 53
15 59
15 60
15 61
15 71
15 75
15 77
15 81
15 89
15 91
15 95
15 99
15 100
16 6
16 9
16 10
16 11
16 12
16 13
16 19
16 23
16 24
16 26
16 27
16 28
16 35
16 36
16 38
16 40
16 44
16 56
16 58
16 61
16 64
16 65
16 66
16 71
16 72
16 74
16 75
16 76
16 79
16 80
16 85
16 92
16 94
16 95
16 96
16 99
16 100
17 3
17 7
17 11
17 12
17 13
17 18
17 19
17 23
17 24
17 26
17 32
17 33
17 38
17 39
17 41
17 42
17 47
17 52
17 53
17 56
17 57
17 58
17 62
17 70
17 72
17 75
17 76
17 86
17 91
17 92
17 95
17 98
18 5
18 7
18 8
18 14
18 17
18 20
18 24
18 25
18 27
18 32
18 33
18 36
18 38
18 39
18 41
18 42
18 46
18 48
18 50
18 65
18 67
18 71
18 72
18 73
18 75
18 76
18 77
18 78
18 79
18 83
18 84
18 85
18 88
18 94
18 98
18 99
19 2
19 4
19 5
19 9
19 10
19 12
19 13
19 15
19 16
19 17
19 20
19 24
19 27
19 33
19 36
19 38
19 41
19 48
19 51
19 52
19 58
19 62
19 66
19 67
19 68
19 69
19 70
19 73
19 74
19 76
19 78
19 83
19 86
19 87
19 88
19 89
19 91
19 98
19 99
20 5
20 11
20 12
20 13
20 14
20 18
20 19
20 21
20 29
20 32
20 33
20 37
20 38
20 41
20 43
20 44
20 48
20 49
20 50
20 51
20 55
20 57
20 59
20 60
20 62
20 63
20 64
20 68
20 69
20 70
20 75
20 79
20 81
20 83
20 84
20 87
20 90
20 92
20 93
20 95
20 99
20 100
21 6
21 7
21 11
21 12
21 13
21 15
21 20
21 23
21 25
21 27
21 28
21 29
21 30
21 31
21 32
21 37
21 38
21 39
21 40
21 46
21 47
21 48
21 52
21 56
21 62
21 65
21 66
21 71
21 73
21 76
21 78
21 79
21 83
21 88
21 94
21 96
21 100
22 3
22 4
22 11
22 12
22 13
22 14
22 23
22 28
22 31
22 32
22 37
22 38
22 40
22 41
22 46
22 49
22 50
22 54
22 56
22 58
22 60
22 64
22 65
22 66
22 67
22 70
22 76
22 79
22 81
22 83
22 84
22 85
22 86
22 87
22 90
22 94
22 98
22 99
23 3
23 6
23 7
23 9
23 10
23 15
23 16
23 17
23 21
23 22
23 26
23 27
23 28
23 29
23 30
23 31
23 32
23 34
23 36
23 37
23 38
23 41
23 44
23 47
23 50
23 51
23 54
23 56
23 58
23 63
23 64
23 67
23 68
23 71
23 73
23 76
23 77
23 78
23 80
23 81
23 82
23 93
23 96
23 98
23 99
23 100
24 2
24 10
24 11
24 12
24 13
24 16
24 17
24 18
24 19
24 26
24 31
24 32
24 33
24 34
24 39
24 44
24 52
24 53
24 55
24 57
24 58
24 60
24 62
24 68
24 75
24 77
24 78
24 80
24 81
24 85
24 92
24 93
24 94
24 97
25 3
25 10
25 13
25 18
25 21
25 26
25 29
25 32
25 36
25 39
25 43
25 45
25 46
25 47
25 49
25 51
25 52
25 56
25 57
25 60
25 61
25 63
25 68
25 72
25 74
25 76
25 78
25 79
25 80
25 82
25 83
25 88
25 89
25 90
25 91
25 92
25 93
25 98
25 99
26 1
26 5
26 11
26 13
26 16
26 17
26 23
26 24
26 25
26 27
26 30
26 33
26 34
26 35
26 37
26 41
26 42
26 43
26 44
26 45
26 46
26 47
26 49
26 51
26 53
26 56
26 57
26 62
26 63
26 65
26 68
26 69
26 71
26 74
26 76
26 79
26 81
26 84
26 85
26 87
26 90
26 92
26 93
26 94
26 96
26 97
26 98
26 100
27 1
27 2
27 3
27 5
27 6
27 7
27 14
27 15
27 16
27 18
27 19
27 21
27 23
27 26
27 28
27 31
27 32
27 36
27 38
27 40
27 43
27 47
27 52
27 53
27 57
27 58
27 59
27 63
27 68
27 70
27 72
27 73
27 74
27 77
27 79
27 80
27 83
27 85
27 86
27 87
27 88
27 89
27 93
27 100
28 4
28 10
28 12
28 13
28 16
28 21
28 22
28 23
28 27
28 34
28 35
28 36
28 38
28 40
28 45
28 46
28 47
28 49
28 53
28 55
28 59
28 60
28 62
28 63
28 64
28 65
28 66
28 73
28 75
28 76
28 77
28 84
28 89
28 92
28 94
28 95
28 96
28 98
29 4
29 5
29 7
29 20
29 21
29 23
29 25
29 30
29 31
29 32
29 34
29 36
29 39
29 41
29 42
29 43
29 48
29 50
29 52
29 53
29 56
29 57
29 58
29 59
29 60
29 62
29 64
29 66
29 67
29 69
29 70
29 71
29 79
29 80
29 81
29 82
29 86
29 87
29 93
29 95
29 99
30 4
30 7
30 8
30 14
30 21
30 23
30 26
30 29
30 34
30 36
30 40
30 42
30 43
30 44
30 50
30 55
30 59
30 60
30 61
30 64
30 66
30 68
30 71
30 73
30 74
30 81
30 83
30 87
30 89
30 90
30 91
30 92
30 95
30 98
30 99
30 100
31 1
31 3
31 7
31 8
31 9
31 12
31 21
31 22
31 23
31 24
31 27
31 29
31 32
31 37
31 39
31 40
31 41
31 42
31 46
31 47
31 49
31 50
31 54
31 55
31 56
31 58
31 60
31 61
31 62
31 64
31 68
31 69
31 71
31 75
31 79
31 80
31 83
31 92
31 93
31 96
31 97
32 1
32 5
32 6
32 7
32 14
32 17
32 18
32 20
32 21
32 22
32 23
32 24
32 25
32 27
32 29
32 31
32 35
32 44
32 47
32 48
32 50
32 51
32 54
32 55
32 56
32 60
32 63
32 66
32 68
32 72
32 73
32 76
32 81
32 82
32 83
32 90
32 98
32 100
33 6
33 8
33 14
33 15
33 17
33 18
33 19
33 20
33 24
33 26
33 35
33 36
33 40
33 43
33 44
33 46
33 48
33 52
33 54
33 57
33 62
33 63
33 64
33 65
33 66
33 69
33 70
33 71
33 73
33 78
33 81
33 84
33 87
33 92
33 93
33 97
33 100
34 2
34 4
34 8
34 9
34 11
34 12
34 14
34 15
34 23
34 24
34 26
34 28
34 29
34 30
34 36
34 41
34 42
34 45
34 47
34 48
34 51
34 52
34 57
34 59
34 60
34 61
34 62
34 66
34 68
34 72
34 75
34 76
34 77
34 79
34 85
34 86
34 87
34 88
34 93
34 94
34 96
34 98
34 99
35 1
35 3
35 7
35 12
35 16
35 26
35 28
35 32
35 33
35 38
35 41
35 44
35 45
35 50
35 52
35 54
35 56
35 61
35 63
35 74
35 75
35 77
35 83
35 84
35 85
35 87
35 88
35 92
35 93
35 94
36 1
36 3
36 4
36 6
36 7
36 9
36 10
36 13
36 14
36 15
36 16
36 18
36 19
36 23
36 25
36 27
36 28
36 29
36 30
36 33
36 34
36 37
36 41
36 42
36 50
36 55
36 60
36 61
36 62
36 63
36 65
36 67
36 72
36 74
36 75
36 78
36 79
36 81
36 84
36 87
36 92
37 1
37 4
37 5
37 6
37 7
37 8
37 9
37 13
37 20
37 21
37 22
37 23
37 26
37 31
37 36
37 38
37 41
37 47
37 48
37 51
37 52
37 53
37 56
37 58
37 60
37 61
37 65
37 66
37 68
37 69
37 76
37 79
37 84
37 88
37 90
37 92
37 93
37 94
37 97
38 1
38 3
38 4
38 5
38 7
38 8
38 16
38 17
38 18
38 19
38 20
38 21
38 22
38 23
38 27
38 28
38 35
38 37
38 39
38 42
38 44
38 53
38 55
38 56
38 58
38 64
38 65
38 68
38 70
38 73
38 74
38 76
38 80
38 85
38 93
38 95
38 97
39 1
39 6
39 8
39 9
39 10
39 15
39 17
39 18
39 21
39 24
39 25
39 29
39 31
39 38
39 44
39 46
39 47
39 48
39 49
39 50
39 54
39 55
39 56
39 57
39 58
39 60
39 64
39 65
39 69
39 74
39 75
39 76
39 78
39 79
39 80
39 82
39 83
39 84
39 85
39 87
39 89
39 90
39 91
39 92
39 94
39 95
39 96
39 99
40 1
40 7
40 8
40 9
40 16
40 21
40 22
40 27
40 28
40 30
40 31
40 33
40 41
40 43
40 45
40 49
40 51
40 52
40 53
40 55
40 56
40 57
40 58
40 59
40 62
40 65
40 68
40 71
40 74
40 76
40 77
40 78
40 81
40 84
40 85
40 86
40 89
40 91
40 92
40 95
40 96
41 1
41 2
41 5
41 7
41 8
41 10
41 14
41 17
41 18
41 19
41 20
41 22
41 23
41 26
41 29
41 31
41 34
41 35
41 36
41 37
41 40
41 45
41 48
41 49
41 52
41 53
41 56
41 58
41 60
41 63
41 64
41 76
41 79
41 81
41 84
41 93
41 95
41 97
41 99
42 1
42 2
42 3
42 4
42 5
42 8
42 10
42 13
42 14
42 17
42 18
42 26
42 29
42 30
42 31
42 34
42 36
42 38
42 43
42 44
42 49
42 51
42 52
42 56
42 58
42 60
42 62
42 63
42 66
42 67
42 72
42 77
42 80
42 84
42 86
42 87
42 90
42 91
42 96
43 12
43 13
43 20
43 25
43 26
43 27
43 29
43 30
43 33
43 40
43 42
43 47
43 49
43 51
43 52
43 53
43 54
43 59
43 60
43 61
43 63
43 64
43 65
43 67
43 68
43 79
43 80
43 81
43 85
43 86
43 89
43 90
43 91
43 96
44 2
44 4
44 6
44 7
44 9
44 10
44 12
44 16
44 20
44 23
44 24
44 26
44 30
44 32
44 33
44 35
44 38
44 39
44 42
44 49
44 53
44 56
44 57
44 59
44 63
44 72
44 76
44 78
44 85
44 87
44 89
44 90
44 92
44 94
44 99
45 2
45 8
45 9
45 10
45 25
45 26
45 28
45 34
45 35
45 40
45 41
45 48
45 50
45 53
45 54
45 55
45 57
45 58
45 60
45 61
45 65
45 74
45 77
45 79
45 85
45 89
45 91
45 92
45 93
45 94
45 95
45 97
45 98
45 99
45 100
46 8
46 12
46 18
46 21
46 22
46 25
46 26
46 28
46 31
46 33
46 39
46 51
46 69
46 71
46 72
46 76
46 77
46 78
46 79
46 80
46 82
46 83
46 84
46 85
46 86
46 93
47 2
47 5
47 15
47 17
47 21
47 23
47 25
47 26
47 27
47 28
47 31
47 32
47 34
47 37
47 39
47 43
47 49
47 52
47 54
47 55
47 59
47 60
47 61
47 63
47 64
47 71
47 78
47 80
47 83
47 88
47 92
47 93
47 94
47 95
47 97
48 2
48 7
48 18
48 19
48 20
48 21
48 29
48 32
48 33
48 34
48 37
48 39
48 41
48 45
48 49
48 52
48 53
48 55
48 56
48 58
48 59
48 60
48 64
48 65
48 68
48 70
48 72
48 73
48 75
48 76
48 85
48 87
48 95
48 96
48 100
49 1
49 2
49 4
49 10
49 15
49 20
49 22
49 25
49 26
49 28
49 31
49 39
49 40
49 41
49 42
49 43
49 44
49 47
49 48
49 50
49 53
49 55
49 58
49 63
49 65
49 69
49 72
49 77
49 78
49 79
49 81
49 82
49 83
49 84
49 86
49 92
49 95
49 96
49 98
50 1
50 2
50 12
50 15
50 18
50 20
50 22
50 23
50 29
50 30
50 31
50 32
50 35
50 36
50 39
50 45
50 49
50 51
50 55
50 58
50 59
50 62
50 63
50 64
50 65
50 68
50 72
50 73
50 77
50 78
50 81
50 83
50 86
50 87
50 88
50 90
50 91
50 96
50 99
51 1
51 2
51 3
51 4
51 6
51 8
51 11
51 19
51 20
51 23
51 25
51 26
51 32
51 34
51 37
51 40
51 42
51 43
51 46
51 50
51 53
51 57
51 58
51 59
51 61
51 62
51 65
51 67
51 74
51 75
51 76
51 77
51 78
51 82
51 87
51 89
51 90
51 92
51 94
51 96
51 97
51 99
52 6
52 7
52 8
52 11
52 12
52 14
52 17
52 19
52 21
52 24
52 25
52 27
52 29
52 33
52 34
52 35
52 37
52 40
52 41
52 42
52 43
52 47
52 48
52 56
52 59
52 75
52 76
52 77
52 79
52 82
52 83
52 85
52 87
52 90
52 97
52 98
53 2
53 3
53 7
53 10
53 11
53 14
53 15
53 17
53 24
53 26
53 27
53 28
53 29
53 37
53 38
53 40
53 41
53 43
53 44
53 45
53 48
53 49
53 51
53 54
53 55
53 56
53 59
53 64
53 67
53 69
53 79
53 80
53 83
53 90
53 96
53 98
53 99
53 100
54 2
54 3
54 5
54 6
54 8
54 9
54 14
54 22
54 23
54 31
54 32
54 33
54 35
54 39
54 43
54 45
54 47
54 53
54 57
54 59
54 60
54 61
54 72
54 73
54 75
54 81
54 82
54 84
54 86
54 87
54 92
54 93
54 94
54 98
54 99
55 1
55 10
55 12
55 13
55 20
55 24
55 28
55 30
55 31
55 32
55 36
55 38
55 39
55 40
55 45
55 47
55 48
55 49
55 50
55 53
55 58
55 61
55 63
55 64
55 65
55 66
55 68
55 69
55 72
55 73
55 74
55 75
55 77
55 79
55 82
55 85
55 86
55 88
55 90
55 91
55 92
55 93
55 97
55 99
56 2
56 7
56 11
56 12
56 13
56 14
56 16
56 17
56 21
56 22
56 23
56 25
56 26
56 29
56 31
56 32
56 35
56 37
56 38
56 39
56 40
56 41
56 42
56 44
56 48
56 52
56 53
56 60
56 64
56 65
56 68
56 69
56 70
56 71
56 74
56 77
56 78
56 79
56 82
56 84
56 87
56 88
56 92
56 93
56 100
57 3
57 4
57 6
57 7
57 9
57 10
57 11
57 13
57 17
57 20
57 24
57 25
57 26
57 27
57 29
57 33
57 34
57 39
57 40
57 44
57 45
57 51
57 54
57 60
57 61
57 66
57 68
57 69
57 71
57 73
57 76
57 78
57 79
57 80
57 81
57 83
57 86
57 88
57 90
57 97
57 98
57 99
57 100
58 3
58 5
58 7
58 8
58 9
58 10
58 13
58 16
58 17
58 19
58 22
58 23
58 24
58 27
58 29
58 31
58 37
58 38
58 39
58 40
58 41
58 42
58 45
58 48
58 49
58 50
58 51
58 55
58 59
58 63
58 67
58 69
58 70
58 76
58 77
58 78
58 79
58 80
58 83
58 84
58 92
58 99
59 2
59 3
59 4
59 7
59 9
59 10
59 13
59 14
59 15
59 20
59 27
59 28
59 29
59 30
59 34
59 40
59 43
59 44
59 47
59 48
59 50
59 51
59 52
59 53
59 54
59 58
59 69
59 70
59 71
59 74
59 76
59 79
59 80
59 84
59 91
59 92
59 93
59 96
59 98
59 99
60 1
60 2
60 10
60 11
60 15
60 20
60 22
60 24
60 25
60 28
60 29
60 30
60 31
60 32
60 34
60 36
60 37
60 39
60 41
60 42
60 43
60 45
60 47
60 48
60 54
60 56
60 57
60 61
60 63
60 64
60 65
60 71
60 73
60 77
60 78
60 79
60 83
60 84
60 90
60 91
60 92
60 94
60 95
60 97
60 98
60 99
61 4
61 7
61 10
61 11
61 15
61 16
61 25
61 30
61 31
61 34
61 35
61 36
61 37
61 43
61 45
61 47
61 51
61 54
61 55
61 57
61 60
61 62
61 63
61 64
61 65
61 67
61 68
61 70
61 71
61 72
61 73
61 75
61 76
61 79
61 81
61 89
61 90
61 91
62 1
62 4
62 5
62 8
62 11
62 13
62 17
62 19
62 20
62 21
62 24
62 26
62 28
62 29
62 31
62 33
62 34
62 36
62 40
62 42
62 50
62 51
62 61
62 63
62 64
62 68
62 70
62 73
62 74
62 76
62 77
62 78
62 80
62 82
62 85
62 86
62 89
62 90
62 93
62 94
62 99
63 5
63 6
63 7
63 8
63 11
63 12
63 13
63 20
63 23
63 25
63 26
63 27
63 28
63 32
63 33
63 35
63 36
63 41
63 42
63 43
63 44
63 47
63 49
63 50
63 55
63 58
63 60
63 61
63 62
63 65
63 67
63 69
63 71
63 73
63 77
63 81
63 83
63 84
63 89
63 93
63 95
63 97
63 98
63 100
64 2
64 3
64 8
64 11
64 12
64 13
64 16
64 20
64 22
64 23
64 28
64 29
64 30
64 31
64 33
64 38
64 39
64 41
64 43
64 47
64 48
64 50
64 53
64 55
64 56
64 60
64 61
64 62
64 66
64 67
64 69
64 70
64 71
64 72
64 74
64 76
64 81
64 82
64 83
64 88
64 91
64 99
65 2
65 5
65 9
65 11
65 14
65 16
65 18
65 21
65 22
65 26
65 28
65 33
65 36
65 37
65 38
65 39
65 40
65 43
65 45
65 48
65 49
65 50
65 51
65 55
65 56
65 60
65 61
65 63
65 66
65 68
65 69
65 70
65 72
65 74
65 76
65 80
65 81
65 84
65 86
65 87
65 88
65 90
65 94
65 97
65 98
66 3
66 10
66 13
66 16
66 19
66 21
66 22
66 28
66 29
66 30
66 32
66 33
66 34
66 37
66 42
66 55
66 57
66 64
66 65
66 71
66 72
66 73
66 75
66 78
66 79
66 80
66 82
66 84
66 86
66 88
66 90
66 91
66 92
66 96
66 99
67 12
67 13
67 14
67 18
67 19
67 22
67 23
67 29
67 36
67 42
67 43
67 51
67 53
67 58
67 61
67 63
67 64
67 69
67 76
67 78
67 79
67 80
67 83
67 88
67 89
67 90
67 91
67 92
68 1
68 8
68 11
68 19
68 20
68 23
68 24
68 25
68 26
68 27
68 30
68 31
68 32
68 34
68 37
68 38
68 40
68 43
68 48
68 50
68 55
68 56
68 57
68 61
68 62
68 65
68 70
68 75
68 76
68 77
68 83
68 84
68 85
68 86
68 88
68 90
68 92
68 94
68 98
68 99
68 100
69 1
69 2
69 3
69 6
69 12
69 13
69 14
69 19
69 20
69 26
69 29
69 31
69 33
69 37
69 39
69 46
69 49
69 53
69 55
69 56
69 57
69 58
69 59
69 63
69 64
69 65
69 67
69 72
69 74
69 76
69 79
69 82
69 83
69 88
69 89
69 93
69 96
69 98
69 99
70 1
70 7
70 8
70 10
70 14
70 17
70 19
70 20
70 22
70 27
70 29
70 33
70 38
70 48
70 56
70 58
70 59
70 61
70 62
70 64
70 65
70 68
70 72
70 75
70 77
70 80
70 86
70 91
70 93
70 94
70 97
70 100
71 1
71 2
71 7
71 13
71 15
71 16
71 18
71 21
71 23
71 26
71 29
71 30
71 31
71 33
71 40
71 46
71 47
71 56
71 57
71 59
71 60
71 61
71 63
71 64
71 66
71 74
71 75
71 77
71 79
71 81
71 82
71 83
71 90
71 92
71 93
71 94
71 95
71 97
71 98
72 1
72 3
72 5
72 7
72 10
72 13
72 14
72 16
72 17
72 18
72 25
72 27
72 32
72 34
72 36
72 42
72 44
72 46
72 48
72 49
72 50
72 54
72 55
72 61
72 64
72 65
72 66
72 69
72 70
72 73
72 74
72 81
72 83
72 85
72 89
72 91
72 94
72 100
73 1
73 3
73 4
73 5
73 10
73 11
73 12
73 13
73 18
73 19
73 21
73 23
73 27
73 28
73 30
73 32
73 33
73 38
73 48
73 50
73 54
73 55
73 57
73 60
73 61
73 62
73 63
73 66
73 72
73 76
73 77
73 78
73 85
73 86
73 88
73 90
73 92
73 94
73 96
73 97
73 100
74 3
74 4
74 6
74 7
74 10
74 11
74 12
74 13
74 16
74 19
74 25
74 26
74 27
74 30
74 35
74 36
74 38
74 39
74 40
74 45
74 51
74 55
74 56
74 59
74 62
74 64
74 65
74 69
74 71
74 72
74 76
74 78
74 84
74 88
74 91
74 96
74 97
74 99
75 3
75 5
75 6
75 7
75 8
75 10
75 15
75 16
75 17
75 18
75 20
75 24
75 28
75 31
75 34
75 35
75 36
75 39
75 48
75 51
75 52
75 54
75 55
75 61
75 66
75 68
75 70
75 71
75 78
75 79
75 80
75 81
75 86
75 87
75 90
75 94
76 2
76 3
76 4
76 9
76 13
76 16
76 17
76 18
76 19
76 21
76 22
76 23
76 25
76 26
76 28
76 32
76 34
76 37
76 38
76 39
76 40
76 41
76 44
76 46
76 48
76 51
76 52
76 57
76 58
76 59
76 61
76 62
76 64
76 65
76 67
76 68
76 69
76 73
76 74
76 79
76 84
76 88
76 90
76 94
76 97
76 100
77 3
77 9
77 10
77 13
77 14
77 15
77 18
77 23
77 24
77 27
77 28
77 34
77 35
77 40
77 42
77 45
77 46
77 49
77 50
77 51
77 52
77 55
77 56
77 58
77 60
77 62
77 63
77 68
77 70
77 71
77 73
77 78
77 80
77 86
77 87
77 89
77 90
77 91
77 92
77 96
77 97
77 98
77 100
78 2
78 3
78 7
78 8
78 9
78 10
78 13
78 18
78 19
78 21
78 23
78 24
78 25
78 33
78 36
78 39
78 40
78 44
78 46
78 47
78 49
78 50
78 51
78 56
78 57
78 58
78 60
78 62
78 66
78 67
78 73
78 74
78 75
78 77
78 79
78 82
78 83
78 88
78 89
78 93
78 95
78 96
78 99
78 100
79 3
79 5
79 7
79 10
79 11
79 12
79 16
79 18
79 20
79 21
79 22
79 25
79 26
79 27
79 29
79 31
79 34
79 36
79 37
79 39
79 41
79 43
79 45
79 46
79 49
79 52
79 53
79 55
79 56
79 57
79 58
79 59
79 60
79 61
79 66
79 67
79 69
79 71
79 75
79 76
79 78
79 80
79 83
79 85
79 86
79 87
79 90
79 96
79 97
79 98
80 2
80 4
80 5
80 7
80 8
80 10
80 11
80 12
80 13
80 14
80 16
80 23
80 24
80 25
80 27
80 29
80 31
80 38
80 39
80 42
80 43
80 46
80 47
80 53
80 57
80 58
80 59
80 62
80 65
80 66
80 67
80 70
80 75
80 77
80 79
80 85
80 86
80 90
80 96
80 98
81 1
81 7
81 8
81 12
81 15
81 20
81 22
81 23
81 24
81 26
81 29
81 30
81 32
81 33
81 36
81 40
81 41
81 43
81 49
81 50
81 54
81 57
81 61
81 63
81 64
81 65
81 71
81 72
81 75
81 84
81 86
81 88
81 92
81 93
81 97
81 98
81 100
82 2
82 3
82 4
82 6
82 7
82 9
82 10
82 11
82 13
82 14
82 23
82 25
82 29
82 32
82 39
82 46
82 49
82 51
82 52
82 54
82 55
82 56
82 62
82 64
82 66
82 69
82 71
82 78
82 84
82 85
82 89
82 92
82 93
82 99
83 1
83 4
83 9
83 10
83 18
83 19
83 20
83 21
83 22
83 25
83 27
83 30
83 31
83 32
83 35
83 39
83 46
83 47
83 49
83 50
83 52
83 53
83 57
83 58
83 60
83 63
83 64
83 67
83 68
83 69
83 71
83 72
83 78
83 79
83 87
83 88
83 89
83 91
83 92
83 94
83 99
84 2
84 3
84 8
84 10
84 12
84 13
84 18
84 20
84 22
84 26
84 28
84 33
84 35
84 36
84 37
84 39
84 40
84 41
84 42
84 46
84 49
84 54
84 56
84 58
84 59
84 60
84 63
84 65
84 66
84 68
84 74
84 76
84 81
84 82
84 86
84 89
84 91
84 92
84 94
84 96
85 8
85 9
85 12
85 13
85 16
85 18
85 22
85 24
85 26
85 27
85 34
85 35
85 38
85 39
85 40
85 43
85 44
85 45
85 46
85 48
85 52
85 55
85 62
85 68
85 72
85 73
85 79
85 80
85 82
85 88
85 90
85 91
85 92
85 93
85 95
85 98
86 2
86 3
86 10
86 13
86 17
86 19
86 22
86 27
86 29
86 34
86 40
86 42
86 43
86 46
86 49
86 50
86 54
86 55
86 57
86 62
86 65
86 66
86 68
86 70
86 73
86 75
86 77
86 79
86 80
86 81
86 84
86 88
86 94
86 95
86 97
87 3
87 5
87 7
87 8
87 9
87 11
87 13
87 14
87 19
87 20
87 22
87 26
87 27
87 29
87 30
87 33
87 34
87 35
87 36
87 39
87 42
87 44
87 48
87 50
87 51
87 52
87 54
87 56
87 65
87 75
87 77
87 79
87 83
87 88
87 89
87 91
87 92
87 99
88 1
88 2
88 6
88 12
88 13
88 18
88 19
88 21
88 25
88 27
88 34
88 35
88 37
88 47
88 50
88 55
88 56
88 57
88 64
88 65
88 66
88 67
88 68
88 69
88 73
88 74
88 76
88 78
88 81
88 83
88 85
88 86
88 87
88 89
88 94
88 100
89 2
89 5
89 6
89 7
89 8
89 9
89 10
89 12
89 15
89 19
89 25
89 27
89 28
89 30
89 39
89 40
89 43
89 44
89 45
89 51
89 61
89 62
89 63
89 67
89 69
89 72
89 77
89 78
89 82
89 83
89 84
89 87
89 88
89 96
89 99
89 100
90 3
90 4
90 6
90 8
90 10
90 11
90 20
90 22
90 25
90 26
90 30
90 32
90 37
90 39
90 42
90 43
90 44
90 50
90 51
90 52
90 53
90 55
90 57
90 60
90 61
90 62
90 65
90 66
90 67
90 68
90 71
90 73
90 75
90 76
90 77
90 79
90 80
90 85
90 91
90 97
91 3
91 4
91 5
91 6
91 8
91 9
91 14
91 15
91 17
91 19
91 25
91 30
91 39
91 40
91 42
91 43
91 45
91 50
91 55
91 59
91 60
91 61
91 64
91 66
91 67
91 70
91 72
91 74
91 77
91 83
91 84
91 85
91 87
91 90
91 96
91 97
91 99
91 100
92 1
92 2
92 4
92 5
92 16
92 17
92 20
92 24
92 25
92 26
92 28
92 30
92 31
92 33
92 35
92 36
92 37
92 39
92 40
92 44
92 45
92 47
92 49
92 51
92 54
92 55
92 56
92 58
92 59
92 60
92 66
92 67
92 68
92 71
92 73
92 77
92 81
92 82
92 83
92 84
92 85
92 87
92 96
93 2
93 10
93 11
93 13
93 20
93 23
93 24
93 25
93 26
93 27
93 29
93 31
93 33
93 34
93 35
93 37
93 38
93 41
93 45
93 46
93 47
93 54
93 55
93 56
93 59
93 62
93 63
93 69
93 70
93 71
93 78
93 81
93 82
93 85
94 1
94 2
94 3
94 4
94 6
94 13
94 16
94 18
94 21
94 22
94 24
94 26
94 28
94 34
94 35
94 37
94 39
94 44
94 45
94 47
94 51
94 54
94 60
94 62
94 65
94 68
94 70
94 71
94 72
94 73
94 75
94 76
94 83
94 84
94 86
94 88
94 97
94 98
94 99
94 100
95 2
95 3
95 4
95 5
95 8
95 9
95 11
95 14
95 15
95 16
95 17
95 20
95 28
95 29
95 30
95 38
95 39
95 40
95 41
95 45
95 47
95 48
95 49
95 60
95 63
95 71
95 78
95 85
95 86
95 96
95 97
95 98
95 99
96 2
96 3
96 4
96 6
96 7
96 8
96 16
96 21
96 23
96 26
96 28
96 31
96 34
96 39
96 40
96 42
96 43
96 48
96 49
96 50
96 51
96 53
96 59
96 66
96 69
96 73
96 74
96 77
96 78
96 79
96 80
96 84
96 89
96 91
96 92
96 95
96 100
97 1
97 2
97 4
97 7
97 9
97 10
97 12
97 14
97 24
97 26
97 31
97 33
97 37
97 38
97 41
97 45
97 47
97 51
97 52
97 55
97 57
97 60
97 63
97 65
97 70
97 71
97 73
97 74
97 76
97 77
97 79
97 81
97 86
97 90
97 91
97 94
97 95
97 98
97 99
98 4
98 17
98 18
98 19
98 22
98 23
98 25
98 26
98 28
98 30
98 32
98 34
98 45
98 49
98 52
98 53
98 54
98 57
98 59
98 60
98 63
98 65
98 68
98 69
98 71
98 77
98 79
98 80
98 81
98 85
98 94
98 95
98 97
98 99
99 5
99 6
99 10
99 13
99 15
99 16
99 18
99 19
99 20
99 22
99 23
99 25
99 29
99 30
99 34
99 39
99 41
99 44
99 45
99 50
99 51
99 53
99 54
99 55
99 57
99 58
99 59
99 60
99 62
99 64
99 66
99 68
99 69
99 74
99 78
99 82
99 83
99 87
99 89
99 91
99 94
99 95
99 97
99 98
100 3
100 5
100 10
100 15
100 16
100 20
100 21
100 23
100 26
100 27
100 30
100 32
100 33
100 45
100 48
100 53
100 56
100 57
100 63
100 68
100 70
100 72
100 73
100 76
100 77
100 78
100 81
100 88
100 89
100 91
100 94
100 96
