25
1 3
1 5
1 8
1 13
1 15
1 17
1 20
1 21
1 22
1 23
1 24
2 3
2 16
3 1
3 2
3 5
3 6
3 7
3 8
3 10
3 11
3 12
3 14
3 15
3 16
3 17
4 7
4 12
4 14
4 16
4 17
5 1
5 3
5 6
5 8
5 9
5 16
5 18
5 21
5 23
6 3
6 5
6 10
6 11
6 18
6 19
6 20
6 22
6 25
7 3
7 4
7 8
7 12
7 13
7 15
7 17
7 20
7 25
8 1
8 3
8 5
8 7
8 10
8 13
8 15
8 18
8 20
8 25
9 5
9 12
9 17
9 18
9 19
9 22
10 3
10 6
10 8
10 11
10 12
10 17
10 18
10 21
10 22
10 23
10 25
11 3
11 6
11 10
11 14
11 16
11 17
11 18
11 19
11 20
11 21
11 22
11 23
11 24
12 3
12 4
12 7
12 9
12 10
12 14
12 21
12 23
12 24
12 25
13 1
13 7
13 8
13 23
14 3
14 4
14 11
14 12
14 15
14 16
14 17
14 18
14 20
14 21
14 23
15 1
15 3
15 7
15 8
15 14
15 16
15 17
15 18
15 21
16 2
16 3
16 4
16 5
16 11
16 14
16 15
16 18
16 22
16 23
17 1
17 3
17 4
17 7
17 9
17 10
17 11
17 14
17 15
17 18
17 20
17 22
17 23
17 24
17 25
18 5
18 6
18 8
18 9
18 10
18 11
18 14
18 15
18 16
18 17
18 20
18 22
18 24
18 25
19 6
19 9
19 11
19 20
19 21
19 23
19 24
20 1
20 6
20 7
20 8
20 11
20 14
20 17
20 18
20 19
20 21
20 23
21 1
21 5
21 10
21 11
21 12
21 14
21 15
21 19
21 20
21 23
22 1
22 6
22 9
22 10
22 11
22 16
22 17
22 18
22 25
23 1
23 5
23 10
23 11
23 12
23 13
23 14
23 16
23 17
23 19
23 20
23 21
23 24
24 1
24 11
24 12
24 17
24 18
24 19
24 23
25 6
25 7
25 8
25 10
25 12
25 17
25 18
25 22
