25
1 3
1 5
1 6
1 7
1 8
1 9
1 11
1 13
1 14
1 16
1 17
1 18
1 19
1 20
1 21
1 23
1 24
2 5
2 6
2 7
2 8
2 9
2 10
2 11
2 15
2 18
2 20
2 21
2 22
2 24
3 1
3 4
3 5
3 6
3 7
3 11
3 13
3 14
3 16
3 17
3 18
3 20
3 22
3 25
4 3
4 5
4 7
4 8
4 10
4 11
4 13
4 14
4 17
4 19
4 20
4 21
4 23
5 1
5 2
5 3
5 4
5 6
5 7
5 8
5 9
5 13
5 15
5 16
5 18
5 19
5 21
5 23
5 24
6 1
6 2
6 3
6 5
6 7
6 8
6 10
6 11
6 12
6 15
6 16
6 17
6 20
6 21
6 22
6 25
7 1
7 2
7 3
7 4
7 5
7 6
7 10
7 11
7 12
7 14
7 15
7 16
7 17
7 18
7 19
7 22
8 1
8 2
8 4
8 5
8 6
8 9
8 10
8 14
8 15
8 16
8 17
8 19
8 21
8 22
8 23
8 25
9 1
9 2
9 5
9 8
9 10
9 11
9 15
9 17
9 18
9 21
9 23
9 24
10 2
10 4
10 6
10 7
10 8
10 9
10 12
10 16
10 18
10 19
10 21
10 22
10 24
11 1
11 2
11 3
11 4
11 6
11 7
11 9
11 12
11 17
11 19
11 20
11 22
11 25
12 6
12 7
12 10
12 11
12 13
12 14
12 17
12 20
12 21
12 22
12 23
13 1
13 3
13 4
13 5
13 12
13 14
13 15
13 16
13 17
13 18
13 19
13 21
13 25
14 1
14 3
14 4
14 7
14 8
14 12
14 13
14 15
14 19
14 21
14 22
15 2
15 5
15 6
15 7
15 8
15 9
15 13
15 14
15 16
15 19
15 20
15 21
15 23
15 24
16 1
16 3
16 5
16 6
16 7
16 8
16 10
16 13
16 15
16 20
16 21
16 22
17 1
17 3
17 4
17 6
17 7
17 8
17 9
17 11
17 12
17 13
17 19
17 20
17 21
17 22
17 24
18 1
18 2
18 3
18 5
18 7
18 9
18 10
18 13
18 19
18 20
18 21
18 22
18 23
18 24
18 25
19 1
19 4
19 5
19 7
19 8
19 10
19 11
19 13
19 14
19 15
19 17
19 18
19 21
19 22
19 23
19 24
19 25
20 1
20 2
20 3
20 4
20 6
20 11
20 12
20 15
20 16
20 17
20 18
20 21
20 22
20 23
20 24
20 25
21 1
21 2
21 4
21 5
21 6
21 8
21 9
21 10
21 12
21 13
21 14
21 15
21 16
21 17
21 18
21 19
21 20
21 24
21 25
22 2
22 3
22 6
22 7
22 8
22 10
22 11
22 12
22 14
22 16
22 17
22 18
22 19
22 20
22 24
23 1
23 4
23 5
23 8
23 9
23 12
23 15
23 18
23 19
23 20
23 24
23 25
24 1
24 2
24 5
24 9
24 10
24 15
24 17
24 18
24 19
24 20
24 21
24 22
24 23
25 3
25 6
25 8
25 11
25 13
25 18
25 19
25 20
25 21
25 23
