25
1 2
1 3
1 5
1 6
1 7
1 9
1 10
1 11
1 12
1 13
1 16
1 17
1 18
1 19
1 20
1 22
1 24
2 1
2 3
2 4
2 6
2 7
2 8
2 10
2 12
2 13
2 14
2 16
2 18
2 24
3 1
3 2
3 5
3 6
3 8
3 9
3 10
3 11
3 12
3 14
3 15
3 16
3 17
3 18
3 19
3 20
3 21
3 24
3 25
4 2
4 8
4 9
4 11
4 13
4 14
4 15
4 16
4 17
4 18
4 20
4 23
4 24
5 1
5 3
5 8
5 9
5 10
5 12
5 14
5 15
5 16
5 17
5 18
5 20
5 22
5 24
5 25
6 1
6 2
6 3
6 8
6 9
6 12
6 13
6 14
6 16
6 18
6 19
6 20
6 21
6 23
6 24
7 1
7 2
7 8
7 10
7 11
7 12
7 13
7 14
7 15
7 17
7 18
7 19
7 20
7 21
7 23
7 24
7 25
8 2
8 3
8 4
8 5
8 6
8 7
8 9
8 10
8 11
8 12
8 13
8 14
8 17
8 19
8 21
8 23
8 24
9 1
9 3
9 4
9 5
9 6
9 8
9 10
9 12
9 13
9 14
9 17
9 19
9 20
9 21
9 22
9 24
10 1
10 2
10 3
10 5
10 7
10 8
10 9
10 11
10 12
10 13
10 15
10 18
10 21
10 22
10 25
11 1
11 3
11 4
11 7
11 8
11 10
11 12
11 13
11 15
11 16
11 17
11 19
11 21
12 1
12 2
12 3
12 5
12 6
12 7
12 8
12 9
12 10
12 11
12 13
12 16
12 18
12 19
12 20
12 21
12 22
12 23
12 24
12 25
13 1
13 2
13 4
13 6
13 7
13 8
13 9
13 10
13 11
13 12
13 15
13 16
13 17
13 19
13 24
13 25
14 2
14 3
14 4
14 5
14 6
14 7
14 8
14 9
14 15
14 18
14 19
14 20
14 21
14 22
14 24
14 25
15 3
15 4
15 5
15 7
15 10
15 11
15 13
15 14
15 18
15 19
16 1
16 2
16 3
16 4
16 5
16 6
16 11
16 12
16 13
16 17
16 19
16 20
16 24
16 25
17 1
17 3
17 4
17 5
17 7
17 8
17 9
17 11
17 13
17 16
17 19
17 20
17 21
17 22
18 1
18 2
18 3
18 4
18 5
18 6
18 7
18 10
18 12
18 14
18 15
18 19
18 22
18 23
19 1
19 3
19 6
19 7
19 8
19 9
19 11
19 12
19 13
19 14
19 15
19 16
19 17
19 18
19 20
19 23
19 24
19 25
20 1
20 3
20 4
20 5
20 6
20 7
20 9
20 12
20 14
20 16
20 17
20 19
20 21
20 22
20 23
21 3
21 6
21 7
21 8
21 9
21 10
21 11
21 12
21 14
21 17
21 20
21 24
21 25
22 1
22 5
22 9
22 10
22 12
22 14
22 17
22 18
22 20
22 23
22 24
22 25
23 4
23 6
23 7
23 8
23 12
23 18
23 19
23 20
23 22
23 24
24 1
24 2
24 3
24 4
24 5
24 6
24 7
24 8
24 9
24 12
24 13
24 14
24 16
24 19
24 21
24 22
24 23
24 25
25 3
25 5
25 7
25 10
25 12
25 13
25 14
25 16
25 19
25 21
25 22
25 24
