25
1 2
1 3
1 4
1 5
1 7
1 8
1 9
1 10
1 16
1 22
1 23
1 25
2 1
2 3
2 5
2 6
2 7
2 8
2 10
2 12
2 16
2 17
2 18
2 19
2 20
2 21
2 22
2 23
2 24
3 1
3 2
3 5
3 6
3 7
3 8
3 9
3 12
3 13
3 14
3 15
3 16
3 18
3 20
3 21
3 23
3 24
3 25
4 1
4 6
4 7
4 8
4 9
4 10
4 11
4 12
4 15
4 16
4 18
4 20
4 22
4 23
4 25
5 1
5 2
5 3
5 7
5 8
5 10
5 12
5 13
5 14
5 15
5 16
5 17
5 18
5 19
5 21
5 24
5 25
6 2
6 3
6 4
6 7
6 8
6 10
6 11
6 12
6 15
6 20
6 23
6 24
6 25
7 1
7 2
7 3
7 4
7 5
7 6
7 8
7 10
7 11
7 15
7 16
7 19
7 20
7 21
7 22
7 23
7 24
8 1
8 2
8 3
8 4
8 5
8 6
8 7
8 9
8 10
8 11
8 13
8 15
8 16
8 24
9 1
9 3
9 4
9 8
9 12
9 13
9 15
9 16
9 17
9 20
9 22
9 23
10 1
10 2
10 4
10 5
10 6
10 7
10 8
10 11
10 13
10 14
10 16
10 17
10 18
10 24
10 25
11 4
11 6
11 7
11 8
11 10
11 12
11 14
11 16
11 17
11 19
11 20
11 21
11 23
11 25
12 2
12 3
12 4
12 5
12 6
12 9
12 11
12 13
12 14
12 15
12 16
12 19
12 20
12 21
12 23
12 24
12 25
13 3
13 5
13 8
13 9
13 10
13 12
13 14
13 16
13 18
13 19
13 21
13 22
13 23
13 24
14 3
14 5
14 10
14 11
14 12
14 13
14 15
14 17
14 19
15 3
15 4
15 5
15 6
15 7
15 8
15 9
15 12
15 14
15 16
15 18
15 21
15 23
15 24
16 1
16 2
16 3
16 4
16 5
16 7
16 8
16 9
16 10
16 11
16 12
16 13
16 15
16 17
16 19
16 20
16 21
16 22
16 23
16 24
17 2
17 5
17 9
17 10
17 11
17 14
17 16
17 19
17 21
17 22
17 23
18 2
18 3
18 4
18 5
18 10
18 13
18 15
18 20
18 21
18 22
18 23
18 25
19 2
19 5
19 7
19 11
19 12
19 13
19 14
19 16
19 17
19 20
19 23
20 2
20 3
20 4
20 6
20 7
20 9
20 11
20 12
20 16
20 18
20 19
20 21
20 22
20 23
20 24
20 25
21 2
21 3
21 5
21 7
21 11
21 12
21 13
21 15
21 16
21 17
21 18
21 20
21 22
21 24
21 25
22 1
22 2
22 4
22 7
22 9
22 13
22 16
22 17
22 18
22 20
22 21
22 23
22 24
23 1
23 2
23 3
23 4
23 6
23 7
23 9
23 11
23 12
23 13
23 15
23 16
23 17
23 18
23 19
23 20
23 22
23 24
23 25
24 2
24 3
24 5
24 6
24 7
24 8
24 10
24 12
24 13
24 15
24 16
24 20
24 21
24 22
24 23
24 25
25 1
25 3
25 4
25 5
25 6
25 10
25 11
25 12
25 18
25 20
25 21
25 23
25 24
