25
1 2
1 3
1 4
1 5
1 6
1 8
1 9
1 10
1 11
1 13
1 14
1 17
1 19
1 21
1 22
1 25
2 1
2 3
2 5
2 6
2 8
2 11
2 14
2 15
2 16
2 19
2 21
2 24
3 1
3 2
3 5
3 6
3 7
3 8
3 9
3 10
3 12
3 13
3 17
3 18
3 19
3 21
3 22
3 23
3 24
4 1
4 5
4 6
4 7
4 8
4 9
4 11
4 14
4 15
4 16
4 18
4 19
4 21
4 22
4 23
4 24
5 1
5 2
5 3
5 4
5 8
5 10
5 11
5 12
5 13
5 14
5 15
5 16
5 17
5 18
5 19
5 21
5 22
5 25
6 1
6 2
6 3
6 4
6 7
6 8
6 10
6 15
6 17
6 18
6 20
6 21
6 22
6 23
6 25
7 3
7 4
7 6
7 10
7 12
7 13
7 15
7 17
7 18
7 19
7 20
7 21
7 22
7 23
7 24
8 1
8 2
8 3
8 4
8 5
8 6
8 9
8 10
8 13
8 15
8 16
8 17
8 19
8 21
8 23
8 25
9 1
9 3
9 4
9 8
9 10
9 11
9 12
9 14
9 15
9 16
9 17
9 18
9 20
9 21
9 22
9 23
9 25
10 1
10 3
10 5
10 6
10 7
10 8
10 9
10 11
10 13
10 16
10 17
10 18
10 19
11 1
11 2
11 4
11 5
11 9
11 10
11 12
11 15
11 16
11 17
11 18
11 19
11 20
11 22
11 24
12 3
12 5
12 7
12 9
12 11
12 14
12 15
12 17
12 19
12 20
12 23
12 24
12 25
13 1
13 3
13 5
13 7
13 8
13 10
13 17
13 19
13 22
13 23
13 24
14 1
14 2
14 4
14 5
14 9
14 12
14 18
14 20
14 21
14 22
14 23
14 25
15 2
15 4
15 5
15 6
15 7
15 8
15 9
15 11
15 12
15 18
15 19
15 20
15 21
16 2
16 4
16 5
16 8
16 9
16 10
16 11
16 18
16 19
16 20
16 21
16 22
16 23
16 24
17 1
17 3
17 5
17 6
17 7
17 8
17 9
17 10
17 11
17 12
17 13
17 19
17 20
17 21
18 3
18 4
18 5
18 6
18 7
18 9
18 10
18 11
18 14
18 15
18 16
18 20
18 21
18 22
18 25
19 1
19 2
19 3
19 4
19 5
19 7
19 8
19 10
19 11
19 12
19 13
19 15
19 16
19 17
19 23
20 6
20 7
20 9
20 11
20 12
20 14
20 15
20 16
20 17
20 18
20 21
20 22
20 23
20 24
21 1
21 2
21 3
21 4
21 5
21 6
21 7
21 8
21 9
21 14
21 15
21 16
21 17
21 18
21 20
21 25
22 1
22 3
22 4
22 5
22 6
22 7
22 9
22 11
22 13
22 14
22 16
22 18
22 20
23 3
23 4
23 6
23 7
23 8
23 9
23 12
23 13
23 14
23 16
23 19
23 20
23 24
24 2
24 3
24 4
24 7
24 11
24 12
24 13
24 16
24 20
24 23
24 25
25 1
25 5
25 6
25 8
25 9
25 12
25 14
25 18
25 21
25 24
