25
1 3
1 5
1 6
1 8
1 15
1 17
1 19
1 21
1 23
2 5
2 9
2 20
2 22
3 1
3 5
3 8
3 12
3 14
3 16
3 19
3 20
3 21
3 23
4 5
4 7
4 11
4 20
4 21
4 22
5 1
5 2
5 3
5 4
5 6
5 9
5 10
5 16
5 18
5 20
5 21
5 23
6 1
6 5
6 9
6 13
6 14
6 17
6 22
6 23
6 24
6 25
7 4
7 8
7 10
7 11
7 12
7 13
7 16
7 18
7 20
8 1
8 3
8 7
8 10
8 13
8 14
8 16
8 17
8 18
8 21
8 24
8 25
9 2
9 5
9 6
9 10
9 12
9 14
9 17
9 18
9 25
10 5
10 7
10 8
10 9
10 14
10 15
10 16
10 18
10 20
10 21
10 22
11 4
11 7
11 12
11 13
11 14
11 16
11 18
11 19
11 21
11 24
12 3
12 7
12 9
12 11
12 15
12 16
12 22
12 23
12 24
12 25
13 6
13 7
13 8
13 11
13 14
13 15
13 16
13 17
13 18
13 19
13 21
13 23
13 25
14 3
14 6
14 8
14 9
14 10
14 11
14 13
14 15
14 16
14 17
14 21
14 24
14 25
15 1
15 10
15 12
15 13
15 14
15 17
15 20
15 25
16 3
16 5
16 7
16 8
16 10
16 11
16 12
16 13
16 14
16 17
16 18
16 20
16 22
16 24
17 1
17 6
17 8
17 9
17 13
17 14
17 15
17 16
17 18
17 23
18 5
18 7
18 8
18 9
18 10
18 11
18 13
18 16
18 17
18 19
18 20
18 21
18 23
19 1
19 3
19 11
19 13
19 18
19 21
19 22
20 2
20 3
20 4
20 5
20 7
20 10
20 15
20 16
20 18
20 21
20 23
20 24
21 1
21 3
21 4
21 5
21 8
21 10
21 11
21 13
21 14
21 18
21 19
21 20
21 24
22 2
22 4
22 6
22 10
22 12
22 16
22 19
22 23
22 24
23 1
23 3
23 5
23 6
23 12
23 13
23 17
23 18
23 20
23 22
23 24
23 25
24 6
24 8
24 11
24 12
24 14
24 16
24 20
24 21
24 22
24 23
24 25
25 6
25 8
25 9
25 12
25 13
25 14
25 15
25 23
25 24
