25
1 2
1 6
1 9
1 10
1 11
1 14
1 15
1 16
1 19
1 25
2 1
2 7
2 8
2 11
2 13
2 16
2 21
2 24
2 25
3 7
3 9
3 10
3 11
3 13
3 15
3 16
3 17
3 18
3 19
3 20
3 22
3 23
3 24
4 9
4 11
4 12
4 13
4 14
4 15
4 17
4 18
4 24
4 25
5 7
5 8
5 9
5 13
5 14
5 17
5 18
5 19
5 20
5 21
5 23
5 24
6 1
6 7
6 9
6 10
6 11
6 12
6 14
6 17
6 25
7 2
7 3
7 5
7 6
7 18
7 19
7 20
7 24
7 25
8 2
8 5
8 9
8 11
8 14
8 16
8 17
8 20
8 21
8 24
8 25
9 1
9 3
9 4
9 5
9 6
9 8
9 10
9 11
9 14
9 21
10 1
10 3
10 6
10 9
10 13
10 14
10 18
10 21
11 1
11 2
11 3
11 4
11 6
11 8
11 9
11 13
11 15
11 16
11 17
11 19
11 20
11 21
11 23
11 24
12 4
12 6
12 16
12 18
12 20
12 21
12 24
12 25
13 2
13 3
13 4
13 5
13 10
13 11
13 14
13 15
13 18
13 20
13 21
13 23
13 25
14 1
14 4
14 5
14 6
14 8
14 9
14 10
14 13
14 18
14 22
14 23
14 25
15 1
15 3
15 4
15 11
15 13
15 21
15 23
16 1
16 2
16 3
16 8
16 11
16 12
16 17
16 18
16 21
16 23
17 3
17 4
17 5
17 6
17 8
17 11
17 16
17 19
17 20
17 21
17 22
17 24
17 25
18 3
18 4
18 5
18 7
18 10
18 12
18 13
18 14
18 16
18 19
18 25
19 1
19 3
19 5
19 7
19 11
19 17
19 18
19 20
19 21
20 3
20 5
20 7
20 8
20 11
20 12
20 13
20 17
20 19
20 23
20 24
20 25
21 2
21 5
21 8
21 9
21 10
21 11
21 12
21 13
21 15
21 16
21 17
21 19
21 23
21 24
22 3
22 14
22 17
22 23
22 24
23 3
23 5
23 11
23 13
23 14
23 15
23 16
23 20
23 21
23 22
23 25
24 2
24 3
24 4
24 5
24 7
24 8
24 11
24 12
24 17
24 20
24 21
24 22
24 25
25 1
25 2
25 4
25 6
25 7
25 8
25 12
25 13
25 14
25 17
25 18
25 20
25 23
25 24
