25
1 5
1 6
1 7
1 8
1 9
1 13
1 14
1 15
1 16
1 17
1 19
1 20
1 21
1 22
1 23
1 24
2 4
2 6
2 7
2 9
2 10
2 11
2 12
2 13
2 14
2 15
2 19
2 20
2 22
2 24
3 4
3 6
3 9
3 12
3 13
3 18
3 19
3 22
3 24
4 2
4 3
4 5
4 6
4 10
4 11
4 12
4 13
4 18
4 20
4 22
5 1
5 4
5 6
5 8
5 11
5 12
5 16
5 17
5 18
5 21
5 22
5 23
5 24
5 25
6 1
6 2
6 3
6 4
6 5
6 7
6 8
6 10
6 11
6 12
6 14
6 16
6 17
6 18
6 19
6 20
6 22
6 23
7 1
7 2
7 6
7 8
7 9
7 10
7 11
7 13
7 14
7 16
7 20
7 21
7 22
7 23
7 24
8 1
8 5
8 6
8 7
8 9
8 10
8 11
8 13
8 16
8 17
8 18
8 21
8 23
8 24
9 1
9 2
9 3
9 7
9 8
9 10
9 11
9 12
9 13
9 14
9 16
9 17
9 19
9 22
9 23
9 25
10 2
10 4
10 6
10 7
10 8
10 9
10 13
10 15
10 16
10 17
10 19
10 20
10 24
10 25
11 2
11 4
11 5
11 6
11 7
11 8
11 9
11 14
11 15
11 16
11 17
11 20
11 21
11 22
11 23
11 24
11 25
12 2
12 3
12 4
12 5
12 6
12 9
12 13
12 14
12 16
12 17
12 19
12 21
12 22
13 1
13 2
13 3
13 4
13 7
13 8
13 9
13 10
13 12
13 14
13 16
13 17
13 18
13 19
13 20
13 22
13 24
13 25
14 1
14 2
14 6
14 7
14 9
14 11
14 12
14 13
14 15
14 18
14 20
14 22
14 23
14 24
15 1
15 2
15 10
15 11
15 14
15 16
15 17
15 19
15 20
15 21
15 22
15 24
15 25
16 1
16 5
16 6
16 7
16 8
16 9
16 10
16 11
16 12
16 13
16 15
16 21
16 22
16 24
17 1
17 5
17 6
17 8
17 9
17 10
17 11
17 12
17 13
17 15
17 18
17 19
17 20
17 21
17 25
18 3
18 4
18 5
18 6
18 8
18 13
18 14
18 17
18 19
18 20
18 21
18 23
18 24
18 25
19 1
19 2
19 3
19 6
19 9
19 10
19 12
19 13
19 15
19 17
19 18
19 20
19 22
19 25
20 1
20 2
20 4
20 6
20 7
20 10
20 11
20 13
20 14
20 15
20 17
20 18
20 19
20 21
20 22
20 23
20 25
21 1
21 5
21 7
21 8
21 11
21 12
21 15
21 16
21 17
21 18
21 20
21 23
21 24
22 1
22 2
22 3
22 4
22 5
22 6
22 7
22 9
22 11
22 12
22 13
22 14
22 15
22 16
22 19
22 20
22 24
23 1
23 5
23 6
23 7
23 8
23 9
23 11
23 14
23 18
23 20
23 21
23 24
24 1
24 2
24 3
24 5
24 7
24 8
24 10
24 11
24 13
24 14
24 15
24 16
24 18
24 21
24 22
24 23
25 5
25 9
25 10
25 11
25 13
25 15
25 17
25 18
25 19
25 20
