25
1 2
1 5
1 6
1 10
1 13
1 14
1 15
1 16
1 17
1 18
1 19
1 21
1 23
2 1
2 3
2 5
2 16
2 19
3 2
3 16
3 17
3 18
3 19
3 21
3 22
3 23
3 24
3 25
4 12
4 16
4 18
4 19
4 20
4 22
4 23
4 24
4 25
5 1
5 2
5 10
5 11
5 12
5 14
5 16
5 17
5 18
5 19
5 21
5 22
5 25
6 1
6 7
6 8
6 10
6 16
6 24
6 25
7 6
7 8
7 13
7 14
7 15
7 16
7 17
7 20
8 6
8 7
8 14
8 15
8 16
8 18
8 20
8 21
8 25
9 10
9 12
9 15
9 17
9 18
9 21
9 25
10 1
10 5
10 6
10 9
10 13
10 16
10 17
10 18
10 20
11 5
11 13
11 14
11 15
11 16
11 21
11 23
11 25
12 4
12 5
12 9
12 13
12 16
12 17
12 19
12 20
12 22
13 1
13 7
13 10
13 11
13 12
13 18
13 20
13 22
13 25
14 1
14 5
14 7
14 8
14 11
14 15
14 16
14 18
14 22
14 23
15 1
15 7
15 8
15 9
15 11
15 14
15 18
15 19
15 22
15 23
16 1
16 2
16 3
16 4
16 5
16 6
16 7
16 8
16 10
16 11
16 12
16 14
16 18
16 23
16 24
17 1
17 3
17 5
17 7
17 9
17 10
17 12
17 19
17 20
17 23
18 1
18 3
18 4
18 5
18 8
18 9
18 10
18 13
18 14
18 15
18 16
18 19
18 21
19 1
19 2
19 3
19 4
19 5
19 12
19 15
19 17
19 18
19 22
19 23
19 25
20 4
20 7
20 8
20 10
20 12
20 13
20 17
20 23
20 24
20 25
21 1
21 3
21 5
21 8
21 9
21 11
21 18
22 3
22 4
22 5
22 12
22 13
22 14
22 15
22 19
22 24
22 25
23 1
23 3
23 4
23 11
23 14
23 15
23 16
23 17
23 19
23 20
23 24
24 3
24 4
24 6
24 16
24 20
24 22
24 23
25 3
25 4
25 5
25 6
25 8
25 9
25 11
25 13
25 19
25 20
25 22
