25
1 4
1 10
1 12
1 13
1 15
2 6
2 7
2 10
2 11
2 14
2 15
2 16
2 22
2 23
3 8
3 11
3 12
3 16
3 18
3 20
3 24
3 25
4 1
4 8
4 10
4 11
4 16
4 20
4 23
5 10
5 13
5 14
5 15
5 16
5 17
5 22
5 23
6 2
6 10
6 16
6 19
6 20
7 2
7 9
7 11
7 12
7 13
7 15
7 18
7 19
7 20
7 21
8 3
8 4
8 14
8 16
8 17
8 20
8 21
8 25
9 7
9 11
9 12
9 17
9 18
9 22
10 1
10 2
10 4
10 5
10 6
10 11
10 14
10 16
10 19
10 21
10 24
10 25
11 2
11 3
11 4
11 7
11 9
11 10
11 12
11 15
11 16
11 17
11 19
11 20
11 22
11 24
12 1
12 3
12 7
12 9
12 11
12 13
12 14
12 15
12 20
12 22
12 24
12 25
13 1
13 5
13 7
13 12
13 20
13 22
13 23
14 2
14 5
14 8
14 10
14 12
14 15
14 16
14 19
14 23
14 24
15 1
15 2
15 5
15 7
15 11
15 12
15 14
15 16
15 19
15 23
16 2
16 3
16 4
16 5
16 6
16 8
16 10
16 11
16 14
16 15
16 18
16 20
16 23
16 24
17 5
17 8
17 9
17 11
17 19
17 25
18 3
18 7
18 9
18 16
18 20
18 22
18 23
18 24
19 6
19 7
19 10
19 11
19 14
19 15
19 17
19 21
19 23
19 24
20 3
20 4
20 6
20 7
20 8
20 11
20 12
20 13
20 16
20 18
20 21
20 24
21 7
21 8
21 10
21 19
21 20
21 23
21 25
22 2
22 5
22 9
22 11
22 12
22 13
22 18
22 23
22 25
23 2
23 4
23 5
23 13
23 14
23 15
23 16
23 18
23 19
23 21
23 22
23 25
24 3
24 10
24 11
24 12
24 14
24 16
24 18
24 19
24 20
25 3
25 8
25 10
25 12
25 17
25 21
25 22
25 23
