25
1 3
1 4
1 5
1 8
1 14
1 17
1 19
1 20
1 21
1 22
1 23
1 24
1 25
2 3
2 5
2 8
2 9
2 10
2 13
2 14
2 15
2 18
2 19
2 21
2 22
2 25
3 1
3 2
3 8
3 9
3 10
3 12
3 14
3 15
3 17
3 18
4 1
4 6
4 8
4 10
4 12
4 16
4 17
4 18
4 20
4 22
4 24
5 1
5 2
5 6
5 8
5 10
5 11
5 13
5 17
5 20
5 21
5 22
5 23
5 24
5 25
6 4
6 5
6 7
6 8
6 11
6 14
6 16
6 17
6 19
6 22
6 25
7 6
7 9
7 11
7 12
7 13
7 14
7 16
7 21
7 24
7 25
8 1
8 2
8 3
8 4
8 5
8 6
8 10
8 12
8 13
8 16
8 17
8 18
8 21
8 22
9 2
9 3
9 7
9 10
9 12
9 14
9 15
9 16
9 17
9 19
9 20
9 25
10 2
10 3
10 4
10 5
10 8
10 9
10 11
10 13
10 14
10 17
10 18
10 20
10 23
10 25
11 5
11 6
11 7
11 10
11 12
11 13
11 16
11 17
11 18
11 19
11 22
11 24
11 25
12 3
12 4
12 7
12 8
12 9
12 11
12 13
12 14
12 16
12 17
12 19
12 22
12 23
13 2
13 5
13 7
13 8
13 10
13 11
13 12
13 16
13 18
13 20
13 21
13 22
14 1
14 2
14 3
14 6
14 7
14 9
14 10
14 12
14 16
14 17
14 18
14 20
14 21
14 24
15 2
15 3
15 9
15 17
15 18
15 22
15 23
15 25
16 4
16 6
16 7
16 8
16 9
16 11
16 12
16 13
16 14
16 19
16 22
16 23
16 24
17 1
17 3
17 4
17 5
17 6
17 8
17 9
17 10
17 11
17 12
17 14
17 15
17 19
17 20
17 21
17 22
17 23
17 24
17 25
18 2
18 3
18 4
18 8
18 10
18 11
18 13
18 14
18 15
18 20
18 21
18 23
18 24
18 25
19 1
19 2
19 6
19 9
19 11
19 12
19 16
19 17
19 20
19 25
20 1
20 4
20 5
20 9
20 10
20 13
20 14
20 17
20 18
20 19
20 21
20 22
20 24
20 25
21 1
21 2
21 5
21 7
21 8
21 13
21 14
21 17
21 18
21 20
21 23
21 24
22 1
22 2
22 4
22 5
22 6
22 8
22 11
22 12
22 13
22 15
22 16
22 17
22 20
22 23
22 25
23 1
23 5
23 10
23 12
23 15
23 16
23 17
23 18
23 21
23 22
23 24
24 1
24 4
24 5
24 7
24 11
24 14
24 16
24 17
24 18
24 20
24 21
24 23
24 25
25 1
25 2
25 5
25 6
25 7
25 9
25 10
25 11
25 15
25 17
25 18
25 19
25 20
25 22
25 24
