25
1 2
1 4
1 5
1 7
1 11
1 12
1 13
1 15
1 17
1 18
1 24
1 25
2 1
2 3
2 4
2 5
2 7
2 8
2 9
2 10
2 12
2 13
2 16
2 17
2 19
2 21
2 25
3 2
3 6
3 7
3 8
3 11
3 12
3 13
3 14
3 17
3 18
3 20
3 21
3 23
3 24
3 25
4 1
4 2
4 5
4 6
4 8
4 9
4 12
4 13
4 15
4 18
4 20
4 21
4 22
4 25
5 1
5 2
5 4
5 6
5 7
5 9
5 13
5 16
5 17
5 18
5 19
5 22
6 3
6 4
6 5
6 7
6 8
6 9
6 11
6 13
6 14
6 15
6 17
6 21
6 25
7 1
7 2
7 3
7 5
7 6
7 9
7 10
7 11
7 13
7 15
7 16
7 18
7 19
7 20
7 21
7 22
7 24
8 2
8 3
8 4
8 6
8 9
8 10
8 11
8 12
8 13
8 15
8 19
8 22
8 23
8 24
8 25
9 2
9 4
9 5
9 6
9 7
9 8
9 11
9 12
9 13
9 15
9 16
9 17
9 18
9 20
9 22
10 2
10 7
10 8
10 13
10 14
10 16
10 17
10 20
10 22
10 24
10 25
11 1
11 3
11 6
11 7
11 8
11 9
11 12
11 13
11 14
11 16
11 18
11 19
11 20
11 21
11 22
11 23
11 24
12 1
12 2
12 3
12 4
12 8
12 9
12 11
12 13
12 15
12 21
12 22
12 24
12 25
13 1
13 2
13 3
13 4
13 5
13 6
13 7
13 8
13 9
13 10
13 11
13 12
13 15
13 17
13 18
13 19
13 20
13 22
13 23
13 25
14 3
14 6
14 10
14 11
14 15
14 16
14 17
14 18
14 19
14 21
14 22
14 23
14 25
15 1
15 4
15 6
15 7
15 8
15 9
15 12
15 13
15 14
15 18
15 19
15 20
15 21
15 22
15 23
15 24
16 2
16 5
16 7
16 9
16 10
16 11
16 14
16 19
16 20
17 1
17 2
17 3
17 5
17 6
17 9
17 10
17 13
17 14
17 19
17 20
17 22
17 23
17 24
18 1
18 3
18 4
18 5
18 7
18 9
18 11
18 13
18 14
18 15
18 19
18 20
18 22
18 25
19 2
19 5
19 7
19 8
19 11
19 13
19 14
19 15
19 16
19 17
19 18
19 24
19 25
20 3
20 4
20 7
20 9
20 10
20 11
20 13
20 15
20 16
20 17
20 18
20 21
20 22
20 23
20 24
21 2
21 3
21 4
21 6
21 7
21 11
21 12
21 14
21 15
21 20
21 22
21 25
22 4
22 5
22 7
22 8
22 9
22 10
22 11
22 12
22 13
22 14
22 15
22 17
22 18
22 20
22 21
22 23
22 25
23 3
23 8
23 11
23 13
23 14
23 15
23 17
23 20
23 22
23 25
24 1
24 3
24 7
24 8
24 10
24 11
24 12
24 15
24 17
24 19
24 20
25 1
25 2
25 3
25 4
25 6
25 8
25 10
25 12
25 13
25 14
25 18
25 19
25 21
25 22
25 23
