25
1 2
1 4
1 5
1 6
1 7
1 8
1 9
1 10
1 15
1 18
1 22
1 23
2 1
2 3
2 5
2 8
2 9
2 11
2 12
2 21
2 25
3 2
3 5
3 8
3 9
3 10
3 12
3 13
3 14
3 16
3 19
3 23
4 1
4 6
4 7
4 11
4 14
4 17
4 22
4 23
4 25
5 1
5 2
5 3
5 9
5 10
5 12
5 14
5 15
5 17
5 18
5 20
5 21
6 1
6 4
6 7
6 8
6 11
6 18
6 19
6 23
6 25
7 1
7 4
7 6
7 11
7 12
7 15
7 17
7 19
7 21
7 22
7 25
8 1
8 2
8 3
8 6
8 9
8 10
8 11
8 13
8 15
8 18
8 19
8 23
8 24
9 1
9 2
9 3
9 5
9 8
9 17
9 18
9 21
10 1
10 3
10 5
10 8
10 15
10 16
10 18
10 20
10 21
10 22
10 24
10 25
11 2
11 4
11 6
11 7
11 8
11 12
11 15
11 24
11 25
12 2
12 3
12 5
12 7
12 11
12 16
12 20
12 21
13 3
13 8
13 15
13 18
13 19
13 21
13 24
14 3
14 4
14 5
14 15
14 19
15 1
15 5
15 7
15 8
15 10
15 11
15 13
15 14
15 20
15 22
15 25
16 3
16 10
16 12
16 17
16 19
16 20
17 4
17 5
17 7
17 9
17 16
17 18
18 1
18 5
18 6
18 8
18 9
18 10
18 13
18 17
18 19
18 21
18 22
18 23
18 24
18 25
19 3
19 6
19 7
19 8
19 13
19 14
19 16
19 18
19 21
20 5
20 10
20 12
20 15
20 16
20 21
20 22
20 23
21 2
21 5
21 7
21 9
21 10
21 12
21 13
21 18
21 19
21 20
21 22
22 1
22 4
22 7
22 10
22 15
22 18
22 20
22 21
22 24
23 1
23 3
23 4
23 6
23 8
23 18
23 20
24 8
24 10
24 11
24 13
24 18
24 22
25 2
25 4
25 6
25 7
25 10
25 11
25 15
25 18
