25
1 3
1 4
1 6
1 7
1 15
1 18
1 25
2 3
2 6
2 9
2 14
2 18
2 21
2 23
3 1
3 2
3 4
3 5
3 9
3 11
3 12
3 14
3 17
3 20
3 24
3 25
4 1
4 3
4 7
4 8
4 11
4 16
4 18
4 23
4 24
4 25
5 3
5 9
5 14
5 16
5 20
5 21
5 24
6 1
6 2
6 9
6 11
6 12
6 16
6 18
6 19
6 22
6 24
7 1
7 4
7 8
7 12
7 14
7 15
7 17
7 19
7 24
7 25
8 4
8 7
8 14
8 23
8 24
9 2
9 3
9 5
9 6
9 10
9 11
9 12
9 14
9 20
9 21
10 9
10 11
10 12
10 13
10 14
10 15
10 18
10 21
10 22
10 24
11 3
11 4
11 6
11 9
11 10
11 12
11 13
11 16
11 18
11 21
11 25
12 3
12 6
12 7
12 9
12 10
12 11
12 13
12 21
13 10
13 11
13 12
13 14
13 15
13 16
13 18
13 20
13 24
13 25
14 2
14 3
14 5
14 7
14 8
14 9
14 10
14 13
14 15
14 16
14 17
14 18
14 21
14 24
15 1
15 7
15 10
15 13
15 14
15 16
15 18
15 20
15 25
16 4
16 5
16 6
16 11
16 13
16 14
16 15
16 19
16 21
17 3
17 7
17 14
17 18
17 21
17 24
18 1
18 2
18 4
18 6
18 10
18 11
18 13
18 14
18 15
18 17
18 19
18 21
18 22
18 24
18 25
19 6
19 7
19 16
19 18
19 24
20 3
20 5
20 9
20 13
20 15
20 23
20 24
20 25
21 2
21 5
21 9
21 10
21 11
21 12
21 14
21 16
21 17
21 18
21 22
21 24
22 6
22 10
22 18
22 21
22 24
23 2
23 4
23 8
23 20
23 25
24 3
24 4
24 5
24 6
24 7
24 8
24 10
24 13
24 14
24 17
24 18
24 19
24 20
24 21
24 22
25 1
25 3
25 4
25 7
25 11
25 13
25 15
25 18
25 20
25 23
