25
1 2
1 4
1 6
1 10
1 11
1 12
1 14
1 15
1 17
1 18
1 21
1 22
1 24
1 25
2 1
2 6
2 10
2 11
2 12
2 14
2 16
2 19
2 20
2 21
2 24
3 5
3 9
3 16
3 18
3 19
3 21
3 22
3 25
4 1
4 5
4 6
4 8
4 10
4 11
4 14
4 17
4 18
4 20
4 25
5 3
5 4
5 9
5 12
5 13
5 16
5 17
5 20
5 21
5 22
5 23
6 1
6 2
6 4
6 9
6 10
6 12
6 15
6 16
6 18
6 19
6 20
6 21
7 8
7 10
7 11
7 12
7 13
7 14
7 16
7 17
7 18
7 19
7 25
8 4
8 7
8 10
8 13
8 14
8 17
8 22
9 3
9 5
9 6
9 13
9 14
9 15
9 16
9 17
9 19
9 21
9 25
10 1
10 2
10 4
10 6
10 7
10 8
10 14
10 16
10 17
10 19
11 1
11 2
11 4
11 7
11 12
11 18
11 20
11 22
12 1
12 2
12 5
12 6
12 7
12 11
12 15
12 16
12 21
12 23
13 5
13 7
13 8
13 9
13 14
13 19
14 1
14 2
14 4
14 7
14 8
14 9
14 10
14 13
14 15
14 18
14 19
14 20
14 21
14 22
14 23
14 25
15 1
15 6
15 9
15 12
15 14
15 19
15 20
15 21
15 23
16 2
16 3
16 5
16 6
16 7
16 9
16 10
16 12
16 18
16 22
16 24
16 25
17 1
17 4
17 5
17 7
17 8
17 9
17 10
17 18
17 19
17 20
17 24
18 1
18 3
18 4
18 6
18 7
18 11
18 14
18 16
18 17
18 19
18 24
18 25
19 2
19 3
19 6
19 7
19 9
19 10
19 13
19 14
19 15
19 17
19 18
19 22
19 25
20 2
20 4
20 5
20 6
20 11
20 14
20 15
20 17
20 23
20 25
21 1
21 2
21 3
21 5
21 6
21 9
21 12
21 14
21 15
21 24
21 25
22 1
22 3
22 5
22 8
22 11
22 14
22 16
22 19
23 5
23 12
23 14
23 15
23 20
24 1
24 2
24 16
24 17
24 18
24 21
24 25
25 1
25 3
25 4
25 7
25 9
25 14
25 16
25 18
25 19
25 20
25 21
25 24
