25
1 2
1 4
1 7
1 10
1 11
1 12
1 14
1 15
1 16
1 17
1 21
1 22
1 24
1 25
2 1
2 4
2 6
2 7
2 11
2 16
2 19
2 20
2 23
3 4
3 9
3 11
3 14
3 16
3 18
3 19
3 22
4 1
4 2
4 3
4 7
4 9
4 11
4 14
4 16
4 18
4 22
4 24
4 25
5 6
5 7
5 10
5 11
5 12
5 15
5 19
5 20
5 21
5 23
5 24
6 2
6 5
6 10
6 11
6 15
6 17
6 18
6 19
6 21
6 22
7 1
7 2
7 4
7 5
7 11
7 20
7 22
7 23
7 24
8 10
8 11
8 12
8 16
8 21
8 22
8 23
8 24
9 3
9 4
9 12
9 13
9 15
9 16
9 20
9 22
9 25
10 1
10 5
10 6
10 8
10 11
10 12
10 15
10 17
10 20
10 21
10 22
10 23
11 1
11 2
11 3
11 4
11 5
11 6
11 7
11 8
11 10
11 16
11 20
11 24
12 1
12 5
12 8
12 9
12 10
12 13
12 14
12 17
12 18
13 9
13 12
13 14
13 18
13 19
13 23
13 24
14 1
14 3
14 4
14 12
14 13
14 15
14 17
14 18
14 21
14 22
14 23
15 1
15 5
15 6
15 9
15 10
15 14
15 17
15 18
15 20
15 21
16 1
16 2
16 3
16 4
16 8
16 9
16 11
16 17
16 19
16 20
16 21
16 22
16 23
17 1
17 6
17 10
17 12
17 14
17 15
17 16
17 22
17 23
17 24
17 25
18 3
18 4
18 6
18 12
18 13
18 14
18 15
18 22
18 23
18 24
19 2
19 3
19 5
19 6
19 13
19 16
19 22
20 2
20 5
20 7
20 9
20 10
20 11
20 15
20 16
20 21
20 22
20 24
21 1
21 5
21 6
21 8
21 10
21 14
21 15
21 16
21 20
22 1
22 3
22 4
22 6
22 7
22 8
22 9
22 10
22 14
22 16
22 17
22 18
22 19
22 20
22 23
23 2
23 5
23 7
23 8
23 10
23 13
23 14
23 16
23 17
23 18
23 22
24 1
24 4
24 5
24 7
24 8
24 11
24 13
24 17
24 18
24 20
25 1
25 4
25 9
25 17
