25
1 2
1 3
1 4
1 5
1 6
1 8
1 10
1 11
1 12
1 14
1 18
1 19
1 20
1 21
1 22
1 23
1 24
1 25
2 1
2 3
2 4
2 6
2 8
2 9
2 10
2 11
2 12
2 14
2 16
2 21
2 22
2 24
3 1
3 2
3 4
3 8
3 9
3 10
3 11
3 13
3 14
3 15
3 16
3 17
3 19
3 20
3 24
4 1
4 2
4 3
4 5
4 6
4 8
4 9
4 11
4 13
4 15
4 17
4 18
4 19
4 21
4 22
4 23
4 24
5 1
5 4
5 7
5 8
5 10
5 12
5 13
5 14
5 15
5 17
5 19
5 20
5 21
5 22
5 25
6 1
6 2
6 4
6 7
6 9
6 11
6 13
6 14
6 17
6 18
6 19
6 20
6 21
6 24
6 25
7 5
7 6
7 8
7 9
7 10
7 14
7 19
7 20
7 23
7 24
8 1
8 2
8 3
8 4
8 5
8 7
8 9
8 10
8 12
8 14
8 19
8 21
8 22
8 23
8 25
9 2
9 3
9 4
9 6
9 7
9 8
9 10
9 11
9 12
9 14
9 15
9 20
9 21
9 22
9 23
9 24
10 1
10 2
10 3
10 5
10 7
10 8
10 9
10 12
10 15
10 17
10 19
10 21
10 25
11 1
11 2
11 3
11 4
11 6
11 9
11 12
11 14
11 18
11 24
12 1
12 2
12 5
12 8
12 9
12 10
12 11
12 13
12 14
12 15
12 17
12 21
12 23
12 24
12 25
13 3
13 4
13 5
13 6
13 12
13 14
13 16
13 18
13 19
13 20
13 21
13 22
13 23
13 25
14 1
14 2
14 3
14 5
14 6
14 7
14 8
14 9
14 11
14 12
14 13
14 15
14 17
14 18
14 19
14 20
14 23
14 25
15 3
15 4
15 5
15 9
15 10
15 12
15 14
15 16
15 17
15 18
15 20
15 21
15 24
15 25
16 2
16 3
16 13
16 15
16 18
16 20
16 21
16 22
16 23
16 24
16 25
17 3
17 4
17 5
17 6
17 10
17 12
17 14
17 15
17 19
17 22
17 24
17 25
18 1
18 4
18 6
18 11
18 13
18 14
18 15
18 16
18 19
18 20
18 21
18 23
18 25
19 1
19 3
19 4
19 5
19 6
19 7
19 8
19 10
19 13
19 14
19 17
19 18
19 20
19 21
20 1
20 3
20 5
20 6
20 7
20 9
20 13
20 14
20 15
20 16
20 18
20 19
20 21
20 22
20 24
20 25
21 1
21 2
21 4
21 5
21 6
21 8
21 9
21 10
21 12
21 13
21 15
21 16
21 18
21 19
21 20
21 22
21 24
22 1
22 2
22 4
22 5
22 8
22 9
22 13
22 16
22 17
22 20
22 21
22 23
22 24
22 25
23 1
23 4
23 7
23 8
23 9
23 12
23 13
23 14
23 16
23 18
23 22
23 24
23 25
24 1
24 2
24 3
24 4
24 6
24 7
24 9
24 11
24 12
24 15
24 16
24 17
24 20
24 21
24 22
24 23
25 1
25 5
25 6
25 8
25 10
25 12
25 13
25 14
25 15
25 16
25 17
25 18
25 20
25 22
25 23
