25
1 6
1 7
1 9
1 13
1 14
1 15
1 16
1 18
1 20
1 21
1 22
1 24
1 25
2 3
2 5
2 11
2 13
2 16
2 20
2 21
2 24
3 2
3 5
3 6
3 8
3 11
3 13
3 15
3 22
4 5
4 7
4 8
4 10
4 12
4 13
4 18
4 19
4 20
4 21
4 22
4 24
5 2
5 3
5 4
5 8
5 10
5 11
5 13
5 14
5 15
5 18
5 19
5 25
6 1
6 3
6 9
6 13
6 17
6 19
6 21
6 23
7 1
7 4
7 10
7 12
7 13
7 14
7 15
7 16
7 18
7 22
7 24
8 3
8 4
8 5
8 10
8 11
8 14
8 15
8 19
8 20
8 23
9 1
9 6
9 10
9 11
9 12
9 13
9 18
9 21
10 4
10 5
10 7
10 8
10 9
10 13
10 15
10 17
10 18
10 19
10 23
10 24
11 2
11 3
11 5
11 8
11 9
11 13
11 17
11 18
11 19
11 22
11 23
11 24
12 4
12 7
12 9
12 15
12 18
12 25
13 1
13 2
13 3
13 4
13 5
13 6
13 7
13 9
13 10
13 11
13 14
13 17
13 22
13 23
13 24
14 1
14 5
14 7
14 8
14 13
14 18
14 20
14 21
14 24
14 25
15 1
15 3
15 5
15 7
15 8
15 10
15 12
15 19
15 24
16 1
16 2
16 7
16 19
16 22
17 6
17 10
17 11
17 13
17 18
17 20
17 21
17 22
18 1
18 4
18 5
18 7
18 9
18 10
18 11
18 12
18 14
18 17
18 19
18 20
18 21
18 22
18 23
19 4
19 5
19 6
19 8
19 10
19 11
19 15
19 16
19 18
19 20
19 23
20 1
20 2
20 4
20 8
20 14
20 17
20 18
20 19
20 22
20 23
20 24
20 25
21 1
21 2
21 4
21 6
21 9
21 14
21 17
21 18
21 24
22 1
22 3
22 4
22 7
22 11
22 13
22 16
22 17
22 18
22 20
22 23
23 6
23 8
23 10
23 11
23 13
23 18
23 19
23 20
23 22
24 1
24 2
24 4
24 7
24 10
24 11
24 13
24 14
24 15
24 20
24 21
25 1
25 5
25 12
25 14
25 20
