25
1 2
1 5
1 6
1 7
1 9
1 11
1 12
1 14
1 16
1 17
1 18
1 20
1 21
1 23
1 24
1 25
2 1
2 3
2 4
2 6
2 10
2 11
2 13
2 15
2 16
2 18
2 21
2 22
2 23
2 24
3 2
3 4
3 5
3 7
3 8
3 10
3 11
3 12
3 13
3 14
3 15
3 16
3 19
3 20
3 21
3 22
3 23
3 24
4 2
4 3
4 5
4 6
4 11
4 12
4 15
4 16
4 17
4 18
4 20
4 21
4 23
4 24
4 25
5 1
5 3
5 4
5 6
5 7
5 8
5 10
5 11
5 13
5 15
5 16
5 17
5 18
5 20
5 22
5 24
6 1
6 2
6 4
6 5
6 7
6 8
6 9
6 10
6 11
6 12
6 13
6 14
6 16
6 17
6 22
6 23
6 24
6 25
7 1
7 3
7 5
7 6
7 8
7 10
7 12
7 13
7 14
7 15
7 18
7 19
7 20
7 21
7 23
7 24
7 25
8 3
8 5
8 6
8 7
8 11
8 12
8 13
8 15
8 16
8 18
8 19
8 20
8 22
8 23
8 24
9 1
9 6
9 10
9 11
9 12
9 14
9 16
9 17
9 18
9 20
9 21
9 22
9 24
9 25
10 2
10 3
10 5
10 6
10 7
10 9
10 11
10 13
10 14
10 15
10 18
10 21
10 22
10 24
10 25
11 1
11 2
11 3
11 4
11 5
11 6
11 8
11 9
11 10
11 12
11 14
11 16
11 17
11 19
11 20
11 23
11 24
11 25
12 1
12 3
12 4
12 6
12 7
12 8
12 9
12 11
12 13
12 14
12 15
12 16
12 18
12 19
12 20
12 21
12 22
12 25
13 2
13 3
13 5
13 6
13 7
13 8
13 10
13 12
13 14
13 16
13 18
13 19
13 22
13 23
13 24
13 25
14 1
14 3
14 6
14 7
14 9
14 10
14 11
14 12
14 13
14 15
14 16
14 17
14 18
14 20
14 22
14 23
14 24
14 25
15 2
15 3
15 4
15 5
15 7
15 8
15 10
15 12
15 14
15 17
15 18
15 19
15 20
15 21
16 1
16 2
16 3
16 4
16 5
16 6
16 8
16 9
16 11
16 12
16 13
16 14
16 17
16 19
16 20
16 21
16 24
16 25
17 1
17 4
17 5
17 6
17 9
17 11
17 14
17 15
17 16
17 18
17 19
17 20
17 25
18 1
18 2
18 4
18 5
18 7
18 8
18 9
18 10
18 12
18 13
18 14
18 15
18 17
18 20
18 22
18 23
18 25
19 3
19 7
19 8
19 11
19 12
19 13
19 15
19 16
19 17
19 21
19 22
19 24
20 1
20 3
20 4
20 5
20 7
20 8
20 9
20 11
20 12
20 14
20 15
20 16
20 17
20 18
20 21
20 23
21 1
21 2
21 3
21 4
21 7
21 9
21 10
21 12
21 15
21 16
21 19
21 20
21 23
21 24
21 25
22 2
22 3
22 5
22 6
22 8
22 9
22 10
22 12
22 13
22 14
22 18
22 19
22 24
23 1
23 2
23 3
23 4
23 6
23 7
23 8
23 11
23 13
23 14
23 18
23 20
23 21
23 24
23 25
24 1
24 2
24 3
24 4
24 5
24 6
24 7
24 8
24 9
24 10
24 11
24 13
24 14
24 16
24 19
24 21
24 22
24 23
24 25
25 1
25 4
25 6
25 7
25 9
25 10
25 11
25 12
25 13
25 14
25 16
25 17
25 18
25 21
25 23
25 24
