50
1 3
1 7
1 9
1 16
1 17
1 18
1 19
1 21
1 23
1 27
1 28
1 31
1 32
1 35
1 36
1 37
1 38
1 39
1 40
1 41
1 44
1 47
1 48
1 49
1 50
2 5
2 7
2 9
2 16
2 17
2 18
2 19
2 20
2 24
2 28
2 29
2 33
2 34
2 36
2 41
2 45
2 46
2 47
2 50
3 1
3 4
3 8
3 9
3 13
3 14
3 15
3 17
3 18
3 22
3 28
3 29
3 30
3 34
3 40
3 42
3 43
3 45
3 47
3 48
4 3
4 5
4 6
4 8
4 9
4 11
4 13
4 26
4 27
4 29
4 31
4 36
4 39
4 40
4 41
4 43
4 46
4 47
5 2
5 4
5 7
5 11
5 16
5 19
5 21
5 24
5 27
5 29
5 33
5 35
5 36
5 38
5 45
5 47
5 48
6 4
6 8
6 11
6 12
6 16
6 19
6 22
6 23
6 25
6 26
6 31
6 33
6 35
6 36
6 41
7 1
7 2
7 5
7 8
7 20
7 21
7 23
7 24
7 28
7 32
7 34
7 35
7 36
7 42
7 44
7 46
7 47
7 50
8 3
8 4
8 6
8 7
8 11
8 13
8 19
8 20
8 21
8 25
8 30
8 32
8 35
8 36
8 47
8 49
9 1
9 2
9 3
9 4
9 10
9 11
9 16
9 21
9 23
9 24
9 28
9 33
9 36
9 40
9 41
9 42
9 45
9 48
10 9
10 13
10 14
10 15
10 16
10 18
10 19
10 20
10 21
10 22
10 31
10 32
10 35
10 38
10 41
10 44
10 49
11 4
11 5
11 6
11 8
11 9
11 13
11 15
11 16
11 18
11 19
11 20
11 22
11 26
11 27
11 28
11 29
11 30
11 35
11 37
11 38
11 43
11 46
11 47
11 50
12 6
12 14
12 15
12 16
12 18
12 28
12 31
12 34
12 40
12 41
12 42
12 43
12 45
12 46
12 48
12 50
13 3
13 4
13 8
13 10
13 11
13 15
13 16
13 17
13 18
13 22
13 24
13 31
13 33
13 37
13 40
13 44
13 46
13 47
13 48
13 49
14 3
14 10
14 12
14 15
14 17
14 19
14 21
14 26
14 28
14 29
14 31
14 32
14 34
14 35
14 38
14 39
14 40
14 43
14 44
14 45
14 46
14 47
14 48
14 50
15 3
15 10
15 11
15 12
15 13
15 14
15 18
15 19
15 20
15 22
15 23
15 25
15 27
15 28
15 29
15 34
15 37
15 40
15 42
15 47
15 48
16 1
16 2
16 5
16 6
16 9
16 10
16 11
16 12
16 13
16 17
16 19
16 25
16 27
16 33
16 34
16 38
16 43
16 44
16 46
16 47
16 48
16 49
16 50
17 1
17 2
17 3
17 13
17 14
17 16
17 19
17 21
17 22
17 26
17 28
17 29
17 31
17 33
17 34
17 38
17 39
17 42
17 44
17 45
17 46
17 48
18 1
18 2
18 3
18 10
18 11
18 12
18 13
18 15
18 19
18 22
18 24
18 25
18 26
18 29
18 31
18 36
18 37
18 38
18 40
18 41
18 43
18 47
19 1
19 2
19 5
19 6
19 8
19 10
19 11
19 14
19 15
19 16
19 17
19 18
19 21
19 22
19 26
19 30
19 31
19 32
19 36
19 38
19 39
19 42
19 43
19 45
19 47
19 48
20 2
20 7
20 8
20 10
20 11
20 15
20 24
20 28
20 34
20 36
20 37
20 40
20 41
20 42
20 47
20 50
21 1
21 5
21 7
21 8
21 9
21 10
21 14
21 17
21 19
21 22
21 24
21 30
21 34
21 40
21 41
21 43
21 49
22 3
22 6
22 10
22 11
22 13
22 15
22 17
22 18
22 19
22 21
22 26
22 33
22 37
22 39
22 44
22 45
22 47
22 48
23 1
23 6
23 7
23 9
23 15
23 27
23 28
23 29
23 31
23 32
23 37
23 39
23 40
23 43
23 49
23 50
24 2
24 5
24 7
24 9
24 13
24 18
24 20
24 21
24 29
24 31
24 34
24 35
24 38
24 42
24 44
24 45
24 46
24 47
24 48
24 49
25 6
25 8
25 15
25 16
25 18
25 28
25 32
25 33
25 36
25 41
25 42
25 44
25 45
25 47
25 48
25 49
26 4
26 6
26 11
26 14
26 17
26 18
26 19
26 22
26 27
26 29
26 30
26 32
26 35
26 38
26 39
26 42
26 43
26 46
26 47
26 48
27 1
27 4
27 5
27 11
27 15
27 16
27 23
27 26
27 28
27 29
27 33
27 37
27 40
27 43
27 45
27 46
27 47
27 49
27 50
28 1
28 2
28 3
28 7
28 9
28 11
28 12
28 14
28 15
28 17
28 20
28 23
28 25
28 27
28 30
28 31
28 33
28 36
28 38
28 41
28 44
28 47
29 2
29 3
29 4
29 5
29 11
29 14
29 15
29 17
29 18
29 23
29 24
29 26
29 27
29 33
29 34
29 38
29 40
29 42
29 43
29 44
29 47
30 3
30 8
30 11
30 19
30 21
30 26
30 28
30 33
30 35
30 39
30 41
30 46
30 48
31 1
31 4
31 6
31 10
31 12
31 13
31 14
31 17
31 18
31 19
31 23
31 24
31 28
31 34
31 38
31 39
31 40
31 42
31 43
31 45
31 46
31 47
31 48
32 1
32 7
32 8
32 10
32 14
32 19
32 23
32 25
32 26
32 34
32 39
32 40
32 41
32 50
33 2
33 5
33 6
33 9
33 13
33 16
33 17
33 22
33 25
33 27
33 28
33 29
33 30
33 39
33 42
33 45
33 47
33 48
34 2
34 3
34 7
34 12
34 14
34 15
34 16
34 17
34 20
34 21
34 24
34 29
34 31
34 32
34 36
34 41
34 44
34 45
34 48
34 50
35 1
35 5
35 6
35 7
35 8
35 10
35 11
35 14
35 24
35 26
35 30
35 36
35 38
35 41
36 1
36 2
36 4
36 5
36 6
36 7
36 8
36 9
36 18
36 19
36 20
36 25
36 28
36 34
36 35
36 37
36 40
36 42
36 43
36 45
36 47
37 1
37 11
37 13
37 15
37 18
37 20
37 22
37 23
37 27
37 36
37 39
37 40
37 41
38 1
38 5
38 10
38 11
38 14
38 16
38 17
38 18
38 19
38 24
38 26
38 28
38 29
38 31
38 35
38 39
38 40
38 41
38 42
38 44
38 46
39 1
39 4
39 14
39 17
39 19
39 22
39 23
39 26
39 30
39 31
39 32
39 33
39 37
39 38
39 40
39 42
39 47
40 1
40 3
40 4
40 9
40 12
40 13
40 14
40 15
40 18
40 20
40 21
40 23
40 27
40 29
40 31
40 32
40 36
40 37
40 38
40 39
40 41
40 45
40 48
40 49
41 1
41 2
41 4
41 6
41 9
41 10
41 12
41 18
41 20
41 21
41 25
41 28
41 30
41 32
41 34
41 35
41 37
41 38
41 40
41 44
41 50
42 3
42 7
42 9
42 12
42 15
42 17
42 19
42 20
42 24
42 25
42 26
42 29
42 31
42 33
42 36
42 38
42 39
42 45
42 46
42 47
42 50
43 3
43 4
43 11
43 12
43 14
43 16
43 18
43 19
43 21
43 23
43 26
43 27
43 29
43 31
43 36
43 45
43 47
43 49
43 50
44 1
44 7
44 10
44 13
44 14
44 16
44 17
44 22
44 24
44 25
44 28
44 29
44 34
44 38
44 41
44 45
45 2
45 3
45 5
45 9
45 12
45 14
45 17
45 19
45 22
45 24
45 25
45 27
45 31
45 33
45 34
45 36
45 40
45 42
45 43
45 44
45 47
45 49
45 50
46 2
46 4
46 7
46 11
46 12
46 13
46 14
46 16
46 17
46 24
46 26
46 27
46 30
46 31
46 38
46 42
46 49
47 1
47 2
47 3
47 4
47 5
47 7
47 8
47 11
47 13
47 14
47 15
47 16
47 18
47 19
47 20
47 22
47 24
47 25
47 26
47 27
47 28
47 29
47 31
47 33
47 36
47 39
47 42
47 43
47 45
47 49
47 50
48 1
48 3
48 5
48 9
48 12
48 13
48 14
48 15
48 16
48 17
48 19
48 22
48 24
48 25
48 26
48 30
48 31
48 33
48 34
48 40
48 50
49 1
49 8
49 10
49 13
49 16
49 21
49 23
49 24
49 25
49 27
49 40
49 43
49 45
49 46
49 47
49 50
50 1
50 2
50 7
50 11
50 12
50 14
50 16
50 20
50 23
50 27
50 32
50 34
50 41
50 42
50 43
50 45
50 47
50 48
50 49
