50
1 3
1 6
1 8
1 9
1 10
1 11
1 12
1 13
1 14
1 21
1 22
1 25
1 27
1 28
1 30
1 31
1 32
1 33
1 34
1 36
1 37
1 40
1 41
1 42
1 45
1 46
1 47
2 3
2 6
2 7
2 9
2 11
2 17
2 18
2 20
2 23
2 24
2 25
2 28
2 29
2 30
2 31
2 33
2 34
2 35
2 37
2 43
2 44
2 45
2 47
2 48
2 49
3 1
3 2
3 4
3 5
3 6
3 7
3 12
3 14
3 15
3 16
3 17
3 19
3 20
3 21
3 24
3 27
3 28
3 29
3 30
3 32
3 33
3 34
3 36
3 37
3 38
3 39
3 41
3 43
3 44
3 46
3 47
3 50
4 3
4 6
4 7
4 8
4 9
4 11
4 12
4 13
4 14
4 16
4 20
4 21
4 22
4 23
4 25
4 26
4 27
4 31
4 32
4 36
4 38
4 39
4 40
4 42
4 43
4 44
4 45
4 48
4 49
5 3
5 6
5 7
5 8
5 9
5 11
5 14
5 15
5 17
5 21
5 23
5 24
5 25
5 30
5 31
5 32
5 34
5 35
5 38
5 39
5 40
5 41
5 44
5 45
5 46
5 47
5 48
5 49
6 1
6 2
6 3
6 4
6 5
6 7
6 12
6 15
6 16
6 18
6 21
6 22
6 23
6 28
6 29
6 30
6 31
6 35
6 37
6 38
6 40
6 41
6 43
6 44
7 2
7 3
7 4
7 5
7 6
7 8
7 9
7 10
7 13
7 16
7 19
7 20
7 23
7 24
7 27
7 28
7 29
7 31
7 32
7 34
7 35
7 36
7 38
7 39
7 43
7 44
7 46
7 49
7 50
8 1
8 4
8 5
8 7
8 9
8 10
8 11
8 12
8 13
8 16
8 17
8 18
8 20
8 21
8 22
8 23
8 24
8 27
8 28
8 29
8 30
8 34
8 37
8 38
8 39
8 42
8 45
8 47
8 48
8 50
9 1
9 2
9 4
9 5
9 7
9 8
9 12
9 13
9 14
9 15
9 16
9 18
9 19
9 21
9 23
9 24
9 25
9 28
9 29
9 30
9 32
9 33
9 34
9 35
9 36
9 37
9 39
9 42
9 43
9 44
9 45
9 49
10 1
10 7
10 8
10 14
10 15
10 16
10 17
10 18
10 21
10 23
10 24
10 25
10 26
10 27
10 28
10 32
10 34
10 37
10 38
10 46
10 47
10 49
11 1
11 2
11 4
11 5
11 8
11 12
11 16
11 19
11 20
11 23
11 26
11 30
11 31
11 33
11 34
11 35
11 36
11 37
11 38
11 40
11 41
11 43
11 45
11 46
11 50
12 1
12 3
12 4
12 6
12 8
12 9
12 11
12 14
12 20
12 21
12 23
12 25
12 28
12 31
12 32
12 33
12 34
12 35
12 36
12 37
12 39
12 46
12 47
13 1
13 4
13 7
13 8
13 9
13 14
13 17
13 19
13 20
13 25
13 26
13 27
13 28
13 29
13 30
13 31
13 32
13 33
13 34
13 35
13 37
13 39
13 40
13 41
13 42
13 43
13 45
13 48
13 49
14 1
14 3
14 4
14 5
14 9
14 10
14 12
14 13
14 15
14 18
14 19
14 20
14 21
14 23
14 24
14 27
14 29
14 31
14 32
14 36
14 38
14 40
14 41
14 42
14 45
14 46
14 47
15 3
15 5
15 6
15 9
15 10
15 14
15 16
15 19
15 20
15 22
15 24
15 25
15 26
15 28
15 30
15 31
15 33
15 34
15 35
15 36
15 37
15 38
15 40
15 41
15 42
15 43
15 45
15 46
15 47
15 49
16 3
16 4
16 6
16 7
16 8
16 9
16 10
16 11
16 15
16 19
16 20
16 22
16 23
16 24
16 28
16 29
16 30
16 31
16 35
16 36
16 37
16 38
16 39
16 40
16 41
16 42
16 46
16 47
16 48
16 49
17 2
17 3
17 5
17 8
17 10
17 13
17 20
17 21
17 23
17 24
17 26
17 27
17 29
17 30
17 33
17 34
17 35
17 36
17 38
17 39
17 40
17 41
17 42
17 43
17 45
17 46
17 49
17 50
18 2
18 6
18 8
18 9
18 10
18 14
18 19
18 20
18 22
18 23
18 24
18 25
18 26
18 27
18 28
18 29
18 31
18 32
18 33
18 37
18 39
18 40
18 41
18 43
18 44
18 45
18 48
18 50
19 3
19 7
19 9
19 11
19 13
19 14
19 15
19 16
19 18
19 23
19 24
19 27
19 28
19 31
19 33
19 34
19 35
19 36
19 38
19 39
19 40
19 41
19 42
19 43
19 44
19 46
19 47
19 48
20 2
20 3
20 4
20 7
20 8
20 11
20 12
20 13
20 14
20 15
20 16
20 17
20 18
20 21
20 22
20 24
20 25
20 26
20 29
20 30
20 34
20 35
20 37
20 38
20 39
20 42
20 43
20 44
20 46
20 47
20 49
21 1
21 3
21 4
21 5
21 6
21 8
21 9
21 10
21 12
21 14
21 17
21 20
21 22
21 25
21 30
21 31
21 32
21 33
21 34
21 37
21 39
21 40
21 41
21 43
21 44
21 45
21 46
21 50
22 1
22 4
22 6
22 8
22 15
22 16
22 18
22 20
22 21
22 23
22 24
22 26
22 27
22 29
22 31
22 33
22 35
22 37
22 38
22 39
22 40
22 41
22 42
22 43
22 45
22 47
22 48
22 49
23 2
23 4
23 5
23 6
23 7
23 8
23 9
23 10
23 11
23 12
23 14
23 16
23 17
23 18
23 19
23 22
23 24
23 25
23 28
23 29
23 30
23 31
23 32
23 33
23 34
23 36
23 37
23 38
23 40
23 43
23 44
23 47
23 49
23 50
24 2
24 3
24 5
24 7
24 8
24 9
24 10
24 14
24 15
24 16
24 17
24 18
24 19
24 20
24 22
24 23
24 26
24 27
24 28
24 29
24 31
24 32
24 37
24 38
24 41
24 42
24 43
24 44
24 45
24 47
24 50
25 1
25 2
25 4
25 5
25 9
25 10
25 12
25 13
25 15
25 18
25 20
25 21
25 23
25 26
25 27
25 28
25 29
25 31
25 32
25 33
25 35
25 37
25 38
25 39
25 41
25 45
25 48
25 49
26 4
26 10
26 11
26 13
26 15
26 17
26 18
26 20
26 22
26 24
26 25
26 27
26 28
26 29
26 30
26 32
26 36
26 38
26 39
26 40
26 41
26 42
26 43
26 44
26 46
26 49
27 1
27 3
27 4
27 7
27 8
27 10
27 13
27 14
27 17
27 18
27 19
27 22
27 24
27 25
27 26
27 28
27 29
27 33
27 34
27 37
27 41
27 43
27 44
27 50
28 1
28 2
28 3
28 6
28 7
28 8
28 9
28 10
28 12
28 13
28 15
28 16
28 18
28 19
28 23
28 24
28 25
28 26
28 27
28 29
28 30
28 31
28 33
28 34
28 35
28 36
28 37
28 39
28 41
28 43
28 46
28 47
28 49
29 2
29 3
29 6
29 7
29 8
29 9
29 13
29 14
29 16
29 17
29 18
29 20
29 22
29 23
29 24
29 25
29 26
29 27
29 28
29 31
29 32
29 37
29 39
29 40
29 42
29 44
29 45
29 47
29 48
30 1
30 2
30 3
30 5
30 6
30 8
30 9
30 11
30 13
30 15
30 16
30 17
30 20
30 21
30 23
30 26
30 28
30 33
30 34
30 35
30 36
30 38
30 41
30 42
30 44
30 47
30 50
31 1
31 2
31 4
31 5
31 6
31 7
31 11
31 12
31 13
31 14
31 15
31 16
31 18
31 19
31 21
31 22
31 23
31 24
31 25
31 28
31 29
31 39
31 40
31 41
31 42
31 43
31 44
31 45
31 46
31 47
31 48
31 49
32 1
32 3
32 4
32 5
32 7
32 9
32 10
32 12
32 13
32 14
32 18
32 21
32 23
32 24
32 25
32 26
32 29
32 35
32 39
32 40
32 41
32 42
32 43
32 45
32 46
32 48
32 49
32 50
33 1
33 2
33 3
33 9
33 11
33 12
33 13
33 15
33 17
33 18
33 19
33 21
33 22
33 23
33 25
33 27
33 28
33 30
33 34
33 35
33 37
33 39
33 41
33 42
33 44
33 47
33 49
33 50
34 1
34 2
34 3
34 5
34 7
34 8
34 9
34 10
34 11
34 12
34 13
34 15
34 17
34 19
34 20
34 21
34 23
34 27
34 28
34 30
34 33
34 35
34 37
34 38
34 39
34 41
34 42
34 44
34 45
34 46
34 49
35 2
35 5
35 6
35 7
35 9
35 11
35 12
35 13
35 15
35 16
35 17
35 19
35 20
35 22
35 25
35 28
35 30
35 32
35 33
35 34
35 36
35 37
35 38
35 39
35 40
35 43
35 44
35 45
35 48
36 1
36 3
36 4
36 7
36 9
36 11
36 12
36 14
36 15
36 16
36 17
36 19
36 23
36 26
36 28
36 30
36 35
36 37
36 38
36 40
36 41
36 43
36 44
36 45
36 46
36 47
36 48
36 49
36 50
37 1
37 2
37 3
37 6
37 8
37 9
37 10
37 11
37 12
37 13
37 15
37 16
37 18
37 20
37 21
37 22
37 23
37 24
37 25
37 27
37 28
37 29
37 33
37 34
37 35
37 36
37 39
37 40
37 42
37 44
37 47
37 50
38 3
38 4
38 5
38 6
38 7
38 8
38 10
38 11
38 14
38 15
38 16
38 17
38 19
38 20
38 22
38 23
38 24
38 25
38 26
38 30
38 34
38 35
38 36
38 40
38 41
38 43
38 44
38 45
38 46
38 48
38 49
38 50
39 3
39 4
39 5
39 7
39 8
39 9
39 12
39 13
39 16
39 17
39 18
39 19
39 20
39 21
39 22
39 25
39 26
39 28
39 29
39 31
39 32
39 33
39 34
39 35
39 37
39 41
39 42
39 44
39 45
39 48
39 49
40 1
40 4
40 5
40 6
40 11
40 13
40 14
40 15
40 16
40 17
40 18
40 19
40 21
40 22
40 23
40 26
40 29
40 31
40 32
40 35
40 36
40 37
40 38
40 41
40 43
40 44
40 45
40 46
40 47
41 1
41 3
41 5
41 6
41 11
41 13
41 14
41 15
41 16
41 17
41 18
41 19
41 21
41 22
41 24
41 25
41 26
41 27
41 28
41 30
41 31
41 32
41 33
41 34
41 36
41 38
41 39
41 40
41 42
41 44
41 45
41 47
41 49
42 1
42 4
42 8
42 9
42 13
42 14
42 15
42 16
42 17
42 19
42 20
42 22
42 24
42 26
42 29
42 30
42 31
42 32
42 33
42 34
42 37
42 39
42 41
42 44
42 45
42 47
42 48
42 49
42 50
43 2
43 3
43 4
43 6
43 7
43 9
43 11
43 13
43 15
43 17
43 18
43 19
43 20
43 21
43 22
43 23
43 24
43 26
43 27
43 28
43 31
43 32
43 35
43 36
43 38
43 40
43 44
43 46
43 48
44 2
44 3
44 4
44 5
44 6
44 7
44 9
44 18
44 19
44 20
44 21
44 23
44 24
44 26
44 27
44 29
44 30
44 31
44 33
44 34
44 35
44 36
44 37
44 38
44 39
44 40
44 41
44 42
44 43
44 45
45 1
45 2
45 4
45 5
45 8
45 9
45 11
45 13
45 14
45 15
45 17
45 18
45 21
45 22
45 24
45 25
45 29
45 31
45 32
45 34
45 35
45 36
45 38
45 39
45 40
45 41
45 42
45 44
45 46
45 47
45 49
46 1
46 3
46 5
46 7
46 10
46 11
46 12
46 14
46 15
46 16
46 17
46 19
46 20
46 21
46 26
46 28
46 31
46 32
46 34
46 36
46 38
46 40
46 43
46 45
46 47
46 50
47 1
47 2
47 3
47 5
47 8
47 10
47 12
47 14
47 15
47 16
47 19
47 20
47 22
47 23
47 24
47 28
47 29
47 30
47 31
47 33
47 36
47 37
47 40
47 41
47 42
47 45
47 46
47 48
47 49
48 2
48 4
48 5
48 8
48 13
48 16
48 18
48 19
48 22
48 25
48 29
48 31
48 32
48 35
48 36
48 38
48 39
48 42
48 43
48 47
48 50
49 2
49 4
49 5
49 7
49 9
49 10
49 13
49 15
49 16
49 17
49 20
49 22
49 23
49 25
49 26
49 28
49 31
49 32
49 33
49 34
49 36
49 38
49 39
49 41
49 42
49 45
49 47
49 50
50 3
50 7
50 8
50 11
50 17
50 18
50 21
50 23
50 24
50 27
50 30
50 32
50 33
50 36
50 37
50 38
50 42
50 46
50 48
50 49
