50
1 3
1 6
1 10
1 12
1 13
1 14
1 17
1 20
1 21
1 22
1 25
1 29
1 31
1 35
1 36
1 37
1 39
1 48
1 50
2 4
2 9
2 12
2 13
2 17
2 18
2 19
2 21
2 25
2 28
2 29
2 30
2 35
2 36
2 37
2 40
2 47
2 50
3 1
3 6
3 7
3 10
3 12
3 17
3 19
3 20
3 22
3 28
3 30
3 35
3 38
3 40
3 44
3 46
3 47
3 48
3 49
3 50
4 2
4 9
4 11
4 12
4 15
4 17
4 18
4 20
4 22
4 24
4 25
4 27
4 29
4 33
4 34
4 35
4 36
4 37
4 41
4 43
4 44
4 46
4 47
4 48
4 49
4 50
5 6
5 7
5 14
5 19
5 20
5 21
5 25
5 26
5 33
5 35
5 36
5 37
5 42
5 43
5 44
5 45
5 48
5 50
6 1
6 3
6 5
6 7
6 8
6 11
6 12
6 16
6 19
6 21
6 23
6 24
6 28
6 31
6 33
6 35
6 38
6 41
6 44
6 45
6 46
6 50
7 3
7 5
7 6
7 8
7 9
7 10
7 14
7 20
7 25
7 29
7 31
7 35
7 36
7 37
7 38
7 39
7 40
7 41
7 43
7 45
7 46
7 48
7 50
8 6
8 7
8 9
8 10
8 13
8 19
8 21
8 22
8 25
8 29
8 34
8 37
8 40
8 44
8 46
8 47
8 48
9 2
9 4
9 7
9 8
9 10
9 12
9 13
9 17
9 18
9 19
9 23
9 24
9 27
9 28
9 29
9 30
9 31
9 43
9 45
9 48
10 1
10 3
10 7
10 8
10 9
10 11
10 15
10 19
10 20
10 21
10 23
10 24
10 25
10 27
10 35
10 40
10 41
10 46
10 47
10 48
10 49
11 4
11 6
11 10
11 13
11 15
11 16
11 17
11 18
11 19
11 29
11 37
11 39
11 41
11 44
11 46
11 47
11 49
12 1
12 2
12 3
12 4
12 6
12 9
12 14
12 17
12 27
12 30
12 31
12 32
12 33
12 34
12 35
12 36
12 37
12 38
12 39
12 42
12 43
12 46
13 1
13 2
13 8
13 9
13 11
13 15
13 17
13 19
13 20
13 21
13 24
13 25
13 26
13 27
13 29
13 32
13 36
13 37
13 44
13 46
14 1
14 5
14 7
14 12
14 15
14 19
14 21
14 23
14 26
14 28
14 29
14 30
14 31
14 38
14 40
14 41
14 43
14 44
14 46
14 49
15 4
15 10
15 11
15 13
15 14
15 16
15 22
15 23
15 25
15 26
15 32
15 34
15 35
15 36
15 37
15 39
15 40
16 6
16 11
16 15
16 18
16 20
16 22
16 23
16 25
16 28
16 32
16 35
16 36
16 43
16 44
16 46
16 48
16 50
17 1
17 2
17 3
17 4
17 9
17 11
17 12
17 13
17 19
17 25
17 26
17 28
17 33
17 34
17 38
17 40
17 42
17 43
17 45
17 46
17 49
17 50
18 2
18 4
18 9
18 11
18 16
18 23
18 24
18 28
18 29
18 32
18 40
18 46
18 48
18 49
19 2
19 3
19 5
19 6
19 8
19 9
19 10
19 11
19 13
19 14
19 17
19 20
19 22
19 23
19 28
19 31
19 39
19 40
19 43
19 45
19 48
19 50
20 1
20 3
20 4
20 5
20 7
20 10
20 13
20 16
20 19
20 21
20 24
20 25
20 28
20 31
20 32
20 34
20 36
20 39
20 40
20 42
20 43
20 44
20 45
20 46
21 1
21 2
21 5
21 6
21 8
21 10
21 13
21 14
21 20
21 22
21 27
21 29
21 32
21 34
21 41
21 50
22 1
22 3
22 4
22 8
22 15
22 16
22 19
22 21
22 23
22 30
22 35
22 36
22 37
22 46
22 47
22 48
22 50
23 6
23 9
23 10
23 14
23 15
23 16
23 18
23 19
23 22
23 24
23 26
23 31
23 32
23 35
23 42
23 43
23 46
23 47
23 48
24 4
24 6
24 9
24 10
24 13
24 18
24 20
24 23
24 29
24 33
24 34
24 36
24 38
24 39
24 47
24 50
25 1
25 2
25 4
25 5
25 7
25 8
25 10
25 13
25 15
25 16
25 17
25 20
25 29
25 31
25 33
25 36
25 41
25 45
25 46
25 50
26 5
26 13
26 14
26 15
26 17
26 23
26 27
26 28
26 29
26 30
26 34
26 37
26 40
26 42
26 43
26 45
26 46
26 48
27 4
27 9
27 10
27 12
27 13
27 21
27 26
27 36
27 39
27 43
27 45
27 46
28 2
28 3
28 6
28 9
28 14
28 16
28 17
28 18
28 19
28 20
28 26
28 29
28 30
28 33
28 38
28 50
29 1
29 2
29 4
29 7
29 8
29 9
29 11
29 13
29 14
29 18
29 21
29 24
29 25
29 26
29 28
29 32
29 34
29 35
29 37
29 42
29 44
29 45
29 46
29 48
29 50
30 2
30 3
30 9
30 12
30 14
30 22
30 26
30 28
30 35
30 37
30 38
30 39
30 41
30 42
30 46
30 48
30 50
31 1
31 6
31 7
31 9
31 12
31 14
31 19
31 20
31 23
31 25
31 32
31 35
31 38
31 47
31 48
31 49
32 12
32 13
32 15
32 16
32 18
32 20
32 21
32 23
32 29
32 31
32 33
32 35
32 37
32 38
32 39
32 45
33 4
33 5
33 6
33 12
33 17
33 24
33 25
33 28
33 32
33 42
33 46
33 47
33 50
34 4
34 8
34 12
34 15
34 17
34 20
34 21
34 24
34 26
34 29
34 37
34 38
34 39
34 40
34 44
34 47
34 48
35 1
35 2
35 3
35 4
35 5
35 6
35 7
35 10
35 12
35 15
35 16
35 22
35 23
35 29
35 30
35 31
35 32
35 37
35 38
35 44
35 46
35 47
35 48
35 50
36 1
36 2
36 4
36 5
36 7
36 12
36 13
36 15
36 16
36 20
36 22
36 24
36 25
36 27
36 37
36 38
36 42
36 44
36 45
36 46
36 47
36 48
36 50
37 1
37 2
37 4
37 5
37 7
37 8
37 11
37 12
37 13
37 15
37 22
37 26
37 29
37 30
37 32
37 34
37 35
37 36
37 42
37 43
37 44
37 47
37 48
37 49
37 50
38 3
38 6
38 7
38 12
38 14
38 17
38 24
38 28
38 30
38 31
38 32
38 34
38 35
38 36
38 40
38 45
38 47
38 48
39 1
39 7
39 11
39 12
39 15
39 19
39 20
39 24
39 27
39 30
39 32
39 34
39 40
39 41
39 42
39 43
39 46
39 49
40 2
40 3
40 7
40 8
40 10
40 14
40 15
40 17
40 18
40 19
40 20
40 26
40 34
40 38
40 39
40 41
40 45
40 49
40 50
41 4
41 6
41 7
41 10
41 11
41 14
41 21
41 25
41 30
41 39
41 40
41 49
41 50
42 5
42 12
42 17
42 20
42 23
42 26
42 29
42 30
42 33
42 36
42 37
42 39
42 47
43 4
43 5
43 7
43 9
43 12
43 14
43 16
43 17
43 19
43 20
43 23
43 26
43 27
43 37
43 39
43 50
44 3
44 4
44 5
44 6
44 8
44 11
44 13
44 14
44 16
44 20
44 29
44 34
44 35
44 36
44 37
44 45
44 48
44 50
45 5
45 6
45 7
45 9
45 17
45 19
45 20
45 25
45 26
45 27
45 29
45 32
45 36
45 38
45 40
45 44
45 46
45 50
46 3
46 4
46 6
46 7
46 8
46 10
46 11
46 12
46 13
46 14
46 16
46 17
46 18
46 20
46 22
46 23
46 25
46 26
46 27
46 29
46 30
46 33
46 35
46 36
46 39
46 45
46 48
47 2
47 3
47 4
47 8
47 10
47 11
47 22
47 23
47 24
47 31
47 33
47 34
47 35
47 36
47 37
47 38
47 42
47 48
48 1
48 3
48 4
48 5
48 7
48 8
48 9
48 10
48 16
48 18
48 19
48 22
48 23
48 26
48 29
48 30
48 31
48 34
48 35
48 36
48 37
48 38
48 44
48 46
48 47
48 49
49 3
49 4
49 10
49 11
49 14
49 17
49 18
49 31
49 37
49 39
49 40
49 41
49 48
50 1
50 2
50 3
50 4
50 5
50 6
50 7
50 16
50 17
50 19
50 21
50 22
50 24
50 25
50 28
50 29
50 30
50 33
50 35
50 36
50 37
50 40
50 41
50 43
50 44
50 45
