50
1 7
1 13
1 14
1 16
1 21
1 22
1 24
1 28
1 29
1 30
1 34
1 35
1 36
1 37
1 38
1 40
1 42
1 44
2 4
2 6
2 7
2 15
2 19
2 28
2 29
2 43
2 46
2 48
2 50
3 4
3 5
3 8
3 11
3 14
3 16
3 19
3 22
3 29
3 33
3 39
3 40
3 41
3 46
3 47
3 48
3 49
3 50
4 2
4 3
4 7
4 9
4 11
4 14
4 15
4 18
4 22
4 24
4 32
4 35
4 36
4 37
4 38
4 39
4 41
4 42
4 43
4 44
4 47
5 3
5 7
5 9
5 11
5 16
5 17
5 19
5 20
5 23
5 24
5 25
5 29
5 31
5 32
5 33
5 34
5 38
5 39
5 40
5 41
5 43
5 44
5 45
5 46
6 2
6 7
6 12
6 16
6 17
6 18
6 20
6 26
6 29
6 37
6 38
6 39
6 40
6 43
6 44
6 45
6 46
7 1
7 2
7 4
7 5
7 6
7 8
7 10
7 12
7 19
7 22
7 23
7 25
7 30
7 34
7 35
7 37
7 41
7 42
7 43
7 46
7 47
7 48
8 3
8 7
8 9
8 11
8 12
8 13
8 15
8 17
8 21
8 23
8 30
8 31
8 32
8 34
8 35
8 39
8 40
8 42
8 44
8 45
8 46
8 48
8 49
9 4
9 5
9 8
9 10
9 12
9 13
9 16
9 18
9 20
9 23
9 31
9 32
9 33
9 36
9 40
9 43
9 45
9 48
10 7
10 9
10 11
10 19
10 23
10 29
10 32
10 34
10 37
10 38
10 39
10 40
10 41
10 42
10 44
10 45
10 47
11 3
11 4
11 5
11 8
11 10
11 12
11 13
11 15
11 21
11 23
11 29
11 30
11 32
11 34
11 35
11 36
11 37
11 38
11 39
11 41
11 43
11 44
11 45
12 6
12 7
12 8
12 9
12 11
12 13
12 17
12 18
12 19
12 23
12 24
12 26
12 28
12 31
12 36
12 38
12 43
12 44
12 48
13 1
13 8
13 9
13 11
13 12
13 14
13 16
13 19
13 20
13 21
13 25
13 26
13 28
13 31
13 32
13 42
13 43
13 44
13 45
13 46
13 47
13 49
13 50
14 1
14 3
14 4
14 13
14 17
14 21
14 23
14 28
14 30
14 31
14 33
14 34
14 39
14 44
14 48
15 2
15 4
15 8
15 11
15 18
15 19
15 20
15 21
15 23
15 24
15 25
15 27
15 38
15 41
15 42
15 44
15 46
15 49
16 1
16 3
16 5
16 6
16 9
16 13
16 17
16 18
16 19
16 23
16 25
16 26
16 27
16 28
16 30
16 31
16 32
16 33
16 34
16 35
16 37
16 41
16 43
16 44
16 45
16 46
16 49
16 50
17 5
17 6
17 8
17 12
17 14
17 16
17 21
17 22
17 25
17 27
17 33
17 37
17 38
17 41
17 43
17 44
17 45
17 46
17 47
17 49
18 4
18 6
18 9
18 12
18 15
18 16
18 20
18 23
18 29
18 30
18 34
18 35
18 38
18 39
18 40
18 44
18 45
18 47
18 48
19 2
19 3
19 5
19 7
19 10
19 12
19 13
19 15
19 16
19 20
19 21
19 22
19 26
19 29
19 32
19 33
19 34
19 36
19 37
19 39
19 40
19 42
19 44
19 49
20 5
20 6
20 9
20 13
20 15
20 18
20 19
20 22
20 24
20 29
20 31
20 34
20 38
20 41
20 43
20 45
20 46
20 48
20 49
20 50
21 1
21 8
21 11
21 13
21 14
21 15
21 17
21 19
21 22
21 24
21 33
21 34
21 35
21 45
21 46
21 49
22 1
22 3
22 4
22 7
22 17
22 19
22 20
22 21
22 25
22 27
22 31
22 32
22 33
22 34
22 36
22 38
22 39
22 40
22 41
22 42
22 43
22 44
22 50
23 5
23 7
23 8
23 9
23 10
23 11
23 12
23 14
23 15
23 16
23 18
23 24
23 25
23 27
23 28
23 30
23 31
23 32
23 37
23 38
23 43
23 46
23 47
23 48
23 49
24 1
24 4
24 5
24 12
24 15
24 20
24 21
24 23
24 25
24 28
24 30
24 32
24 34
24 38
24 40
24 41
24 42
24 47
25 5
25 7
25 13
25 15
25 16
25 17
25 22
25 23
25 24
25 27
25 31
25 32
25 35
25 38
25 40
25 42
25 44
25 46
25 47
25 49
26 6
26 12
26 13
26 16
26 19
26 31
26 34
26 36
26 39
26 42
26 45
26 47
26 48
27 15
27 16
27 17
27 22
27 23
27 25
27 30
27 33
27 37
27 38
27 39
27 48
28 1
28 2
28 12
28 13
28 14
28 16
28 23
28 24
28 29
28 31
28 32
28 33
28 37
28 38
28 40
28 46
28 47
29 1
29 2
29 3
29 5
29 6
29 10
29 11
29 18
29 19
29 20
29 28
29 31
29 32
29 33
29 44
29 46
29 48
29 49
29 50
30 1
30 7
30 8
30 11
30 14
30 16
30 18
30 23
30 24
30 27
30 31
30 32
30 35
30 37
30 42
30 43
30 46
30 50
31 5
31 8
31 9
31 12
31 13
31 14
31 16
31 20
31 22
31 23
31 25
31 26
31 28
31 29
31 30
31 34
31 35
31 36
31 39
31 41
31 43
31 47
31 49
32 4
32 5
32 8
32 9
32 10
32 11
32 13
32 16
32 19
32 22
32 23
32 24
32 25
32 28
32 29
32 30
32 35
32 37
32 40
32 45
32 47
32 49
32 50
33 3
33 5
33 9
33 14
33 16
33 17
33 19
33 21
33 22
33 27
33 28
33 29
33 34
33 40
33 42
33 43
33 47
33 48
33 50
34 1
34 5
34 7
34 8
34 10
34 11
34 14
34 16
34 18
34 19
34 20
34 21
34 22
34 24
34 26
34 31
34 33
34 35
34 38
34 40
34 42
34 44
35 1
35 4
35 7
35 8
35 11
35 16
35 18
35 21
35 25
35 30
35 31
35 32
35 34
35 37
35 39
35 42
35 46
35 47
35 49
36 1
36 4
36 9
36 11
36 12
36 19
36 22
36 26
36 31
36 38
36 42
36 43
36 45
36 47
36 49
36 50
37 1
37 4
37 6
37 7
37 10
37 11
37 16
37 17
37 19
37 23
37 27
37 28
37 30
37 32
37 35
37 38
37 41
37 44
37 45
37 46
37 47
37 48
37 49
38 1
38 4
38 5
38 6
38 10
38 11
38 12
38 15
38 17
38 18
38 20
38 22
38 23
38 24
38 25
38 27
38 28
38 34
38 36
38 37
38 42
38 44
38 45
38 47
38 50
39 3
39 4
39 5
39 6
39 8
39 10
39 11
39 14
39 18
39 19
39 22
39 26
39 27
39 31
39 35
39 43
39 45
39 46
39 47
40 1
40 3
40 5
40 6
40 8
40 9
40 10
40 18
40 19
40 22
40 24
40 25
40 28
40 32
40 33
40 34
40 48
41 3
41 4
41 5
41 7
41 10
41 11
41 15
41 16
41 17
41 20
41 22
41 24
41 31
41 37
41 42
41 43
41 44
41 47
42 1
42 4
42 7
42 8
42 10
42 13
42 15
42 19
42 22
42 24
42 25
42 26
42 30
42 33
42 34
42 35
42 36
42 38
42 41
42 43
42 44
43 2
43 4
43 5
43 6
43 7
43 9
43 11
43 12
43 13
43 16
43 17
43 20
43 22
43 23
43 30
43 31
43 33
43 36
43 39
43 41
43 42
43 48
44 1
44 4
44 5
44 6
44 8
44 10
44 11
44 12
44 13
44 14
44 15
44 16
44 17
44 18
44 19
44 22
44 25
44 29
44 34
44 37
44 38
44 41
44 42
44 45
44 47
44 49
44 50
45 5
45 6
45 8
45 9
45 10
45 11
45 13
45 16
45 17
45 18
45 20
45 21
45 26
45 32
45 36
45 37
45 38
45 39
45 44
45 46
45 48
45 49
46 2
46 3
46 5
46 6
46 7
46 8
46 13
46 15
46 16
46 17
46 20
46 21
46 23
46 25
46 28
46 29
46 30
46 35
46 37
46 39
46 45
46 50
47 3
47 4
47 7
47 10
47 13
47 17
47 18
47 23
47 24
47 25
47 26
47 28
47 31
47 32
47 33
47 35
47 36
47 37
47 38
47 39
47 41
47 44
47 49
48 2
48 3
48 7
48 8
48 9
48 12
48 14
48 18
48 20
48 23
48 26
48 27
48 29
48 33
48 37
48 40
48 43
48 45
48 49
48 50
49 3
49 8
49 13
49 15
49 16
49 17
49 19
49 20
49 21
49 23
49 25
49 29
49 31
49 32
49 35
49 36
49 37
49 44
49 45
49 47
49 48
49 50
50 2
50 3
50 13
50 16
50 20
50 22
50 29
50 30
50 32
50 33
50 36
50 38
50 44
50 46
50 48
50 49
