50
1 2
1 3
1 5
1 8
1 10
1 12
1 13
1 16
1 20
1 21
1 24
1 25
1 26
1 27
1 29
1 33
1 40
2 1
2 4
2 6
2 7
2 10
2 11
2 13
2 14
2 15
2 16
2 17
2 18
2 22
2 24
2 25
2 26
2 27
2 28
2 30
2 31
2 36
2 38
2 46
2 49
2 50
3 1
3 10
3 12
3 15
3 16
3 17
3 22
3 25
3 30
3 38
3 39
3 40
3 41
3 47
3 50
4 2
4 5
4 7
4 8
4 10
4 11
4 14
4 18
4 22
4 23
4 25
4 26
4 37
4 38
4 39
4 42
4 44
4 46
4 49
5 1
5 4
5 6
5 7
5 9
5 10
5 13
5 19
5 21
5 22
5 23
5 25
5 27
5 28
5 34
5 37
5 43
5 50
6 2
6 5
6 8
6 11
6 12
6 14
6 18
6 20
6 22
6 23
6 25
6 26
6 29
6 30
6 31
6 32
6 33
6 38
6 40
6 42
6 43
6 46
6 47
6 50
7 2
7 4
7 5
7 9
7 10
7 12
7 14
7 17
7 26
7 27
7 28
7 38
7 39
7 40
7 41
7 44
7 48
8 1
8 4
8 6
8 9
8 13
8 14
8 17
8 25
8 26
8 28
8 30
8 33
8 34
8 36
8 37
8 38
8 39
8 42
8 45
8 47
8 48
9 5
9 7
9 8
9 11
9 12
9 17
9 18
9 21
9 26
9 32
9 37
9 42
9 43
9 44
9 49
10 1
10 2
10 3
10 4
10 5
10 7
10 11
10 12
10 13
10 14
10 15
10 18
10 19
10 24
10 27
10 28
10 29
10 30
10 36
10 38
10 39
10 42
10 43
10 48
11 2
11 4
11 6
11 9
11 10
11 13
11 17
11 19
11 21
11 23
11 24
11 26
11 28
11 31
11 34
11 35
11 37
11 38
11 44
11 47
11 48
11 50
12 1
12 3
12 6
12 7
12 9
12 10
12 13
12 14
12 15
12 16
12 19
12 20
12 23
12 27
12 28
12 29
12 30
12 31
12 32
12 37
12 43
12 46
12 48
12 50
13 1
13 2
13 5
13 8
13 10
13 11
13 12
13 16
13 18
13 20
13 23
13 24
13 27
13 28
13 30
13 31
13 34
13 37
13 38
13 41
13 42
13 43
13 44
13 45
13 49
13 50
14 2
14 4
14 6
14 7
14 8
14 10
14 12
14 16
14 19
14 20
14 21
14 27
14 32
14 34
14 36
14 39
14 48
14 49
14 50
15 2
15 3
15 10
15 12
15 17
15 18
15 20
15 21
15 23
15 27
15 28
15 33
15 36
15 41
15 44
15 46
15 48
15 49
16 1
16 2
16 3
16 12
16 13
16 14
16 17
16 18
16 21
16 23
16 24
16 27
16 28
16 35
16 39
16 43
16 45
16 46
16 47
16 49
16 50
17 2
17 3
17 7
17 8
17 9
17 11
17 15
17 16
17 19
17 20
17 23
17 26
17 28
17 29
17 30
17 32
17 35
17 41
17 43
17 45
17 46
17 48
18 2
18 4
18 6
18 9
18 10
18 13
18 15
18 16
18 19
18 21
18 31
18 32
18 34
18 38
18 41
18 42
18 43
18 46
18 48
18 50
19 5
19 10
19 11
19 12
19 14
19 17
19 18
19 20
19 27
19 28
19 31
19 33
19 34
19 36
19 42
19 45
19 47
19 48
19 50
20 1
20 6
20 12
20 13
20 14
20 15
20 17
20 19
20 24
20 31
20 33
20 37
20 38
20 40
20 41
20 43
20 45
20 46
20 47
21 1
21 5
21 9
21 11
21 14
21 15
21 16
21 18
21 23
21 24
21 26
21 27
21 28
21 29
21 31
21 36
21 38
21 41
21 45
21 46
21 47
21 48
21 49
22 2
22 3
22 4
22 5
22 6
22 28
22 31
22 33
22 36
22 39
22 41
22 43
22 44
22 46
22 49
22 50
23 4
23 5
23 6
23 11
23 12
23 13
23 15
23 16
23 17
23 21
23 25
23 27
23 30
23 33
23 34
23 35
23 36
23 41
23 43
23 47
23 50
24 1
24 2
24 10
24 11
24 13
24 16
24 20
24 21
24 25
24 27
24 30
24 31
24 32
24 34
24 36
24 37
24 40
24 43
24 45
24 46
24 47
24 48
24 49
25 1
25 2
25 3
25 4
25 5
25 6
25 8
25 23
25 24
25 28
25 31
25 33
25 35
25 39
25 40
25 41
25 42
25 44
25 46
25 50
26 1
26 2
26 4
26 6
26 7
26 8
26 9
26 11
26 17
26 21
26 27
26 29
26 30
26 33
26 35
26 38
26 40
26 44
26 47
27 1
27 2
27 5
27 7
27 10
27 12
27 13
27 14
27 15
27 16
27 19
27 21
27 23
27 24
27 26
27 28
27 29
27 31
27 33
27 39
27 40
27 41
27 43
27 46
27 48
28 2
28 5
28 7
28 8
28 10
28 11
28 12
28 13
28 15
28 16
28 17
28 19
28 21
28 22
28 25
28 27
28 29
28 30
28 34
28 37
28 39
28 42
28 44
29 1
29 6
29 10
29 12
29 17
29 21
29 26
29 27
29 28
29 31
29 32
29 33
29 35
29 38
29 41
29 45
29 48
29 49
30 2
30 3
30 6
30 8
30 10
30 12
30 13
30 17
30 23
30 24
30 26
30 28
30 31
30 32
30 38
30 39
30 42
30 44
30 45
30 48
30 49
31 2
31 6
31 11
31 12
31 13
31 18
31 19
31 20
31 21
31 22
31 24
31 25
31 27
31 29
31 30
31 32
31 33
31 35
31 40
31 42
31 43
31 46
32 6
32 9
32 12
32 14
32 17
32 18
32 24
32 29
32 30
32 31
32 34
32 39
32 43
32 44
32 46
32 47
32 50
33 1
33 6
33 8
33 15
33 19
33 20
33 22
33 23
33 25
33 26
33 27
33 29
33 31
33 40
33 41
33 42
33 44
33 46
33 47
33 48
33 50
34 5
34 8
34 11
34 13
34 14
34 18
34 19
34 23
34 24
34 28
34 32
34 35
34 39
34 40
34 42
34 46
34 48
34 49
34 50
35 11
35 16
35 17
35 23
35 25
35 26
35 29
35 31
35 34
35 41
35 42
35 43
35 44
35 45
35 46
36 2
36 8
36 10
36 14
36 15
36 19
36 21
36 22
36 23
36 24
36 37
36 42
36 45
36 46
36 47
36 49
37 4
37 5
37 8
37 9
37 11
37 12
37 13
37 20
37 24
37 28
37 36
37 39
37 41
37 44
37 46
38 2
38 3
38 4
38 6
38 7
38 8
38 10
38 11
38 13
38 18
38 20
38 21
38 26
38 29
38 30
38 39
38 41
38 42
38 43
38 44
38 45
38 47
38 49
39 3
39 4
39 7
39 8
39 10
39 14
39 16
39 22
39 25
39 27
39 28
39 30
39 32
39 34
39 37
39 38
39 40
39 41
39 42
39 43
39 47
39 48
40 1
40 3
40 6
40 7
40 20
40 24
40 25
40 26
40 27
40 31
40 33
40 34
40 39
40 48
41 3
41 7
41 13
41 15
41 17
41 18
41 20
41 21
41 22
41 23
41 25
41 27
41 29
41 33
41 35
41 37
41 38
41 39
41 43
41 44
41 46
41 47
41 48
41 50
42 4
42 6
42 8
42 9
42 10
42 13
42 18
42 19
42 25
42 28
42 30
42 31
42 33
42 34
42 35
42 36
42 38
42 39
42 43
42 46
42 48
42 50
43 5
43 6
43 9
43 10
43 12
43 13
43 16
43 17
43 18
43 20
43 22
43 23
43 24
43 27
43 31
43 32
43 35
43 38
43 39
43 41
43 42
43 44
43 47
43 48
43 49
43 50
44 4
44 7
44 9
44 11
44 13
44 15
44 22
44 25
44 26
44 28
44 30
44 32
44 33
44 35
44 37
44 38
44 41
44 43
44 47
44 50
45 8
45 13
45 16
45 17
45 19
45 20
45 21
45 24
45 29
45 30
45 35
45 36
45 38
45 46
45 48
45 50
46 2
46 4
46 6
46 12
46 15
46 16
46 17
46 18
46 20
46 21
46 22
46 24
46 25
46 27
46 31
46 32
46 33
46 34
46 35
46 36
46 37
46 41
46 42
46 45
46 49
47 3
47 6
47 8
47 11
47 16
47 19
47 20
47 21
47 23
47 24
47 26
47 32
47 33
47 36
47 38
47 39
47 41
47 43
47 44
48 7
48 8
48 10
48 11
48 12
48 14
48 15
48 17
48 18
48 19
48 21
48 24
48 27
48 29
48 30
48 33
48 34
48 39
48 40
48 41
48 42
48 43
48 45
48 50
49 2
49 4
49 9
49 13
49 14
49 15
49 16
49 21
49 22
49 24
49 29
49 30
49 34
49 36
49 38
49 43
49 46
50 2
50 3
50 5
50 6
50 11
50 12
50 13
50 14
50 16
50 18
50 19
50 22
50 23
50 25
50 32
50 33
50 34
50 41
50 42
50 43
50 44
50 45
50 48
