50
1 4
1 6
1 8
1 12
1 14
1 17
1 18
1 19
1 23
1 24
1 25
1 26
1 28
1 31
1 37
1 39
1 41
1 44
1 47
1 50
2 3
2 4
2 7
2 8
2 10
2 14
2 15
2 17
2 18
2 24
2 25
2 27
2 28
2 29
2 30
2 31
2 32
2 33
2 34
2 35
2 36
2 38
2 40
2 46
2 49
2 50
3 2
3 4
3 6
3 9
3 14
3 15
3 17
3 21
3 24
3 27
3 32
3 36
3 38
3 43
3 45
3 48
3 49
4 1
4 2
4 3
4 9
4 16
4 17
4 18
4 22
4 26
4 27
4 29
4 32
4 33
4 37
4 38
4 39
4 43
4 45
4 47
4 49
5 6
5 10
5 14
5 16
5 18
5 23
5 26
5 27
5 28
5 32
5 35
5 39
5 40
5 41
5 42
5 43
5 44
5 45
5 48
6 1
6 3
6 5
6 8
6 9
6 11
6 15
6 16
6 17
6 19
6 21
6 27
6 28
6 29
6 30
6 31
6 32
6 36
6 37
6 38
6 43
6 44
6 46
6 47
6 50
7 2
7 11
7 12
7 23
7 24
7 30
7 32
7 40
7 41
7 42
7 44
7 45
7 46
7 47
7 50
8 1
8 2
8 6
8 14
8 20
8 21
8 25
8 29
8 32
8 33
8 40
8 42
8 45
8 46
8 47
8 48
9 3
9 4
9 6
9 10
9 12
9 15
9 16
9 17
9 19
9 20
9 21
9 22
9 24
9 26
9 27
9 29
9 30
9 32
9 36
9 37
9 39
9 40
9 45
10 2
10 5
10 9
10 14
10 20
10 21
10 23
10 24
10 25
10 28
10 30
10 32
10 37
10 41
10 45
10 46
11 6
11 7
11 12
11 17
11 18
11 19
11 22
11 30
11 31
11 32
11 33
11 35
11 38
11 39
11 40
11 48
11 50
12 1
12 7
12 9
12 11
12 13
12 17
12 20
12 22
12 24
12 25
12 26
12 28
12 31
12 32
12 34
12 36
12 39
12 47
13 12
13 21
13 23
13 26
13 28
13 29
13 32
13 35
13 37
13 41
13 44
13 46
13 47
13 50
14 1
14 2
14 3
14 5
14 8
14 10
14 15
14 18
14 21
14 27
14 33
14 35
14 36
14 38
14 39
14 40
14 41
14 45
14 49
15 2
15 3
15 6
15 9
15 14
15 17
15 19
15 20
15 22
15 23
15 24
15 26
15 28
15 31
15 32
15 33
15 39
15 41
15 47
15 48
15 49
15 50
16 4
16 5
16 6
16 9
16 25
16 31
16 36
16 37
16 39
16 41
16 42
16 44
16 48
17 1
17 2
17 3
17 4
17 6
17 9
17 11
17 12
17 15
17 20
17 22
17 25
17 27
17 29
17 31
17 34
17 36
17 42
17 43
17 47
17 49
17 50
18 1
18 2
18 4
18 5
18 11
18 14
18 19
18 21
18 22
18 26
18 28
18 31
18 32
18 33
18 37
18 41
18 42
18 46
18 50
19 1
19 6
19 9
19 11
19 15
19 18
19 21
19 24
19 25
19 29
19 30
19 34
19 35
19 39
19 44
19 45
19 46
19 47
19 48
19 50
20 8
20 9
20 10
20 12
20 15
20 17
20 21
20 22
20 24
20 25
20 28
20 38
20 39
20 40
20 50
21 3
21 6
21 8
21 9
21 10
21 13
21 14
21 18
21 19
21 20
21 24
21 26
21 29
21 31
21 32
21 33
21 35
21 41
21 45
21 47
21 50
22 4
22 9
22 11
22 12
22 15
22 17
22 18
22 20
22 24
22 26
22 27
22 36
22 37
22 40
22 41
22 42
22 46
22 49
23 1
23 5
23 7
23 10
23 13
23 15
23 25
23 26
23 27
23 32
23 39
23 41
23 42
23 47
24 1
24 2
24 3
24 7
24 9
24 10
24 12
24 15
24 19
24 20
24 21
24 22
24 26
24 29
24 32
24 33
24 37
24 41
24 45
24 47
24 48
24 49
24 50
25 1
25 2
25 8
25 10
25 12
25 16
25 17
25 19
25 20
25 23
25 26
25 28
25 29
25 33
25 40
25 42
25 44
25 47
25 50
26 1
26 4
26 5
26 9
26 12
26 13
26 15
26 18
26 21
26 22
26 23
26 24
26 25
26 30
26 32
26 33
26 35
26 36
26 37
26 38
26 42
26 43
26 45
26 47
26 50
27 2
27 3
27 4
27 5
27 6
27 9
27 14
27 17
27 22
27 23
27 30
27 32
27 33
27 37
27 38
27 41
27 46
27 48
27 50
28 1
28 2
28 5
28 6
28 10
28 12
28 13
28 15
28 18
28 20
28 25
28 30
28 32
28 33
28 34
28 36
28 41
28 42
28 44
28 46
29 2
29 4
29 6
29 8
29 9
29 13
29 17
29 19
29 21
29 24
29 25
29 30
29 32
29 33
29 35
29 37
29 40
29 44
29 46
29 48
30 2
30 6
30 7
30 9
30 10
30 11
30 19
30 26
30 27
30 28
30 29
30 32
30 35
30 36
30 37
30 39
30 40
30 45
30 47
30 48
30 49
30 50
31 1
31 2
31 6
31 11
31 12
31 15
31 16
31 17
31 18
31 21
31 35
31 37
31 40
31 44
31 45
31 46
31 48
32 2
32 3
32 4
32 5
32 6
32 7
32 8
32 9
32 10
32 11
32 12
32 13
32 15
32 18
32 21
32 23
32 24
32 26
32 27
32 28
32 29
32 30
32 35
32 37
32 38
32 39
32 44
32 46
32 47
33 2
33 4
33 8
33 11
33 14
33 15
33 18
33 21
33 24
33 25
33 26
33 27
33 28
33 29
33 34
33 36
33 42
33 46
33 49
33 50
34 2
34 12
34 17
34 19
34 28
34 33
34 37
34 38
34 43
34 44
34 45
34 46
34 48
34 49
35 2
35 5
35 11
35 13
35 14
35 19
35 21
35 26
35 29
35 30
35 31
35 32
35 37
35 39
35 40
35 42
35 43
35 46
35 48
35 49
36 2
36 3
36 6
36 9
36 12
36 14
36 16
36 17
36 22
36 26
36 28
36 30
36 33
36 46
37 1
37 4
37 6
37 9
37 10
37 13
37 16
37 18
37 22
37 24
37 26
37 27
37 29
37 30
37 31
37 32
37 34
37 35
37 38
37 45
37 46
37 47
38 2
38 3
38 4
38 6
38 11
38 14
38 20
38 26
38 27
38 32
38 34
38 37
38 39
38 40
38 43
38 47
38 49
39 1
39 4
39 5
39 9
39 11
39 12
39 14
39 15
39 16
39 19
39 20
39 23
39 30
39 32
39 35
39 38
39 41
39 48
39 50
40 2
40 5
40 7
40 8
40 9
40 11
40 14
40 20
40 22
40 25
40 29
40 30
40 31
40 35
40 38
40 41
40 47
41 1
41 5
41 7
41 10
41 13
41 14
41 15
41 16
41 18
41 21
41 22
41 23
41 24
41 27
41 28
41 39
41 40
41 50
42 5
42 7
42 8
42 16
42 17
42 18
42 22
42 23
42 25
42 26
42 28
42 33
42 35
42 43
42 44
42 45
42 46
42 47
42 48
42 49
42 50
43 3
43 4
43 5
43 6
43 17
43 26
43 34
43 35
43 38
43 42
43 45
43 46
43 49
44 1
44 5
44 6
44 7
44 13
44 16
44 19
44 25
44 28
44 29
44 31
44 32
44 34
44 42
44 45
44 47
45 3
45 4
45 5
45 7
45 8
45 9
45 10
45 14
45 19
45 21
45 24
45 26
45 30
45 31
45 34
45 37
45 42
45 43
45 44
45 48
46 2
46 6
46 7
46 8
46 10
46 13
46 18
46 19
46 22
46 27
46 28
46 29
46 31
46 32
46 33
46 34
46 35
46 36
46 37
46 42
46 43
46 49
47 1
47 4
47 6
47 7
47 8
47 12
47 13
47 15
47 17
47 19
47 21
47 23
47 24
47 25
47 26
47 30
47 32
47 37
47 38
47 40
47 42
47 44
47 49
47 50
48 3
48 5
48 8
48 11
48 15
48 16
48 19
48 24
48 27
48 29
48 30
48 31
48 34
48 35
48 39
48 42
48 45
48 49
49 2
49 3
49 4
49 14
49 15
49 17
49 22
49 24
49 30
49 33
49 34
49 35
49 38
49 42
49 43
49 46
49 47
49 48
49 50
50 1
50 2
50 6
50 7
50 11
50 13
50 15
50 17
50 18
50 19
50 20
50 21
50 24
50 25
50 26
50 27
50 30
50 33
50 39
50 41
50 42
50 47
50 49
