50
1 2
1 3
1 7
1 10
1 11
1 12
1 18
1 21
1 23
1 24
1 25
1 27
1 28
1 34
1 43
1 49
1 50
2 1
2 3
2 4
2 5
2 8
2 15
2 20
2 24
2 25
2 26
2 27
2 28
2 31
2 32
2 35
2 36
2 37
2 39
2 40
2 41
2 49
3 1
3 2
3 6
3 9
3 10
3 11
3 12
3 13
3 14
3 15
3 16
3 22
3 28
3 31
3 32
3 33
3 34
3 41
3 45
3 46
4 2
4 5
4 7
4 8
4 11
4 15
4 16
4 17
4 19
4 24
4 26
4 27
4 32
4 34
4 35
4 36
4 38
4 39
4 40
4 41
4 46
4 47
5 2
5 4
5 7
5 8
5 10
5 12
5 15
5 20
5 21
5 22
5 23
5 25
5 26
5 29
5 32
5 34
5 35
5 37
5 39
5 40
5 42
5 45
5 46
5 47
5 48
5 49
5 50
6 3
6 8
6 10
6 12
6 14
6 17
6 18
6 21
6 24
6 29
6 30
6 35
6 36
6 40
6 41
6 45
7 1
7 4
7 5
7 13
7 17
7 20
7 21
7 22
7 23
7 24
7 26
7 28
7 29
7 33
7 40
7 41
7 44
7 46
7 48
8 2
8 4
8 5
8 6
8 12
8 23
8 25
8 26
8 31
8 33
8 36
8 37
8 39
8 42
8 43
8 44
8 46
8 47
9 3
9 10
9 12
9 20
9 23
9 25
9 33
9 34
9 35
9 37
9 40
9 46
9 47
9 48
10 1
10 3
10 5
10 6
10 9
10 11
10 14
10 15
10 19
10 20
10 22
10 23
10 25
10 26
10 27
10 28
10 30
10 36
10 41
10 42
10 44
10 45
10 47
11 1
11 3
11 4
11 10
11 15
11 16
11 18
11 19
11 20
11 25
11 26
11 27
11 28
11 33
11 35
11 37
11 43
11 48
11 49
12 1
12 3
12 5
12 6
12 8
12 9
12 14
12 16
12 18
12 20
12 21
12 31
12 32
12 33
12 35
12 42
12 43
12 45
12 47
12 50
13 3
13 7
13 14
13 17
13 18
13 20
13 21
13 25
13 28
13 29
13 31
13 33
13 40
13 42
13 44
14 3
14 6
14 10
14 12
14 13
14 15
14 16
14 18
14 19
14 22
14 25
14 26
14 29
14 30
14 32
14 38
14 39
14 45
14 50
15 2
15 3
15 4
15 5
15 10
15 11
15 14
15 17
15 25
15 26
15 30
15 31
15 34
15 36
15 37
15 42
15 44
15 45
15 46
15 47
15 49
16 3
16 4
16 11
16 12
16 14
16 21
16 22
16 23
16 24
16 25
16 29
16 32
16 33
16 37
16 41
16 42
16 46
16 50
17 4
17 6
17 7
17 13
17 15
17 18
17 19
17 22
17 23
17 30
17 31
17 33
17 35
17 37
17 38
17 39
17 40
17 42
17 44
17 45
18 1
18 6
18 11
18 12
18 13
18 14
18 17
18 21
18 22
18 23
18 27
18 28
18 29
18 32
18 35
18 38
18 39
18 40
18 41
18 43
18 44
18 48
18 50
19 4
19 10
19 11
19 14
19 17
19 23
19 25
19 26
19 27
19 29
19 30
19 31
19 34
19 40
19 43
19 44
19 45
19 46
19 47
19 49
19 50
20 2
20 5
20 7
20 9
20 10
20 11
20 12
20 13
20 22
20 25
20 30
20 31
20 32
20 33
20 34
20 36
20 37
20 38
20 43
20 47
20 48
20 49
21 1
21 5
21 6
21 7
21 12
21 13
21 16
21 18
21 24
21 25
21 27
21 28
21 33
21 35
21 36
21 38
21 40
21 43
21 46
21 49
22 3
22 5
22 7
22 10
22 14
22 16
22 17
22 18
22 20
22 24
22 25
22 26
22 31
22 32
22 33
22 37
22 38
22 44
22 45
22 46
22 48
23 1
23 5
23 7
23 8
23 9
23 10
23 16
23 17
23 18
23 19
23 26
23 27
23 28
23 30
23 31
23 32
23 38
23 39
23 43
23 44
23 46
23 50
24 1
24 2
24 4
24 6
24 7
24 16
24 21
24 22
24 27
24 29
24 30
24 32
24 34
24 43
24 47
24 48
25 1
25 2
25 5
25 8
25 9
25 10
25 11
25 13
25 14
25 15
25 16
25 19
25 20
25 21
25 22
25 27
25 28
25 29
25 31
25 32
25 35
25 36
25 41
25 42
25 43
25 44
25 48
26 2
26 4
26 5
26 7
26 8
26 10
26 11
26 14
26 15
26 19
26 22
26 23
26 28
26 31
26 32
26 39
26 40
26 44
26 49
26 50
27 1
27 2
27 4
27 10
27 11
27 18
27 19
27 21
27 23
27 24
27 25
27 30
27 34
27 35
27 36
27 37
27 40
27 41
27 45
27 48
27 50
28 1
28 2
28 3
28 7
28 10
28 11
28 13
28 18
28 21
28 23
28 25
28 26
28 29
28 30
28 41
28 44
28 45
28 47
29 5
29 6
29 7
29 13
29 14
29 16
29 18
29 19
29 24
29 25
29 28
29 33
29 35
29 38
29 41
29 44
29 45
29 46
29 47
29 48
29 49
29 50
30 6
30 10
30 14
30 15
30 17
30 19
30 20
30 23
30 24
30 27
30 28
30 32
30 37
30 38
30 39
30 42
30 45
30 49
30 50
31 2
31 3
31 8
31 12
31 13
31 15
31 17
31 19
31 20
31 22
31 23
31 25
31 26
31 33
31 34
31 36
31 40
31 44
31 45
31 48
31 49
31 50
32 2
32 3
32 4
32 5
32 12
32 14
32 16
32 18
32 20
32 22
32 23
32 24
32 25
32 26
32 30
32 38
32 40
32 44
32 47
32 48
33 3
33 7
33 8
33 9
33 11
33 12
33 13
33 16
33 17
33 20
33 21
33 22
33 29
33 31
33 34
33 35
33 36
33 38
33 40
33 43
33 44
33 47
34 1
34 3
34 4
34 5
34 9
34 15
34 19
34 20
34 24
34 27
34 31
34 33
34 35
34 36
34 37
34 38
34 40
34 41
34 43
34 45
34 47
35 2
35 4
35 5
35 6
35 9
35 11
35 12
35 17
35 18
35 21
35 25
35 27
35 29
35 33
35 34
35 44
35 46
35 48
35 49
35 50
36 2
36 4
36 6
36 8
36 10
36 15
36 20
36 21
36 25
36 27
36 31
36 33
36 34
36 40
36 42
36 43
36 45
36 46
36 49
37 2
37 5
37 8
37 9
37 11
37 15
37 16
37 17
37 20
37 22
37 27
37 30
37 34
37 39
37 44
37 47
38 4
38 14
38 17
38 18
38 20
38 21
38 22
38 23
38 29
38 30
38 32
38 33
38 34
38 44
38 45
38 48
39 2
39 4
39 5
39 8
39 14
39 17
39 18
39 23
39 26
39 30
39 37
39 40
39 41
39 46
40 2
40 4
40 5
40 6
40 7
40 9
40 13
40 17
40 18
40 19
40 21
40 26
40 27
40 31
40 32
40 33
40 34
40 36
40 39
40 44
40 46
41 2
41 3
41 4
41 6
41 7
41 10
41 16
41 18
41 25
41 27
41 28
41 29
41 34
41 39
41 42
41 44
41 46
42 5
42 8
42 10
42 12
42 13
42 15
42 16
42 17
42 25
42 30
42 36
42 41
42 47
42 49
43 1
43 8
43 11
43 12
43 18
43 19
43 20
43 21
43 23
43 24
43 25
43 33
43 34
43 36
43 46
43 48
43 49
44 7
44 8
44 10
44 13
44 15
44 17
44 18
44 19
44 22
44 23
44 25
44 26
44 28
44 29
44 31
44 32
44 33
44 35
44 37
44 38
44 40
44 41
44 45
44 48
45 3
45 5
45 6
45 10
45 12
45 14
45 15
45 17
45 19
45 22
45 27
45 28
45 29
45 30
45 31
45 34
45 36
45 38
45 44
45 50
46 3
46 4
46 5
46 7
46 8
46 9
46 15
46 16
46 19
46 21
46 22
46 23
46 29
46 35
46 36
46 39
46 40
46 41
46 43
46 49
47 4
47 5
47 8
47 9
47 10
47 12
47 15
47 19
47 20
47 24
47 28
47 29
47 32
47 33
47 34
47 37
47 42
47 50
48 5
48 7
48 9
48 11
48 18
48 20
48 22
48 24
48 25
48 27
48 29
48 31
48 32
48 35
48 38
48 43
48 44
49 1
49 2
49 5
49 11
49 15
49 19
49 20
49 21
49 26
49 29
49 30
49 31
49 35
49 36
49 42
49 43
49 46
50 1
50 5
50 12
50 14
50 16
50 18
50 19
50 23
50 26
50 27
50 29
50 30
50 31
50 35
50 45
50 47
