50
1 2
1 3
1 5
1 8
1 12
1 14
1 15
1 16
1 20
1 21
1 24
1 25
1 26
1 27
1 28
1 29
1 34
1 35
1 36
1 38
1 40
1 41
1 42
1 43
1 44
1 46
1 49
2 1
2 3
2 4
2 8
2 9
2 11
2 14
2 16
2 19
2 20
2 22
2 25
2 26
2 32
2 34
2 35
2 36
2 37
2 43
2 45
2 46
2 48
2 50
3 1
3 2
3 4
3 9
3 10
3 12
3 19
3 24
3 25
3 27
3 29
3 30
3 34
3 35
3 36
3 43
3 45
3 48
3 50
4 2
4 3
4 9
4 11
4 12
4 14
4 16
4 18
4 21
4 25
4 28
4 31
4 32
4 33
4 34
4 39
4 40
4 42
4 43
4 46
4 47
5 1
5 6
5 7
5 9
5 10
5 12
5 14
5 19
5 21
5 22
5 23
5 27
5 29
5 31
5 32
5 36
5 37
5 41
5 43
5 45
5 46
5 47
5 48
6 5
6 9
6 11
6 13
6 18
6 21
6 22
6 24
6 26
6 29
6 31
6 34
6 36
6 40
6 45
6 46
6 47
7 5
7 10
7 12
7 15
7 19
7 21
7 22
7 23
7 28
7 29
7 33
7 37
7 38
7 39
7 40
7 45
7 46
7 47
7 48
8 1
8 2
8 9
8 10
8 12
8 18
8 19
8 20
8 21
8 22
8 23
8 26
8 29
8 31
8 33
8 35
8 42
8 44
8 46
8 47
8 49
8 50
9 2
9 3
9 4
9 5
9 6
9 8
9 10
9 12
9 16
9 18
9 20
9 24
9 27
9 31
9 37
9 38
9 39
9 40
9 46
9 47
9 49
10 3
10 5
10 7
10 8
10 9
10 12
10 14
10 21
10 22
10 26
10 31
10 32
10 35
10 36
10 42
10 43
10 44
10 50
11 2
11 4
11 6
11 13
11 14
11 15
11 17
11 19
11 20
11 21
11 28
11 33
11 35
11 36
11 38
11 40
11 41
11 43
11 45
11 48
11 49
11 50
12 1
12 3
12 4
12 5
12 7
12 8
12 9
12 10
12 14
12 16
12 18
12 19
12 23
12 25
12 27
12 28
12 29
12 32
12 36
12 39
12 40
12 46
12 48
13 6
13 11
13 14
13 17
13 25
13 26
13 28
13 30
13 31
13 32
13 34
13 35
13 36
13 39
13 42
13 45
14 1
14 2
14 4
14 5
14 10
14 11
14 12
14 13
14 15
14 16
14 24
14 25
14 28
14 32
14 36
14 40
14 41
14 43
14 46
14 47
14 49
14 50
15 1
15 7
15 11
15 14
15 17
15 19
15 24
15 29
15 31
15 32
15 33
15 35
15 36
15 38
15 39
15 43
15 44
15 45
15 46
15 47
15 48
15 50
16 1
16 2
16 4
16 9
16 12
16 14
16 18
16 19
16 21
16 26
16 27
16 41
16 42
16 44
16 46
16 47
16 48
17 11
17 13
17 15
17 20
17 21
17 22
17 23
17 24
17 27
17 28
17 30
17 33
17 35
17 38
17 41
17 44
17 45
18 4
18 6
18 8
18 9
18 12
18 16
18 19
18 22
18 24
18 25
18 29
18 33
18 34
18 35
18 39
18 40
18 48
18 49
19 2
19 3
19 5
19 7
19 8
19 11
19 12
19 15
19 16
19 18
19 24
19 26
19 33
19 34
19 35
19 36
19 38
19 40
19 41
19 46
19 47
19 50
20 1
20 2
20 8
20 9
20 11
20 17
20 21
20 30
20 32
20 38
20 44
20 47
20 48
20 49
21 1
21 4
21 5
21 6
21 7
21 8
21 10
21 11
21 16
21 17
21 20
21 24
21 29
21 30
21 31
21 33
21 34
21 35
21 36
21 39
21 43
21 44
21 46
21 48
22 2
22 5
22 6
22 7
22 8
22 10
22 17
22 18
22 23
22 25
22 26
22 28
22 29
22 34
22 35
22 36
22 37
22 38
22 40
22 44
22 49
22 50
23 5
23 7
23 8
23 12
23 17
23 22
23 30
23 37
23 43
23 46
23 48
23 49
23 50
24 1
24 3
24 6
24 9
24 14
24 15
24 17
24 18
24 19
24 21
24 28
24 30
24 31
24 32
24 33
24 36
24 37
24 40
24 41
24 44
24 46
24 49
24 50
25 1
25 2
25 3
25 4
25 12
25 13
25 14
25 18
25 22
25 31
25 32
25 35
25 36
25 42
25 43
25 50
26 1
26 2
26 6
26 8
26 10
26 13
26 16
26 19
26 22
26 27
26 28
26 29
26 30
26 32
26 34
26 40
26 46
27 1
27 3
27 5
27 9
27 12
27 16
27 17
27 26
27 28
27 38
27 42
27 44
27 49
28 1
28 4
28 7
28 11
28 12
28 13
28 14
28 17
28 22
28 24
28 26
28 27
28 29
28 31
28 34
28 37
28 41
28 42
28 43
28 44
29 1
29 3
29 5
29 6
29 7
29 8
29 12
29 15
29 18
29 21
29 22
29 26
29 28
29 30
29 34
29 36
29 39
29 42
29 45
29 48
29 49
30 3
30 13
30 17
30 20
30 21
30 23
30 24
30 26
30 29
30 33
30 37
30 40
30 42
30 50
31 4
31 5
31 6
31 8
31 9
31 10
31 13
31 15
31 21
31 24
31 25
31 28
31 32
31 35
31 38
31 40
31 44
31 46
31 48
31 49
32 2
32 4
32 5
32 10
32 12
32 13
32 14
32 15
32 20
32 24
32 25
32 26
32 31
32 34
32 35
32 36
32 37
32 45
32 47
32 48
32 49
33 4
33 7
33 8
33 11
33 15
33 17
33 18
33 19
33 21
33 24
33 30
33 35
33 38
33 39
33 40
33 41
33 42
33 43
33 44
33 45
33 48
34 1
34 2
34 3
34 4
34 6
34 13
34 18
34 19
34 21
34 22
34 26
34 28
34 29
34 32
34 35
34 36
34 38
34 39
34 40
34 41
35 1
35 2
35 3
35 8
35 10
35 11
35 13
35 15
35 17
35 18
35 19
35 21
35 22
35 25
35 31
35 32
35 33
35 34
35 41
35 42
35 45
35 46
35 49
36 1
36 2
36 3
36 5
36 6
36 10
36 11
36 12
36 13
36 14
36 15
36 19
36 21
36 22
36 24
36 25
36 29
36 32
36 34
36 41
36 42
36 48
37 2
37 5
37 7
37 9
37 22
37 23
37 24
37 28
37 30
37 32
37 38
37 43
37 44
37 48
38 1
38 7
38 9
38 11
38 15
38 17
38 19
38 20
38 22
38 27
38 31
38 33
38 34
38 37
38 40
38 42
38 44
38 46
38 48
38 49
38 50
39 4
39 7
39 9
39 12
39 13
39 15
39 18
39 21
39 29
39 33
39 34
39 46
39 50
40 1
40 4
40 6
40 7
40 9
40 11
40 12
40 14
40 18
40 19
40 22
40 24
40 26
40 30
40 31
40 33
40 34
40 38
40 41
40 44
40 46
40 47
40 50
41 1
41 5
41 11
41 14
41 16
41 17
41 19
41 24
41 28
41 33
41 34
41 35
41 36
41 40
41 42
41 43
41 44
41 45
41 46
41 50
42 1
42 4
42 8
42 10
42 13
42 16
42 25
42 27
42 28
42 29
42 30
42 33
42 35
42 36
42 38
42 41
42 43
42 44
42 47
42 48
43 1
43 2
43 3
43 4
43 5
43 10
43 11
43 14
43 15
43 21
43 23
43 25
43 28
43 33
43 37
43 41
43 42
43 44
44 1
44 8
44 10
44 15
44 16
44 17
44 20
44 21
44 22
44 24
44 27
44 28
44 31
44 33
44 37
44 38
44 40
44 41
44 42
44 43
44 45
44 47
44 48
44 49
44 50
45 2
45 3
45 5
45 6
45 7
45 11
45 13
45 15
45 17
45 29
45 32
45 33
45 35
45 41
45 44
45 48
45 49
46 1
46 2
46 4
46 5
46 6
46 7
46 8
46 9
46 12
46 14
46 15
46 16
46 19
46 21
46 23
46 24
46 26
46 31
46 35
46 38
46 39
46 40
46 41
46 47
46 48
46 50
47 4
47 5
47 6
47 7
47 8
47 9
47 14
47 15
47 16
47 19
47 20
47 32
47 40
47 42
47 44
47 46
47 50
48 2
48 3
48 5
48 7
48 11
48 12
48 15
48 16
48 18
48 20
48 21
48 23
48 29
48 31
48 32
48 33
48 36
48 37
48 38
48 42
48 44
48 45
48 46
49 1
49 8
49 9
49 11
49 14
49 18
49 20
49 22
49 23
49 24
49 27
49 29
49 31
49 32
49 35
49 38
49 44
49 45
49 50
50 2
50 3
50 8
50 10
50 11
50 14
50 15
50 19
50 22
50 23
50 24
50 25
50 30
50 38
50 39
50 40
50 41
50 44
50 46
50 47
50 49
