50
1 3
1 4
1 9
1 10
1 11
1 17
1 20
1 23
1 26
1 27
1 30
1 31
1 33
1 34
1 36
1 38
1 40
1 41
1 42
1 44
1 47
2 4
2 6
2 7
2 8
2 9
2 13
2 14
2 15
2 16
2 25
2 26
2 27
2 28
2 30
2 31
2 37
2 40
2 44
2 45
2 47
2 48
3 1
3 4
3 9
3 11
3 13
3 15
3 22
3 25
3 34
3 35
3 36
3 37
3 38
3 39
3 40
3 41
3 44
3 46
3 50
4 1
4 2
4 3
4 5
4 9
4 12
4 15
4 16
4 17
4 18
4 20
4 24
4 27
4 29
4 30
4 33
4 34
4 35
4 36
4 37
4 44
4 45
4 46
4 47
4 48
5 4
5 7
5 9
5 10
5 13
5 16
5 18
5 19
5 23
5 24
5 25
5 27
5 28
5 29
5 31
5 32
5 46
5 47
5 48
5 49
6 2
6 8
6 9
6 11
6 13
6 16
6 17
6 18
6 19
6 27
6 31
6 34
6 36
6 42
6 43
6 44
6 45
6 47
6 48
6 49
6 50
7 2
7 5
7 11
7 12
7 14
7 15
7 18
7 20
7 26
7 30
7 32
7 33
7 37
7 40
7 41
7 42
7 45
7 47
7 48
7 50
8 2
8 6
8 9
8 10
8 12
8 15
8 22
8 24
8 29
8 30
8 34
8 35
8 37
8 38
8 42
8 44
8 48
8 49
9 1
9 2
9 3
9 4
9 5
9 6
9 8
9 10
9 17
9 18
9 20
9 25
9 26
9 28
9 31
9 41
9 43
9 44
9 47
9 48
9 49
10 1
10 5
10 8
10 9
10 12
10 16
10 18
10 32
10 34
10 36
10 38
10 40
10 42
10 44
10 47
11 1
11 3
11 6
11 7
11 14
11 19
11 22
11 24
11 27
11 30
11 32
11 33
11 35
11 37
11 41
11 44
11 46
11 47
11 49
11 50
12 4
12 7
12 8
12 10
12 13
12 15
12 17
12 18
12 23
12 24
12 26
12 27
12 28
12 30
12 32
12 36
12 37
12 38
12 39
12 41
12 45
12 47
12 48
12 50
13 2
13 3
13 5
13 6
13 12
13 14
13 16
13 28
13 30
13 31
13 32
13 35
13 40
13 41
13 42
13 44
13 45
13 48
13 49
14 2
14 7
14 11
14 13
14 19
14 20
14 23
14 24
14 29
14 32
14 38
14 48
15 2
15 3
15 4
15 7
15 8
15 12
15 16
15 17
15 24
15 25
15 28
15 30
15 34
15 35
15 37
15 39
15 48
16 2
16 4
16 5
16 6
16 10
16 13
16 15
16 18
16 19
16 21
16 24
16 27
16 30
16 31
16 38
16 39
16 45
16 46
16 47
17 1
17 4
17 6
17 9
17 12
17 15
17 18
17 20
17 21
17 24
17 27
17 30
17 31
17 42
17 43
17 44
17 46
17 50
18 4
18 5
18 6
18 7
18 9
18 10
18 12
18 16
18 17
18 19
18 20
18 21
18 24
18 27
18 28
18 31
18 34
18 38
18 39
18 40
18 41
18 42
18 45
19 5
19 6
19 11
19 14
19 16
19 18
19 24
19 26
19 31
19 38
19 39
19 40
19 42
19 45
19 46
19 47
19 50
20 1
20 4
20 7
20 9
20 14
20 17
20 18
20 21
20 23
20 27
20 29
20 30
20 32
20 33
20 40
20 47
20 49
21 16
21 17
21 18
21 20
21 22
21 25
21 34
21 39
21 40
21 41
21 43
21 45
21 47
21 49
22 3
22 8
22 11
22 21
22 23
22 24
22 25
22 32
22 38
22 40
22 43
22 44
22 45
22 46
22 47
22 50
23 1
23 5
23 12
23 14
23 20
23 22
23 24
23 25
23 26
23 27
23 28
23 32
23 33
23 36
23 39
23 40
23 43
23 44
23 47
23 49
24 4
24 5
24 8
24 11
24 12
24 14
24 15
24 16
24 17
24 18
24 19
24 22
24 23
24 25
24 26
24 27
24 31
24 35
24 37
24 38
24 39
24 42
24 46
24 48
24 50
25 2
25 3
25 5
25 9
25 15
25 21
25 22
25 23
25 24
25 26
25 28
25 31
25 32
25 36
25 37
25 38
25 41
25 42
25 45
25 47
25 48
26 1
26 2
26 7
26 9
26 12
26 19
26 23
26 24
26 25
26 27
26 28
26 31
26 32
26 33
26 35
26 36
26 38
26 40
26 41
26 44
26 46
26 47
26 49
27 1
27 2
27 4
27 5
27 6
27 11
27 12
27 16
27 17
27 18
27 20
27 23
27 24
27 26
27 28
27 29
27 30
27 31
27 32
27 33
27 34
27 40
27 42
27 43
28 2
28 5
28 9
28 12
28 13
28 15
28 18
28 23
28 25
28 26
28 27
28 29
28 30
28 31
28 33
28 36
28 37
28 41
28 42
28 44
28 46
28 47
28 48
28 49
29 4
29 5
29 8
29 14
29 20
29 27
29 28
29 32
29 33
29 34
29 37
29 44
30 1
30 2
30 4
30 7
30 8
30 11
30 12
30 13
30 15
30 16
30 17
30 20
30 27
30 28
30 32
30 35
30 44
30 45
30 46
30 48
30 49
30 50
31 1
31 2
31 5
31 6
31 9
31 13
31 16
31 17
31 18
31 19
31 24
31 25
31 26
31 27
31 28
31 36
31 38
31 40
31 41
31 45
31 48
31 50
32 5
32 7
32 10
32 11
32 12
32 13
32 14
32 20
32 22
32 23
32 25
32 26
32 27
32 29
32 30
32 35
32 43
32 50
33 1
33 4
33 7
33 11
33 20
33 23
33 26
33 27
33 28
33 29
33 34
33 36
33 39
33 41
33 42
33 43
33 47
33 50
34 1
34 3
34 4
34 6
34 8
34 10
34 15
34 18
34 21
34 27
34 29
34 33
34 35
34 38
34 42
34 43
34 44
34 47
34 48
34 49
34 50
35 3
35 4
35 8
35 11
35 13
35 15
35 24
35 26
35 30
35 32
35 34
35 36
35 42
35 44
35 48
35 49
36 1
36 3
36 4
36 6
36 10
36 12
36 23
36 25
36 26
36 28
36 31
36 33
36 35
36 37
36 38
36 40
36 43
36 47
36 49
36 50
37 2
37 3
37 4
37 7
37 8
37 11
37 12
37 15
37 24
37 25
37 28
37 29
37 36
37 38
37 41
37 42
37 45
38 1
38 3
38 8
38 10
38 12
38 14
38 16
38 18
38 19
38 22
38 24
38 25
38 26
38 31
38 34
38 36
38 37
38 39
38 45
38 50
39 3
39 12
39 15
39 16
39 18
39 19
39 21
39 23
39 24
39 33
39 38
39 41
39 45
39 46
39 50
40 1
40 2
40 3
40 7
40 10
40 13
40 18
40 19
40 20
40 21
40 22
40 23
40 26
40 27
40 31
40 36
40 47
40 49
41 1
41 3
41 7
41 9
41 11
41 12
41 13
41 18
41 21
41 25
41 26
41 28
41 31
41 33
41 37
41 39
41 47
41 50
42 1
42 6
42 7
42 8
42 10
42 13
42 17
42 18
42 19
42 24
42 25
42 27
42 28
42 33
42 34
42 35
42 37
42 45
42 49
42 50
43 6
43 9
43 17
43 21
43 22
43 23
43 27
43 32
43 33
43 34
43 36
43 45
43 49
43 50
44 1
44 2
44 3
44 4
44 6
44 8
44 9
44 10
44 11
44 13
44 17
44 22
44 23
44 26
44 28
44 29
44 30
44 34
44 35
44 46
44 47
44 49
44 50
45 2
45 4
45 6
45 7
45 12
45 13
45 16
45 18
45 19
45 21
45 22
45 25
45 30
45 31
45 37
45 38
45 39
45 42
45 43
45 47
45 48
46 3
46 4
46 5
46 11
46 16
46 17
46 19
46 22
46 24
46 26
46 28
46 30
46 39
46 44
46 47
47 1
47 2
47 4
47 5
47 6
47 7
47 9
47 10
47 11
47 12
47 16
47 19
47 20
47 21
47 22
47 23
47 25
47 26
47 28
47 33
47 34
47 36
47 40
47 41
47 44
47 45
47 46
47 49
47 50
48 2
48 4
48 5
48 6
48 7
48 8
48 9
48 12
48 13
48 14
48 15
48 24
48 25
48 28
48 30
48 31
48 34
48 35
48 45
48 49
48 50
49 5
49 6
49 8
49 9
49 11
49 13
49 20
49 21
49 23
49 26
49 28
49 30
49 34
49 35
49 36
49 40
49 42
49 43
49 44
49 47
49 48
49 50
50 3
50 6
50 7
50 11
50 12
50 17
50 19
50 22
50 24
50 30
50 31
50 32
50 33
50 34
50 36
50 38
50 39
50 41
50 42
50 43
50 44
50 47
50 48
50 49
