50
1 3
1 5
1 7
1 8
1 10
1 16
1 23
1 27
1 28
1 32
1 36
1 39
1 44
1 45
1 48
1 49
1 50
2 3
2 5
2 6
2 8
2 16
2 18
2 23
2 25
2 26
2 27
2 29
2 30
2 31
2 34
2 35
2 36
2 38
2 39
2 40
2 42
2 43
2 48
2 50
3 1
3 2
3 4
3 6
3 9
3 11
3 12
3 14
3 17
3 18
3 19
3 20
3 21
3 22
3 23
3 25
3 26
3 28
3 32
3 34
3 36
3 37
3 39
3 43
3 45
3 47
4 3
4 6
4 10
4 13
4 16
4 20
4 21
4 22
4 28
4 29
4 31
4 40
4 42
4 44
4 46
4 48
4 50
5 1
5 2
5 7
5 11
5 12
5 13
5 15
5 18
5 23
5 24
5 25
5 26
5 27
5 29
5 30
5 33
5 34
5 35
5 38
5 40
5 44
5 46
5 47
5 49
6 2
6 3
6 4
6 8
6 15
6 16
6 17
6 20
6 21
6 22
6 23
6 24
6 27
6 30
6 34
6 35
6 39
6 40
6 42
6 45
6 48
6 49
6 50
7 1
7 5
7 8
7 9
7 10
7 12
7 19
7 24
7 25
7 31
7 32
7 34
7 35
7 37
7 39
7 40
7 42
7 45
8 1
8 2
8 6
8 7
8 9
8 17
8 18
8 24
8 27
8 28
8 32
8 33
8 35
8 36
8 37
8 41
8 43
8 44
8 45
8 49
9 3
9 7
9 8
9 12
9 17
9 22
9 25
9 26
9 28
9 29
9 30
9 33
9 35
9 37
9 40
9 44
9 49
9 50
10 1
10 4
10 7
10 17
10 19
10 20
10 22
10 26
10 27
10 28
10 36
10 38
10 40
10 41
10 42
10 44
10 45
10 47
10 48
10 50
11 3
11 5
11 12
11 17
11 20
11 32
11 34
11 36
11 40
11 42
11 43
12 3
12 5
12 7
12 9
12 11
12 13
12 21
12 23
12 24
12 27
12 28
12 33
12 36
12 37
12 38
12 39
12 40
12 43
12 45
13 4
13 5
13 12
13 15
13 19
13 20
13 25
13 28
13 29
13 30
13 32
13 33
13 34
13 35
13 37
13 38
13 40
13 44
13 45
13 47
13 50
14 3
14 16
14 17
14 18
14 19
14 22
14 23
14 25
14 26
14 28
14 29
14 32
14 35
14 38
14 40
14 43
14 50
15 5
15 6
15 13
15 16
15 17
15 20
15 21
15 22
15 23
15 24
15 25
15 27
15 29
15 36
15 40
15 48
15 49
15 50
16 1
16 2
16 4
16 6
16 14
16 15
16 17
16 23
16 25
16 27
16 28
16 30
16 33
16 34
16 37
16 38
16 40
16 41
16 44
16 45
16 46
16 47
16 49
16 50
17 3
17 6
17 8
17 9
17 10
17 11
17 14
17 15
17 16
17 18
17 19
17 22
17 23
17 26
17 29
17 31
17 32
17 35
17 36
17 37
17 42
17 43
17 44
17 46
17 49
18 2
18 3
18 5
18 8
18 14
18 17
18 19
18 28
18 30
18 31
18 35
18 38
18 44
18 45
18 47
18 48
18 49
18 50
19 3
19 7
19 10
19 13
19 14
19 17
19 18
19 20
19 21
19 23
19 24
19 29
19 30
19 31
19 33
19 36
19 37
19 39
19 40
19 42
19 45
19 46
20 3
20 4
20 6
20 10
20 11
20 13
20 15
20 19
20 21
20 22
20 25
20 26
20 40
20 41
20 42
20 44
20 46
21 3
21 4
21 6
21 12
21 15
21 19
21 20
21 23
21 24
21 26
21 27
21 39
21 42
21 46
21 47
21 48
21 49
22 3
22 4
22 6
22 9
22 10
22 14
22 15
22 17
22 20
22 25
22 32
22 35
22 38
22 39
22 43
22 46
22 47
22 48
22 49
23 1
23 2
23 3
23 5
23 6
23 12
23 14
23 15
23 16
23 17
23 19
23 21
23 28
23 29
23 33
23 35
23 37
23 40
23 45
23 46
23 48
23 49
24 5
24 6
24 7
24 8
24 12
24 15
24 19
24 21
24 26
24 28
24 32
24 36
24 38
24 41
24 45
24 47
24 48
24 49
25 2
25 3
25 5
25 7
25 9
25 13
25 14
25 15
25 16
25 20
25 22
25 26
25 32
25 36
25 40
25 41
25 43
25 44
25 45
25 47
25 48
26 2
26 3
26 5
26 9
26 10
26 14
26 17
26 20
26 21
26 24
26 25
26 37
26 42
26 44
26 47
27 1
27 2
27 5
27 6
27 8
27 10
27 12
27 15
27 16
27 21
27 31
27 32
27 40
27 41
27 42
27 43
27 44
27 46
27 48
27 49
27 50
28 1
28 3
28 4
28 8
28 9
28 10
28 12
28 13
28 14
28 16
28 18
28 23
28 24
28 31
28 34
28 35
28 37
28 40
28 42
28 45
28 47
28 50
29 2
29 4
29 5
29 9
29 13
29 14
29 15
29 17
29 19
29 23
29 34
29 35
29 43
29 45
29 48
30 2
30 5
30 6
30 9
30 13
30 16
30 18
30 19
30 31
30 32
30 33
30 38
30 39
30 44
30 45
30 47
30 49
30 50
31 2
31 4
31 7
31 17
31 18
31 19
31 27
31 28
31 30
31 42
31 43
31 44
31 46
31 48
31 49
32 1
32 3
32 7
32 8
32 11
32 13
32 14
32 17
32 22
32 24
32 25
32 27
32 30
32 33
32 36
32 42
32 43
32 44
32 45
32 46
32 47
32 49
33 5
33 8
33 9
33 12
33 13
33 16
33 19
33 23
33 30
33 32
33 36
33 39
33 40
33 42
33 46
33 48
33 50
34 2
34 3
34 5
34 6
34 7
34 11
34 13
34 16
34 28
34 29
34 37
34 42
34 43
34 46
34 49
35 2
35 5
35 6
35 7
35 8
35 9
35 13
35 14
35 17
35 18
35 22
35 23
35 28
35 29
35 37
35 38
35 46
35 47
36 1
36 2
36 3
36 8
36 10
36 11
36 12
36 15
36 17
36 19
36 24
36 25
36 32
36 33
36 38
36 39
36 42
36 47
37 3
37 7
37 8
37 9
37 12
37 13
37 16
37 17
37 19
37 23
37 26
37 28
37 34
37 35
37 40
37 41
37 42
37 45
37 46
37 47
37 49
38 2
38 5
38 10
38 12
38 13
38 14
38 16
38 18
38 22
38 24
38 30
38 35
38 36
38 40
38 42
38 44
38 45
38 50
39 1
39 2
39 3
39 6
39 7
39 12
39 19
39 21
39 22
39 30
39 33
39 36
39 40
39 41
39 42
39 43
39 44
39 45
39 47
39 48
40 2
40 4
40 5
40 6
40 7
40 9
40 10
40 11
40 12
40 13
40 14
40 15
40 16
40 19
40 20
40 23
40 25
40 27
40 28
40 33
40 37
40 38
40 39
40 43
40 46
40 48
40 49
41 8
41 10
41 16
41 20
41 24
41 25
41 27
41 37
41 39
41 44
41 47
42 2
42 4
42 6
42 7
42 10
42 11
42 17
42 19
42 20
42 21
42 26
42 27
42 28
42 31
42 32
42 33
42 34
42 36
42 37
42 38
42 39
42 43
42 48
42 49
42 50
43 2
43 3
43 8
43 11
43 12
43 14
43 17
43 22
43 25
43 27
43 29
43 31
43 32
43 34
43 39
43 40
43 42
43 44
43 46
43 47
43 48
44 1
44 4
44 5
44 8
44 9
44 10
44 13
44 16
44 17
44 18
44 20
44 25
44 26
44 27
44 30
44 31
44 32
44 38
44 39
44 41
44 43
44 45
44 47
45 1
45 3
45 6
45 7
45 8
45 10
45 12
45 13
45 16
45 18
45 19
45 23
45 24
45 25
45 28
45 29
45 30
45 32
45 37
45 38
45 39
45 44
45 48
45 50
46 4
46 5
46 16
46 17
46 19
46 20
46 21
46 22
46 23
46 27
46 31
46 32
46 33
46 34
46 35
46 37
46 40
46 43
46 49
47 3
47 5
47 10
47 13
47 16
47 18
47 21
47 22
47 24
47 25
47 26
47 28
47 30
47 32
47 35
47 36
47 37
47 39
47 41
47 43
47 44
47 48
47 49
48 1
48 2
48 4
48 6
48 10
48 15
48 18
48 21
48 22
48 23
48 24
48 25
48 27
48 29
48 31
48 33
48 39
48 40
48 42
48 43
48 45
48 47
48 49
48 50
49 1
49 5
49 6
49 8
49 9
49 15
49 16
49 17
49 18
49 21
49 22
49 23
49 24
49 27
49 30
49 31
49 32
49 34
49 37
49 40
49 42
49 46
49 47
49 48
49 50
50 1
50 2
50 4
50 6
50 9
50 10
50 13
50 14
50 15
50 16
50 18
50 27
50 28
50 30
50 33
50 38
50 42
50 45
50 48
50 49
