50
1 3
1 4
1 5
1 6
1 8
1 14
1 16
1 18
1 24
1 26
1 27
1 28
1 29
1 32
1 33
1 34
1 35
1 37
1 43
1 44
1 48
2 4
2 5
2 7
2 8
2 21
2 23
2 24
2 25
2 28
2 30
2 32
2 36
2 39
2 40
2 45
2 46
2 47
2 49
2 50
3 1
3 6
3 7
3 8
3 9
3 11
3 19
3 20
3 25
3 26
3 27
3 28
3 29
3 30
3 31
3 32
3 35
3 36
3 37
3 40
3 41
3 42
3 43
3 45
3 46
3 48
3 49
4 1
4 2
4 5
4 6
4 8
4 9
4 12
4 14
4 17
4 22
4 23
4 24
4 26
4 30
4 31
4 34
4 35
4 37
4 38
4 40
4 43
4 44
5 1
5 2
5 4
5 6
5 7
5 8
5 10
5 11
5 12
5 13
5 14
5 20
5 22
5 23
5 25
5 33
5 34
5 36
5 37
5 39
5 41
5 43
5 44
5 47
5 48
5 49
5 50
6 1
6 3
6 4
6 5
6 8
6 9
6 17
6 19
6 20
6 21
6 22
6 24
6 27
6 30
6 31
6 39
6 41
6 42
6 43
6 50
7 2
7 3
7 5
7 11
7 14
7 15
7 16
7 19
7 20
7 23
7 25
7 26
7 31
7 36
7 37
7 41
7 44
8 1
8 2
8 3
8 4
8 5
8 6
8 10
8 11
8 14
8 15
8 17
8 21
8 23
8 27
8 36
8 37
8 38
8 41
8 42
8 43
8 47
9 3
9 4
9 6
9 10
9 11
9 13
9 18
9 19
9 24
9 25
9 26
9 27
9 28
9 33
9 35
9 37
9 38
9 42
9 43
9 45
9 48
9 49
10 5
10 8
10 9
10 12
10 13
10 14
10 16
10 17
10 25
10 26
10 27
10 30
10 36
10 37
10 39
10 41
10 42
10 43
10 48
10 49
11 3
11 5
11 7
11 8
11 9
11 13
11 14
11 17
11 21
11 23
11 27
11 29
11 30
11 31
11 33
11 36
11 39
11 40
11 43
11 46
11 47
12 4
12 5
12 10
12 13
12 16
12 20
12 24
12 27
12 31
12 32
12 33
12 36
12 40
12 42
12 47
12 49
12 50
13 5
13 9
13 10
13 11
13 12
13 14
13 16
13 19
13 21
13 25
13 27
13 28
13 29
13 31
13 33
13 34
13 35
13 37
13 40
13 41
13 44
13 48
14 1
14 4
14 5
14 7
14 8
14 10
14 11
14 13
14 15
14 16
14 17
14 20
14 24
14 27
14 29
14 31
14 32
14 34
14 36
14 39
14 40
14 43
14 44
14 47
14 48
15 7
15 8
15 14
15 16
15 24
15 27
15 30
15 31
15 35
15 36
15 40
15 41
15 42
15 43
15 44
15 46
16 1
16 7
16 10
16 12
16 13
16 14
16 15
16 20
16 22
16 24
16 29
16 30
16 32
16 33
16 34
16 39
16 42
16 48
16 49
17 4
17 6
17 8
17 10
17 11
17 14
17 19
17 22
17 23
17 24
17 27
17 28
17 38
17 39
17 43
17 44
17 45
17 50
18 1
18 9
18 24
18 26
18 27
18 29
18 30
18 32
18 33
18 38
18 43
18 45
19 3
19 6
19 7
19 9
19 13
19 17
19 23
19 27
19 29
19 34
19 35
19 36
19 37
19 38
19 39
19 41
19 42
19 47
20 3
20 5
20 6
20 7
20 12
20 14
20 16
20 21
20 22
20 23
20 28
20 30
20 32
20 34
20 35
20 36
20 38
20 39
20 40
20 41
20 44
20 47
20 49
21 2
21 6
21 8
21 11
21 13
21 20
21 23
21 25
21 40
21 43
21 46
21 48
21 49
21 50
22 4
22 5
22 6
22 16
22 17
22 20
22 23
22 26
22 28
22 30
22 33
22 36
22 42
22 44
22 46
22 48
23 2
23 4
23 5
23 7
23 8
23 11
23 17
23 19
23 20
23 21
23 22
23 24
23 26
23 29
23 38
23 39
23 40
23 42
23 43
23 45
23 46
23 47
23 50
24 1
24 2
24 4
24 6
24 9
24 12
24 14
24 15
24 16
24 17
24 18
24 23
24 30
24 34
24 37
24 40
24 41
24 46
24 48
25 2
25 3
25 5
25 7
25 9
25 10
25 13
25 21
25 28
25 29
25 32
25 37
25 38
25 42
25 44
25 50
26 1
26 3
26 4
26 7
26 9
26 10
26 18
26 22
26 23
26 28
26 30
26 33
26 34
26 35
26 36
26 41
26 45
26 46
26 47
26 48
26 49
27 1
27 3
27 6
27 8
27 9
27 10
27 11
27 12
27 13
27 14
27 15
27 17
27 18
27 19
27 28
27 29
27 31
27 34
27 35
27 37
27 40
27 41
27 42
27 43
27 46
27 47
27 48
27 50
28 1
28 2
28 3
28 9
28 13
28 17
28 20
28 22
28 25
28 26
28 27
28 29
28 30
28 32
28 33
28 35
28 36
28 43
28 47
28 48
28 50
29 1
29 3
29 11
29 13
29 14
29 16
29 18
29 19
29 23
29 25
29 27
29 28
29 32
29 37
29 39
29 40
29 42
29 45
29 47
29 48
30 2
30 3
30 4
30 6
30 10
30 11
30 15
30 16
30 18
30 20
30 22
30 24
30 26
30 28
30 33
30 37
30 38
30 40
30 42
30 43
30 47
30 50
31 3
31 4
31 6
31 7
31 11
31 12
31 13
31 14
31 15
31 27
31 35
31 37
31 40
31 44
31 48
32 1
32 2
32 3
32 12
32 14
32 16
32 18
32 20
32 25
32 28
32 29
32 33
32 34
32 36
32 38
32 50
33 1
33 5
33 9
33 11
33 12
33 13
33 16
33 18
33 22
33 26
33 28
33 30
33 32
33 34
33 36
33 38
33 39
33 41
33 42
33 43
33 44
33 46
33 47
33 48
34 1
34 4
34 5
34 13
34 14
34 16
34 19
34 20
34 24
34 26
34 27
34 32
34 33
34 37
34 42
34 46
34 47
34 50
35 1
35 3
35 4
35 9
35 13
35 15
35 19
35 20
35 26
35 27
35 28
35 31
35 41
36 2
36 3
36 5
36 7
36 8
36 10
36 11
36 12
36 14
36 15
36 19
36 20
36 22
36 26
36 28
36 32
36 33
36 37
36 38
36 39
36 41
36 43
36 46
36 48
36 50
37 1
37 3
37 4
37 5
37 7
37 8
37 9
37 10
37 13
37 19
37 24
37 25
37 27
37 29
37 30
37 31
37 34
37 36
37 41
37 46
38 4
38 8
38 9
38 17
38 18
38 19
38 20
38 23
38 25
38 30
38 32
38 33
38 36
38 41
38 47
38 48
39 2
39 5
39 6
39 10
39 11
39 14
39 16
39 17
39 19
39 20
39 23
39 29
39 33
39 36
39 41
39 48
39 49
39 50
40 2
40 3
40 4
40 11
40 12
40 13
40 14
40 15
40 20
40 21
40 23
40 24
40 27
40 29
40 30
40 31
40 41
40 45
40 49
40 50
41 3
41 5
41 6
41 7
41 8
41 10
41 13
41 15
41 19
41 20
41 24
41 26
41 27
41 33
41 35
41 36
41 37
41 38
41 39
41 40
41 44
41 46
41 47
41 49
42 3
42 6
42 8
42 9
42 10
42 12
42 15
42 16
42 19
42 22
42 23
42 25
42 27
42 29
42 30
42 33
42 34
42 44
42 45
42 47
43 1
43 3
43 4
43 5
43 6
43 8
43 9
43 10
43 11
43 14
43 15
43 17
43 18
43 21
43 23
43 27
43 28
43 30
43 33
43 36
43 45
44 1
44 4
44 5
44 7
44 13
44 14
44 15
44 17
44 20
44 22
44 25
44 31
44 33
44 41
44 42
44 49
44 50
45 2
45 3
45 9
45 17
45 18
45 23
45 26
45 29
45 40
45 42
45 43
45 46
45 47
45 48
46 2
46 3
46 11
46 15
46 21
46 22
46 23
46 24
46 26
46 27
46 33
46 34
46 36
46 37
46 41
46 45
46 48
46 49
46 50
47 2
47 5
47 8
47 11
47 12
47 14
47 19
47 20
47 23
47 26
47 27
47 28
47 29
47 30
47 33
47 34
47 38
47 41
47 42
47 45
47 48
47 49
48 1
48 3
48 5
48 9
48 10
48 13
48 14
48 16
48 21
48 22
48 24
48 26
48 27
48 28
48 29
48 31
48 33
48 36
48 38
48 39
48 45
48 46
48 47
49 2
49 3
49 5
49 9
49 10
49 12
49 16
49 20
49 21
49 26
49 39
49 40
49 41
49 44
49 46
49 47
50 2
50 5
50 6
50 12
50 17
50 21
50 23
50 25
50 27
50 28
50 30
50 32
50 34
50 36
50 39
50 40
50 44
50 46
