75
1 3
1 6
1 10
1 11
1 13
1 15
1 16
1 17
1 18
1 20
1 21
1 26
1 27
1 28
1 30
1 34
1 35
1 36
1 37
1 39
1 41
1 43
1 44
1 46
1 47
1 50
1 51
1 53
1 55
1 56
1 57
1 58
1 61
1 63
1 64
1 65
1 66
1 68
1 69
1 70
1 72
1 73
1 74
1 75
2 4
2 5
2 6
2 10
2 13
2 14
2 15
2 16
2 17
2 18
2 19
2 23
2 24
2 25
2 26
2 28
2 29
2 30
2 31
2 32
2 34
2 35
2 36
2 37
2 40
2 41
2 42
2 43
2 46
2 49
2 50
2 51
2 52
2 53
2 58
2 59
2 61
2 63
2 64
2 68
2 69
2 70
2 72
2 73
2 74
3 1
3 6
3 7
3 9
3 11
3 13
3 15
3 16
3 17
3 18
3 19
3 21
3 25
3 28
3 30
3 31
3 32
3 33
3 36
3 38
3 39
3 40
3 43
3 44
3 45
3 46
3 52
3 53
3 55
3 58
3 59
3 60
3 61
3 62
3 63
3 66
3 67
3 71
3 74
4 2
4 5
4 6
4 7
4 8
4 11
4 12
4 13
4 14
4 15
4 17
4 21
4 23
4 24
4 25
4 27
4 31
4 34
4 37
4 38
4 39
4 41
4 42
4 43
4 44
4 46
4 48
4 49
4 50
4 51
4 52
4 53
4 54
4 57
4 58
4 60
4 61
4 62
4 64
4 65
4 66
4 69
4 70
4 72
4 73
4 75
5 2
5 4
5 7
5 9
5 10
5 11
5 12
5 14
5 15
5 17
5 19
5 24
5 25
5 26
5 28
5 29
5 31
5 32
5 33
5 34
5 35
5 36
5 37
5 38
5 39
5 40
5 42
5 43
5 44
5 47
5 49
5 50
5 51
5 52
5 55
5 58
5 59
5 61
5 62
5 64
5 66
5 68
5 71
5 75
6 1
6 2
6 3
6 4
6 7
6 9
6 10
6 12
6 13
6 15
6 16
6 18
6 19
6 21
6 24
6 25
6 27
6 28
6 29
6 31
6 32
6 33
6 35
6 36
6 37
6 39
6 40
6 41
6 42
6 43
6 44
6 45
6 46
6 47
6 49
6 50
6 52
6 53
6 54
6 55
6 57
6 58
6 59
6 60
6 63
6 64
6 66
6 67
6 69
6 70
6 72
6 73
6 75
7 3
7 4
7 5
7 6
7 8
7 9
7 11
7 13
7 14
7 18
7 19
7 21
7 22
7 23
7 28
7 30
7 32
7 33
7 34
7 35
7 36
7 41
7 42
7 43
7 44
7 45
7 46
7 49
7 50
7 51
7 54
7 55
7 56
7 58
7 60
7 62
7 63
7 66
7 67
7 68
7 70
7 72
7 73
7 75
8 4
8 7
8 10
8 11
8 12
8 13
8 14
8 15
8 16
8 17
8 20
8 21
8 22
8 24
8 25
8 30
8 31
8 33
8 34
8 35
8 36
8 37
8 38
8 39
8 40
8 42
8 44
8 46
8 49
8 51
8 53
8 55
8 58
8 59
8 60
8 61
8 62
8 63
8 64
8 65
8 66
8 69
8 70
8 71
8 75
9 3
9 5
9 6
9 7
9 12
9 15
9 16
9 17
9 18
9 19
9 20
9 23
9 24
9 25
9 26
9 27
9 28
9 30
9 33
9 34
9 35
9 36
9 39
9 40
9 41
9 43
9 44
9 45
9 46
9 47
9 48
9 51
9 52
9 53
9 55
9 57
9 58
9 59
9 60
9 61
9 62
9 64
9 66
9 67
9 69
9 70
9 71
9 73
9 74
9 75
10 1
10 2
10 5
10 6
10 8
10 11
10 12
10 14
10 15
10 17
10 18
10 19
10 20
10 21
10 23
10 24
10 26
10 27
10 28
10 29
10 31
10 33
10 34
10 35
10 37
10 38
10 40
10 41
10 42
10 43
10 46
10 47
10 48
10 49
10 50
10 51
10 52
10 54
10 55
10 57
10 58
10 59
10 60
10 61
10 62
10 63
10 65
10 66
10 68
10 69
10 72
10 75
11 1
11 3
11 4
11 5
11 7
11 8
11 10
11 13
11 15
11 19
11 21
11 22
11 23
11 27
11 30
11 31
11 34
11 36
11 37
11 38
11 39
11 41
11 42
11 45
11 48
11 51
11 52
11 54
11 55
11 56
11 57
11 58
11 60
11 63
11 64
11 67
11 68
11 69
11 70
11 71
11 72
11 74
12 4
12 5
12 6
12 8
12 9
12 10
12 13
12 14
12 15
12 16
12 18
12 20
12 22
12 25
12 27
12 29
12 31
12 33
12 35
12 37
12 39
12 41
12 42
12 44
12 45
12 47
12 48
12 50
12 51
12 56
12 57
12 62
12 63
12 68
12 72
13 1
13 2
13 3
13 4
13 6
13 7
13 8
13 11
13 12
13 14
13 17
13 18
13 19
13 20
13 22
13 23
13 24
13 25
13 26
13 27
13 28
13 29
13 30
13 33
13 35
13 37
13 38
13 39
13 40
13 41
13 44
13 45
13 46
13 47
13 50
13 51
13 53
13 54
13 57
13 58
13 59
13 62
13 63
13 65
13 66
13 67
13 68
13 72
14 2
14 4
14 5
14 7
14 8
14 10
14 12
14 13
14 19
14 20
14 21
14 22
14 23
14 24
14 28
14 29
14 31
14 32
14 33
14 34
14 35
14 36
14 38
14 41
14 42
14 43
14 44
14 45
14 46
14 47
14 48
14 51
14 52
14 54
14 55
14 57
14 59
14 62
14 67
14 68
14 70
14 71
14 75
15 1
15 2
15 3
15 4
15 5
15 6
15 8
15 9
15 10
15 11
15 12
15 18
15 19
15 21
15 22
15 24
15 25
15 27
15 29
15 30
15 33
15 36
15 39
15 40
15 41
15 42
15 43
15 47
15 49
15 50
15 53
15 54
15 55
15 57
15 59
15 60
15 62
15 64
15 65
15 67
15 68
15 71
15 72
15 74
15 75
16 1
16 2
16 3
16 6
16 8
16 9
16 12
16 17
16 19
16 21
16 25
16 26
16 27
16 28
16 29
16 30
16 31
16 32
16 33
16 36
16 37
16 38
16 39
16 41
16 42
16 43
16 45
16 48
16 50
16 52
16 55
16 56
16 57
16 58
16 59
16 62
16 63
16 64
16 67
16 69
16 70
16 71
16 72
16 75
17 1
17 2
17 3
17 4
17 5
17 8
17 9
17 10
17 13
17 16
17 20
17 22
17 24
17 25
17 26
17 28
17 29
17 32
17 35
17 37
17 38
17 40
17 41
17 42
17 43
17 44
17 45
17 46
17 47
17 49
17 54
17 55
17 57
17 58
17 60
17 61
17 66
17 67
17 68
17 69
17 70
17 71
17 74
18 1
18 2
18 3
18 6
18 7
18 9
18 10
18 12
18 13
18 15
18 19
18 20
18 21
18 22
18 24
18 26
18 27
18 29
18 30
18 31
18 34
18 37
18 43
18 46
18 47
18 49
18 50
18 52
18 55
18 59
18 60
18 62
18 63
18 64
18 65
18 66
18 67
18 69
18 72
18 74
18 75
19 2
19 3
19 5
19 6
19 7
19 9
19 10
19 11
19 13
19 14
19 15
19 16
19 18
19 21
19 23
19 24
19 29
19 31
19 32
19 35
19 36
19 37
19 40
19 41
19 44
19 45
19 47
19 48
19 50
19 51
19 53
19 55
19 56
19 57
19 58
19 59
19 60
19 62
19 63
19 64
19 65
19 73
19 74
19 75
20 1
20 8
20 9
20 10
20 12
20 13
20 14
20 17
20 18
20 23
20 26
20 27
20 30
20 31
20 32
20 34
20 36
20 38
20 42
20 43
20 45
20 50
20 51
20 53
20 54
20 56
20 57
20 60
20 62
20 63
20 65
20 66
20 67
20 68
20 70
20 71
20 73
20 74
20 75
21 1
21 3
21 4
21 6
21 7
21 8
21 10
21 11
21 14
21 15
21 16
21 18
21 19
21 22
21 23
21 24
21 25
21 26
21 29
21 32
21 34
21 35
21 37
21 38
21 41
21 46
21 47
21 48
21 49
21 50
21 54
21 58
21 59
21 60
21 61
21 63
21 64
21 65
21 67
21 69
21 71
21 72
21 74
22 7
22 8
22 11
22 12
22 13
22 14
22 15
22 17
22 18
22 21
22 23
22 24
22 26
22 27
22 29
22 30
22 34
22 37
22 38
22 39
22 40
22 43
22 44
22 45
22 46
22 47
22 48
22 49
22 50
22 51
22 54
22 55
22 56
22 58
22 59
22 60
22 61
22 62
22 66
22 68
22 69
22 71
22 72
22 73
23 2
23 4
23 7
23 9
23 10
23 11
23 13
23 14
23 19
23 20
23 21
23 22
23 25
23 26
23 27
23 28
23 29
23 30
23 31
23 32
23 33
23 34
23 36
23 37
23 38
23 39
23 40
23 42
23 43
23 47
23 48
23 49
23 50
23 58
23 59
23 60
23 61
23 62
23 63
23 66
23 67
23 68
23 69
23 71
23 72
23 73
23 74
24 2
24 4
24 5
24 6
24 8
24 9
24 10
24 13
24 14
24 15
24 17
24 18
24 19
24 21
24 22
24 25
24 27
24 28
24 30
24 32
24 35
24 36
24 38
24 39
24 40
24 42
24 43
24 46
24 47
24 49
24 50
24 51
24 53
24 54
24 55
24 56
24 57
24 58
24 59
24 60
24 64
24 66
24 68
24 70
24 72
24 73
25 2
25 3
25 4
25 5
25 6
25 8
25 9
25 12
25 13
25 15
25 16
25 17
25 21
25 23
25 24
25 26
25 27
25 29
25 32
25 34
25 36
25 39
25 40
25 43
25 45
25 47
25 48
25 51
25 52
25 57
25 60
25 61
25 62
25 63
25 65
25 66
25 69
25 70
25 71
25 72
25 73
25 75
26 1
26 2
26 5
26 9
26 10
26 13
26 16
26 17
26 18
26 20
26 21
26 22
26 23
26 25
26 27
26 29
26 30
26 32
26 33
26 34
26 35
26 36
26 37
26 40
26 41
26 42
26 43
26 47
26 49
26 50
26 51
26 53
26 55
26 57
26 58
26 59
26 60
26 62
26 63
26 64
26 68
26 70
26 71
26 72
26 73
26 75
27 1
27 4
27 6
27 9
27 10
27 11
27 12
27 13
27 15
27 16
27 18
27 20
27 22
27 23
27 24
27 25
27 26
27 28
27 29
27 30
27 31
27 32
27 33
27 34
27 35
27 36
27 37
27 38
27 40
27 45
27 46
27 48
27 54
27 56
27 60
27 62
27 64
27 65
27 72
27 73
27 74
27 75
28 1
28 2
28 3
28 5
28 6
28 7
28 9
28 10
28 13
28 14
28 16
28 17
28 23
28 24
28 27
28 29
28 30
28 31
28 33
28 35
28 37
28 38
28 39
28 40
28 41
28 42
28 46
28 47
28 48
28 49
28 50
28 51
28 52
28 53
28 54
28 56
28 58
28 59
28 60
28 64
28 66
28 69
28 72
28 73
28 74
29 2
29 5
29 6
29 10
29 12
29 13
29 14
29 15
29 16
29 17
29 18
29 19
29 21
29 22
29 23
29 25
29 26
29 27
29 28
29 30
29 32
29 33
29 37
29 38
29 40
29 41
29 42
29 43
29 45
29 47
29 48
29 49
29 51
29 53
29 55
29 56
29 62
29 63
29 64
29 65
29 67
29 68
29 71
29 74
29 75
30 1
30 2
30 3
30 7
30 8
30 9
30 11
30 13
30 15
30 16
30 18
30 20
30 22
30 23
30 24
30 26
30 27
30 28
30 29
30 33
30 34
30 35
30 36
30 39
30 40
30 41
30 42
30 49
30 50
30 51
30 53
30 54
30 55
30 56
30 57
30 58
30 60
30 61
30 62
30 65
30 66
30 67
30 68
30 70
30 72
30 74
30 75
31 2
31 3
31 4
31 5
31 6
31 8
31 10
31 11
31 12
31 14
31 16
31 18
31 19
31 20
31 23
31 27
31 28
31 33
31 34
31 35
31 36
31 38
31 40
31 42
31 43
31 44
31 45
31 46
31 48
31 49
31 50
31 51
31 55
31 56
31 57
31 60
31 61
31 62
31 63
31 64
31 66
31 69
31 71
31 72
31 73
31 74
32 2
32 3
32 5
32 6
32 7
32 14
32 16
32 17
32 19
32 20
32 21
32 23
32 24
32 25
32 26
32 27
32 29
32 35
32 36
32 37
32 38
32 42
32 43
32 44
32 45
32 46
32 50
32 51
32 53
32 57
32 58
32 59
32 61
32 62
32 66
32 67
32 68
32 70
32 71
32 72
32 73
32 74
32 75
33 3
33 5
33 6
33 7
33 8
33 9
33 10
33 12
33 13
33 14
33 15
33 16
33 23
33 26
33 27
33 28
33 29
33 30
33 31
33 34
33 38
33 39
33 44
33 45
33 47
33 48
33 51
33 52
33 54
33 55
33 57
33 59
33 61
33 62
33 64
33 65
33 68
33 74
33 75
34 1
34 2
34 4
34 5
34 7
34 8
34 9
34 10
34 11
34 14
34 18
34 20
34 21
34 22
34 23
34 25
34 26
34 27
34 30
34 31
34 33
34 36
34 39
34 41
34 42
34 44
34 47
34 48
34 51
34 54
34 55
34 56
34 61
34 64
34 65
34 66
34 68
34 69
34 70
34 73
34 74
34 75
35 1
35 2
35 5
35 6
35 7
35 8
35 9
35 10
35 12
35 13
35 14
35 17
35 19
35 21
35 24
35 26
35 27
35 28
35 30
35 31
35 32
35 37
35 39
35 41
35 42
35 43
35 44
35 47
35 48
35 49
35 50
35 51
35 52
35 53
35 54
35 56
35 59
35 63
35 67
35 70
35 71
35 72
35 74
35 75
36 1
36 2
36 3
36 5
36 6
36 7
36 8
36 9
36 11
36 14
36 15
36 16
36 19
36 20
36 23
36 24
36 25
36 26
36 27
36 30
36 31
36 32
36 34
36 37
36 38
36 42
36 47
36 50
36 51
36 53
36 55
36 57
36 58
36 59
36 61
36 62
36 63
36 67
36 68
36 69
36 70
36 73
36 74
36 75
37 1
37 2
37 4
37 5
37 6
37 8
37 10
37 11
37 12
37 13
37 16
37 17
37 18
37 19
37 21
37 22
37 23
37 26
37 27
37 28
37 29
37 32
37 35
37 36
37 39
37 40
37 41
37 43
37 45
37 46
37 47
37 49
37 50
37 52
37 53
37 54
37 55
37 57
37 58
37 59
37 61
37 63
37 66
37 67
37 73
38 3
38 4
38 5
38 8
38 10
38 11
38 13
38 14
38 16
38 17
38 20
38 21
38 22
38 23
38 24
38 27
38 28
38 29
38 31
38 32
38 33
38 36
38 40
38 42
38 43
38 45
38 46
38 48
38 51
38 52
38 53
38 54
38 56
38 57
38 58
38 59
38 60
38 61
38 63
38 69
38 70
38 71
38 72
38 75
39 1
39 3
39 4
39 5
39 6
39 8
39 9
39 11
39 12
39 13
39 15
39 16
39 22
39 23
39 24
39 25
39 28
39 30
39 33
39 34
39 35
39 37
39 42
39 43
39 44
39 45
39 46
39 47
39 48
39 50
39 51
39 53
39 54
39 55
39 56
39 61
39 62
39 63
39 64
39 65
39 66
39 68
39 70
39 71
39 75
40 2
40 3
40 5
40 6
40 8
40 9
40 10
40 13
40 15
40 17
40 19
40 22
40 23
40 24
40 25
40 26
40 27
40 28
40 29
40 30
40 31
40 37
40 38
40 44
40 46
40 48
40 49
40 50
40 51
40 53
40 56
40 57
40 58
40 59
40 60
40 61
40 62
40 65
40 66
40 67
40 68
40 70
40 71
40 72
40 74
41 1
41 2
41 4
41 6
41 7
41 9
41 10
41 11
41 12
41 13
41 14
41 15
41 16
41 17
41 19
41 21
41 26
41 28
41 29
41 30
41 34
41 35
41 37
41 43
41 44
41 48
41 49
41 50
41 51
41 52
41 53
41 54
41 55
41 58
41 60
41 62
41 64
41 65
41 67
41 68
41 69
41 73
41 74
41 75
42 2
42 4
42 5
42 6
42 7
42 8
42 10
42 11
42 12
42 14
42 15
42 16
42 17
42 20
42 23
42 24
42 26
42 28
42 29
42 30
42 31
42 32
42 34
42 35
42 36
42 38
42 39
42 43
42 44
42 45
42 47
42 48
42 50
42 51
42 52
42 53
42 56
42 57
42 58
42 59
42 60
42 61
42 62
42 63
42 64
42 65
42 68
42 69
42 71
42 72
42 73
43 1
43 2
43 3
43 4
43 5
43 6
43 7
43 9
43 10
43 14
43 15
43 16
43 17
43 18
43 20
43 22
43 23
43 24
43 25
43 26
43 29
43 31
43 32
43 35
43 37
43 38
43 39
43 41
43 42
43 47
43 48
43 49
43 50
43 51
43 53
43 54
43 57
43 59
43 63
43 67
43 68
43 69
43 70
43 72
43 73
43 75
44 1
44 3
44 4
44 5
44 6
44 7
44 8
44 9
44 12
44 13
44 14
44 17
44 19
44 22
44 31
44 32
44 33
44 34
44 35
44 39
44 40
44 41
44 42
44 46
44 47
44 50
44 51
44 53
44 55
44 56
44 57
44 58
44 59
44 61
44 62
44 64
44 66
44 67
44 68
44 69
44 70
44 71
44 72
44 74
44 75
45 3
45 6
45 7
45 9
45 11
45 12
45 13
45 14
45 16
45 17
45 19
45 20
45 22
45 25
45 27
45 29
45 31
45 32
45 33
45 37
45 38
45 39
45 42
45 46
45 47
45 49
45 50
45 51
45 53
45 54
45 56
45 58
45 61
45 63
45 65
45 67
45 68
45 69
45 71
45 73
45 74
46 1
46 2
46 3
46 4
46 6
46 7
46 8
46 9
46 10
46 13
46 14
46 17
46 18
46 21
46 22
46 24
46 27
46 28
46 31
46 32
46 37
46 38
46 39
46 40
46 44
46 45
46 47
46 48
46 50
46 51
46 52
46 54
46 58
46 61
46 62
46 63
46 64
46 65
46 68
46 69
46 70
46 72
46 73
46 75
47 1
47 5
47 6
47 9
47 10
47 12
47 13
47 14
47 15
47 17
47 18
47 19
47 21
47 22
47 23
47 24
47 25
47 26
47 28
47 29
47 33
47 34
47 35
47 36
47 37
47 39
47 42
47 43
47 44
47 45
47 46
47 48
47 50
47 52
47 54
47 56
47 57
47 59
47 60
47 61
47 62
47 64
47 65
47 67
47 68
47 72
47 75
48 4
48 9
48 10
48 11
48 12
48 14
48 16
48 19
48 21
48 22
48 23
48 25
48 27
48 28
48 29
48 31
48 33
48 34
48 35
48 38
48 39
48 40
48 41
48 42
48 43
48 46
48 47
48 49
48 52
48 53
48 54
48 56
48 58
48 59
48 60
48 62
48 63
48 64
48 66
48 67
48 68
48 69
48 72
48 75
49 2
49 4
49 5
49 6
49 7
49 8
49 10
49 15
49 17
49 18
49 21
49 22
49 23
49 24
49 26
49 28
49 29
49 30
49 31
49 35
49 37
49 40
49 41
49 43
49 45
49 48
49 50
49 51
49 54
49 55
49 56
49 57
49 58
49 60
49 61
49 64
49 65
49 70
49 71
49 72
49 74
50 1
50 2
50 4
50 5
50 6
50 7
50 10
50 12
50 13
50 15
50 16
50 18
50 19
50 20
50 21
50 22
50 23
50 24
50 26
50 28
50 30
50 31
50 32
50 35
50 36
50 37
50 39
50 40
50 41
50 42
50 43
50 44
50 45
50 46
50 47
50 49
50 54
50 55
50 56
50 57
50 59
50 60
50 61
50 63
50 64
50 65
50 66
50 67
50 69
50 70
50 73
51 1
51 2
51 4
51 5
51 7
51 8
51 9
51 10
51 11
51 12
51 13
51 14
51 19
51 20
51 22
51 24
51 25
51 26
51 28
51 29
51 30
51 31
51 32
51 33
51 34
51 35
51 36
51 38
51 39
51 40
51 41
51 42
51 43
51 44
51 45
51 46
51 49
51 52
51 53
51 54
51 55
51 56
51 57
51 60
51 61
51 63
51 64
51 65
51 66
51 68
51 69
51 70
51 73
52 2
52 3
52 4
52 5
52 6
52 9
52 10
52 11
52 14
52 16
52 18
52 25
52 28
52 33
52 35
52 37
52 38
52 41
52 42
52 46
52 47
52 48
52 51
52 53
52 54
52 56
52 58
52 59
52 60
52 62
52 63
52 64
52 65
52 66
52 67
52 69
52 70
52 73
52 74
52 75
53 1
53 2
53 3
53 4
53 6
53 8
53 9
53 13
53 15
53 19
53 20
53 24
53 26
53 28
53 29
53 30
53 32
53 35
53 36
53 37
53 38
53 39
53 40
53 41
53 42
53 43
53 44
53 45
53 48
53 51
53 52
53 56
53 59
53 65
53 66
53 69
53 70
53 71
53 72
53 73
53 75
54 4
54 6
54 7
54 10
54 11
54 13
54 14
54 15
54 17
54 20
54 21
54 22
54 24
54 27
54 28
54 30
54 33
54 34
54 35
54 37
54 38
54 39
54 41
54 43
54 45
54 46
54 47
54 48
54 49
54 50
54 51
54 52
54 55
54 56
54 58
54 59
54 60
54 61
54 62
54 63
54 64
54 73
54 74
55 1
55 3
55 5
55 6
55 7
55 8
55 9
55 10
55 11
55 14
55 15
55 16
55 17
55 18
55 19
55 22
55 24
55 26
55 29
55 30
55 31
55 33
55 34
55 36
55 37
55 39
55 41
55 44
55 49
55 50
55 51
55 54
55 56
55 57
55 60
55 62
55 63
55 64
55 65
55 67
55 68
55 69
55 70
55 72
56 1
56 7
56 11
56 12
56 16
56 19
56 20
56 22
56 24
56 27
56 28
56 29
56 30
56 31
56 34
56 35
56 38
56 39
56 40
56 42
56 44
56 45
56 47
56 48
56 49
56 50
56 51
56 52
56 53
56 54
56 55
56 58
56 59
56 60
56 61
56 62
56 64
56 65
56 67
56 69
56 72
56 73
56 74
56 75
57 1
57 4
57 6
57 9
57 10
57 11
57 12
57 13
57 14
57 15
57 16
57 17
57 19
57 20
57 24
57 25
57 26
57 30
57 31
57 32
57 33
57 36
57 37
57 38
57 40
57 42
57 43
57 44
57 47
57 49
57 50
57 51
57 55
57 58
57 60
57 63
57 64
57 65
57 66
57 67
57 68
57 69
57 70
57 71
57 72
57 73
57 74
57 75
58 1
58 2
58 3
58 4
58 5
58 6
58 7
58 8
58 9
58 10
58 11
58 13
58 16
58 17
58 19
58 21
58 22
58 23
58 24
58 26
58 28
58 30
58 32
58 36
58 37
58 38
58 40
58 41
58 42
58 44
58 45
58 46
58 48
58 49
58 52
58 54
58 56
58 57
58 59
58 60
58 61
58 62
58 64
58 65
58 68
58 69
58 70
58 73
58 74
59 2
59 3
59 5
59 6
59 8
59 9
59 10
59 13
59 14
59 15
59 16
59 18
59 19
59 21
59 22
59 23
59 24
59 26
59 28
59 32
59 33
59 35
59 36
59 37
59 38
59 40
59 42
59 43
59 44
59 47
59 48
59 50
59 52
59 53
59 54
59 56
59 58
59 60
59 61
59 64
59 65
59 66
59 67
59 68
59 69
59 70
59 72
59 73
59 74
60 3
60 4
60 6
60 7
60 8
60 9
60 10
60 11
60 15
60 17
60 18
60 19
60 20
60 21
60 22
60 23
60 24
60 25
60 26
60 27
60 28
60 30
60 31
60 38
60 40
60 41
60 42
60 47
60 48
60 49
60 50
60 51
60 52
60 54
60 55
60 56
60 57
60 58
60 59
60 61
60 62
60 63
60 65
60 66
60 68
60 72
60 75
61 1
61 2
61 3
61 4
61 5
61 8
61 9
61 10
61 17
61 21
61 22
61 23
61 25
61 30
61 31
61 32
61 33
61 34
61 36
61 37
61 38
61 39
61 40
61 42
61 44
61 45
61 46
61 47
61 49
61 50
61 51
61 54
61 56
61 58
61 59
61 60
61 71
61 74
62 3
62 4
62 5
62 7
62 8
62 9
62 10
62 12
62 13
62 14
62 15
62 16
62 18
62 19
62 20
62 22
62 23
62 25
62 26
62 27
62 29
62 30
62 31
62 32
62 33
62 36
62 39
62 40
62 41
62 42
62 44
62 46
62 47
62 48
62 52
62 54
62 55
62 56
62 58
62 60
62 64
62 67
62 68
62 69
62 73
62 75
63 1
63 2
63 3
63 6
63 7
63 8
63 10
63 11
63 12
63 13
63 16
63 18
63 19
63 20
63 21
63 23
63 25
63 26
63 29
63 31
63 35
63 36
63 37
63 38
63 39
63 42
63 43
63 45
63 46
63 48
63 50
63 51
63 52
63 54
63 55
63 57
63 60
63 64
63 65
63 67
63 68
63 71
63 72
63 73
63 74
63 75
64 1
64 2
64 4
64 5
64 6
64 8
64 9
64 11
64 15
64 16
64 18
64 19
64 21
64 24
64 26
64 27
64 28
64 29
64 31
64 33
64 34
64 39
64 41
64 42
64 44
64 46
64 47
64 48
64 49
64 50
64 51
64 52
64 54
64 55
64 56
64 57
64 58
64 59
64 62
64 63
64 65
64 66
64 67
64 69
64 71
64 72
64 74
64 75
65 1
65 4
65 8
65 10
65 13
65 15
65 18
65 19
65 20
65 21
65 25
65 27
65 29
65 30
65 33
65 34
65 39
65 40
65 41
65 42
65 45
65 46
65 47
65 49
65 50
65 51
65 52
65 53
65 55
65 56
65 57
65 58
65 59
65 60
65 63
65 64
65 66
65 67
65 68
65 72
65 73
65 74
65 75
66 1
66 3
66 4
66 5
66 6
66 7
66 8
66 9
66 10
66 13
66 17
66 18
66 20
66 22
66 23
66 24
66 25
66 28
66 30
66 31
66 32
66 34
66 37
66 39
66 40
66 44
66 48
66 50
66 51
66 52
66 53
66 57
66 59
66 60
66 64
66 65
66 67
66 68
66 69
66 71
66 72
66 74
67 3
67 6
67 7
67 9
67 11
67 13
67 14
67 15
67 16
67 17
67 18
67 20
67 21
67 23
67 29
67 30
67 32
67 35
67 36
67 37
67 40
67 41
67 43
67 44
67 45
67 47
67 48
67 50
67 52
67 55
67 56
67 57
67 59
67 62
67 63
67 64
67 65
67 66
67 72
67 74
67 75
68 1
68 2
68 5
68 7
68 10
68 11
68 12
68 13
68 14
68 15
68 17
68 20
68 22
68 23
68 24
68 26
68 29
68 30
68 32
68 33
68 34
68 36
68 39
68 40
68 41
68 42
68 43
68 44
68 45
68 46
68 47
68 48
68 51
68 55
68 57
68 58
68 59
68 60
68 62
68 63
68 65
68 66
68 69
68 70
68 71
68 72
68 73
68 75
69 1
69 2
69 4
69 6
69 8
69 9
69 10
69 11
69 16
69 17
69 18
69 21
69 22
69 23
69 25
69 28
69 31
69 34
69 36
69 38
69 41
69 42
69 43
69 44
69 45
69 46
69 48
69 50
69 51
69 52
69 53
69 55
69 56
69 57
69 58
69 59
69 62
69 64
69 66
69 68
69 71
69 73
69 74
70 1
70 2
70 4
70 6
70 7
70 8
70 9
70 11
70 14
70 16
70 17
70 20
70 24
70 25
70 26
70 30
70 32
70 34
70 35
70 36
70 38
70 39
70 40
70 43
70 44
70 46
70 49
70 50
70 51
70 52
70 53
70 55
70 57
70 58
70 59
70 68
70 72
70 74
70 75
71 3
71 5
71 8
71 9
71 11
71 14
71 15
71 16
71 17
71 20
71 21
71 22
71 23
71 25
71 26
71 29
71 31
71 32
71 35
71 38
71 39
71 40
71 42
71 44
71 45
71 49
71 53
71 57
71 61
71 63
71 64
71 66
71 68
71 69
71 73
71 74
71 75
72 1
72 2
72 4
72 6
72 7
72 10
72 11
72 12
72 13
72 15
72 16
72 18
72 21
72 22
72 23
72 24
72 25
72 26
72 27
72 28
72 30
72 31
72 32
72 35
72 38
72 40
72 42
72 43
72 44
72 46
72 47
72 48
72 49
72 53
72 55
72 56
72 57
72 59
72 60
72 63
72 64
72 65
72 66
72 67
72 68
72 70
72 74
72 75
73 1
73 2
73 4
73 6
73 7
73 9
73 19
73 20
73 22
73 23
73 24
73 25
73 26
73 27
73 28
73 31
73 32
73 34
73 36
73 37
73 41
73 42
73 43
73 45
73 46
73 50
73 51
73 52
73 53
73 54
73 56
73 57
73 58
73 59
73 62
73 63
73 65
73 68
73 69
73 71
73 74
74 1
74 2
74 3
74 9
74 11
74 15
74 17
74 18
74 19
74 20
74 21
74 23
74 27
74 28
74 29
74 30
74 31
74 32
74 33
74 34
74 35
74 36
74 40
74 41
74 44
74 45
74 49
74 52
74 54
74 56
74 57
74 58
74 59
74 61
74 63
74 64
74 65
74 66
74 67
74 69
74 70
74 71
74 72
74 73
74 75
75 1
75 4
75 5
75 6
75 7
75 8
75 9
75 10
75 14
75 15
75 16
75 18
75 19
75 20
75 25
75 26
75 27
75 29
75 30
75 32
75 33
75 34
75 35
75 36
75 38
75 39
75 41
75 43
75 44
75 46
75 47
75 48
75 52
75 53
75 56
75 57
75 60
75 62
75 63
75 64
75 65
75 67
75 68
75 70
75 71
75 72
75 74
