75
1 2
1 6
1 8
1 9
1 10
1 11
1 14
1 15
1 16
1 17
1 19
1 22
1 23
1 25
1 29
1 30
1 31
1 32
1 33
1 38
1 39
1 40
1 41
1 45
1 48
1 54
1 57
1 58
1 60
1 67
1 68
1 70
1 71
1 74
1 75
2 1
2 3
2 6
2 7
2 8
2 11
2 12
2 18
2 20
2 26
2 27
2 29
2 35
2 37
2 40
2 41
2 44
2 49
2 58
2 59
2 63
2 64
2 70
3 2
3 6
3 10
3 12
3 18
3 19
3 20
3 23
3 24
3 28
3 29
3 30
3 35
3 36
3 38
3 45
3 47
3 48
3 49
3 54
3 59
3 60
3 65
3 72
4 10
4 14
4 18
4 21
4 26
4 28
4 29
4 31
4 33
4 37
4 38
4 39
4 40
4 46
4 47
4 48
4 51
4 52
4 53
4 57
4 58
4 60
4 61
4 62
4 64
4 65
4 66
4 67
4 74
5 7
5 8
5 10
5 11
5 14
5 16
5 20
5 21
5 26
5 38
5 40
5 41
5 42
5 48
5 49
5 50
5 53
5 57
5 63
5 65
5 67
5 70
5 71
5 73
5 74
5 75
6 1
6 2
6 3
6 9
6 10
6 12
6 13
6 17
6 19
6 21
6 22
6 25
6 33
6 34
6 37
6 39
6 41
6 43
6 44
6 46
6 49
6 56
6 57
6 58
6 59
6 61
6 67
6 73
7 2
7 5
7 9
7 10
7 11
7 12
7 15
7 16
7 18
7 19
7 25
7 30
7 32
7 33
7 36
7 37
7 39
7 44
7 49
7 50
7 51
7 53
7 54
7 55
7 58
7 59
7 60
7 62
7 63
7 65
7 66
7 71
7 74
8 1
8 2
8 5
8 9
8 10
8 11
8 18
8 24
8 25
8 28
8 30
8 32
8 35
8 36
8 40
8 41
8 44
8 45
8 48
8 50
8 55
8 56
8 57
8 62
8 65
8 66
8 67
8 69
9 1
9 6
9 7
9 8
9 10
9 11
9 12
9 15
9 16
9 18
9 20
9 21
9 22
9 23
9 33
9 34
9 37
9 43
9 47
9 49
9 50
9 51
9 54
9 55
9 56
9 58
9 59
9 60
9 61
9 62
9 65
9 67
9 68
9 69
9 72
10 1
10 3
10 4
10 5
10 6
10 7
10 8
10 9
10 12
10 18
10 19
10 28
10 31
10 34
10 37
10 40
10 41
10 42
10 43
10 45
10 48
10 49
10 50
10 53
10 54
10 55
10 58
10 59
10 62
10 63
10 65
10 67
10 69
10 71
10 72
11 1
11 2
11 5
11 7
11 8
11 9
11 13
11 14
11 16
11 18
11 19
11 20
11 23
11 26
11 29
11 31
11 32
11 34
11 35
11 38
11 41
11 42
11 48
11 49
11 50
11 51
11 53
11 54
11 59
11 60
11 61
11 63
11 64
11 67
11 74
11 75
12 2
12 3
12 6
12 7
12 9
12 10
12 14
12 15
12 16
12 22
12 23
12 25
12 32
12 39
12 50
12 51
12 53
12 54
12 56
12 57
12 58
12 59
12 62
12 74
13 6
13 11
13 16
13 23
13 25
13 27
13 37
13 38
13 41
13 42
13 44
13 45
13 46
13 52
13 55
13 56
13 57
13 58
13 59
13 60
13 61
13 62
13 63
13 64
13 68
13 70
14 1
14 4
14 5
14 11
14 12
14 16
14 18
14 24
14 28
14 29
14 33
14 35
14 36
14 37
14 45
14 47
14 49
14 51
14 55
14 59
14 60
14 61
14 66
14 68
14 69
14 71
14 72
14 73
15 1
15 7
15 9
15 12
15 16
15 17
15 19
15 21
15 26
15 27
15 30
15 31
15 36
15 41
15 42
15 44
15 45
15 46
15 47
15 48
15 50
15 54
15 57
15 58
15 60
15 61
15 63
15 64
15 68
15 69
15 71
15 75
16 1
16 5
16 7
16 9
16 11
16 12
16 13
16 14
16 15
16 17
16 21
16 22
16 24
16 27
16 29
16 33
16 35
16 36
16 41
16 42
16 46
16 47
16 52
16 53
16 54
16 56
16 57
16 59
16 60
16 66
16 71
16 73
16 74
17 1
17 6
17 15
17 16
17 18
17 19
17 20
17 21
17 23
17 24
17 27
17 30
17 32
17 39
17 40
17 44
17 45
17 46
17 47
17 52
17 53
17 54
17 59
17 60
17 61
17 62
17 63
17 65
17 66
17 69
17 71
17 72
18 2
18 3
18 4
18 7
18 8
18 9
18 10
18 11
18 14
18 17
18 20
18 22
18 27
18 33
18 35
18 37
18 41
18 42
18 46
18 47
18 48
18 49
18 54
18 56
18 57
18 67
18 72
18 74
19 1
19 3
19 6
19 7
19 10
19 11
19 15
19 17
19 20
19 26
19 30
19 39
19 42
19 47
19 48
19 56
19 57
19 59
19 61
19 63
19 64
19 65
19 71
20 2
20 3
20 5
20 9
20 11
20 17
20 18
20 19
20 23
20 26
20 30
20 31
20 32
20 34
20 37
20 38
20 41
20 43
20 44
20 48
20 51
20 55
20 57
20 60
20 61
20 63
20 64
20 67
20 71
20 73
20 74
20 75
21 4
21 5
21 6
21 9
21 15
21 16
21 17
21 23
21 26
21 31
21 33
21 38
21 42
21 45
21 46
21 49
21 50
21 52
21 54
21 57
21 59
21 60
21 64
21 65
21 68
21 72
21 73
21 74
22 1
22 6
22 9
22 12
22 16
22 18
22 23
22 26
22 27
22 28
22 29
22 32
22 34
22 37
22 39
22 40
22 42
22 44
22 48
22 49
22 50
22 52
22 55
22 56
22 62
22 64
22 65
22 67
22 70
22 71
22 72
22 74
23 1
23 3
23 9
23 11
23 12
23 13
23 17
23 20
23 21
23 22
23 26
23 30
23 31
23 32
23 42
23 46
23 49
23 52
23 59
23 60
23 63
23 65
23 67
23 69
24 3
24 8
24 14
24 16
24 17
24 26
24 28
24 35
24 37
24 38
24 40
24 41
24 45
24 46
24 54
24 55
24 57
24 58
24 62
24 69
24 70
24 71
24 74
24 75
25 1
25 6
25 7
25 8
25 12
25 13
25 32
25 34
25 39
25 45
25 48
25 49
25 50
25 51
25 53
25 63
25 64
25 65
25 66
25 67
25 73
25 75
26 2
26 4
26 5
26 11
26 15
26 19
26 20
26 21
26 22
26 23
26 24
26 27
26 31
26 32
26 33
26 34
26 37
26 39
26 42
26 48
26 55
26 56
26 57
26 58
26 63
26 64
26 65
26 68
26 71
26 72
26 74
27 2
27 13
27 15
27 16
27 17
27 18
27 22
27 26
27 28
27 29
27 35
27 36
27 37
27 38
27 39
27 42
27 43
27 47
27 48
27 53
27 55
27 56
27 57
27 58
27 62
27 64
27 65
27 66
27 67
27 69
27 75
28 3
28 4
28 8
28 10
28 14
28 22
28 24
28 27
28 30
28 33
28 38
28 41
28 44
28 46
28 52
28 53
28 54
28 55
28 56
28 57
28 67
28 69
28 71
28 72
28 74
28 75
29 1
29 2
29 3
29 4
29 11
29 14
29 16
29 22
29 27
29 30
29 31
29 35
29 36
29 37
29 40
29 41
29 47
29 49
29 51
29 52
29 53
29 57
29 59
29 60
29 62
29 63
29 65
29 68
29 70
29 74
30 1
30 3
30 7
30 8
30 15
30 17
30 19
30 20
30 23
30 28
30 29
30 31
30 32
30 34
30 36
30 38
30 40
30 41
30 42
30 55
30 56
30 58
30 59
30 61
30 65
30 67
30 69
30 74
31 1
31 4
31 10
31 11
31 15
31 20
31 21
31 23
31 26
31 29
31 30
31 34
31 35
31 39
31 41
31 47
31 48
31 49
31 50
31 51
31 54
31 55
31 56
31 57
31 61
31 66
31 71
31 72
31 73
32 1
32 7
32 8
32 11
32 12
32 17
32 20
32 22
32 23
32 25
32 26
32 30
32 34
32 35
32 36
32 37
32 39
32 41
32 42
32 45
32 47
32 48
32 49
32 51
32 52
32 53
32 57
32 58
32 59
32 66
32 67
32 68
32 71
32 73
32 74
33 1
33 4
33 6
33 7
33 9
33 14
33 16
33 18
33 21
33 26
33 28
33 35
33 43
33 44
33 45
33 47
33 48
33 49
33 51
33 55
33 56
33 57
33 58
33 62
33 67
33 69
33 73
33 74
34 6
34 9
34 10
34 11
34 20
34 22
34 25
34 26
34 30
34 31
34 32
34 37
34 39
34 42
34 44
34 45
34 47
34 48
34 50
34 51
34 52
34 53
34 56
34 66
34 68
34 70
34 71
35 2
35 3
35 8
35 11
35 14
35 16
35 18
35 24
35 27
35 29
35 31
35 32
35 33
35 43
35 48
35 49
35 51
35 52
35 53
35 54
35 56
35 57
35 58
35 60
35 64
35 65
35 66
35 67
35 68
35 70
35 72
36 3
36 7
36 8
36 14
36 15
36 16
36 27
36 29
36 30
36 32
36 40
36 41
36 46
36 47
36 48
36 49
36 51
36 58
36 59
36 62
36 65
36 66
36 70
36 73
37 2
37 4
37 6
37 7
37 9
37 10
37 13
37 14
37 18
37 20
37 22
37 24
37 26
37 27
37 29
37 32
37 34
37 38
37 41
37 44
37 46
37 49
37 50
37 51
37 52
37 53
37 54
37 56
37 57
37 58
37 60
37 61
37 65
37 73
38 1
38 3
38 4
38 5
38 11
38 13
38 20
38 21
38 24
38 27
38 28
38 30
38 37
38 40
38 46
38 48
38 51
38 52
38 53
38 55
38 56
38 57
38 60
38 64
38 65
38 66
38 69
38 71
38 75
39 1
39 4
39 6
39 7
39 12
39 17
39 19
39 22
39 25
39 26
39 27
39 31
39 32
39 34
39 40
39 42
39 43
39 44
39 48
39 52
39 53
39 54
39 57
39 58
39 63
39 65
39 67
39 68
39 70
39 72
39 73
39 74
40 1
40 2
40 4
40 5
40 8
40 10
40 17
40 22
40 24
40 29
40 30
40 36
40 38
40 39
40 42
40 43
40 44
40 47
40 52
40 53
40 54
40 58
40 61
40 64
40 65
40 67
40 69
40 71
40 74
41 1
41 2
41 5
41 6
41 8
41 10
41 11
41 13
41 15
41 16
41 18
41 20
41 24
41 28
41 29
41 30
41 31
41 32
41 36
41 37
41 42
41 43
41 44
41 49
41 51
41 54
41 55
41 56
41 57
41 64
41 65
41 67
41 68
41 70
41 73
41 75
42 5
42 10
42 11
42 13
42 15
42 16
42 18
42 19
42 21
42 22
42 23
42 26
42 27
42 30
42 32
42 34
42 39
42 40
42 41
42 43
42 44
42 47
42 48
42 49
42 54
42 56
42 58
42 59
42 62
42 63
42 64
42 72
42 74
42 75
43 6
43 9
43 10
43 20
43 27
43 33
43 35
43 39
43 40
43 41
43 42
43 44
43 45
43 47
43 49
43 53
43 54
43 56
43 57
43 58
43 66
43 71
43 74
43 75
44 2
44 6
44 7
44 8
44 13
44 15
44 17
44 20
44 22
44 28
44 33
44 34
44 37
44 39
44 40
44 41
44 42
44 43
44 45
44 46
44 48
44 50
44 54
44 55
44 59
44 60
44 66
44 67
44 68
44 70
44 72
44 73
44 74
45 1
45 3
45 8
45 10
45 13
45 14
45 15
45 17
45 21
45 24
45 25
45 32
45 33
45 34
45 43
45 44
45 47
45 49
45 50
45 54
45 57
45 58
45 60
45 69
45 72
46 4
46 6
46 13
46 15
46 16
46 17
46 18
46 21
46 23
46 24
46 28
46 36
46 37
46 38
46 44
46 50
46 52
46 55
46 58
46 60
46 61
46 66
46 68
46 71
46 74
46 75
47 3
47 4
47 9
47 14
47 15
47 16
47 17
47 18
47 19
47 27
47 29
47 31
47 32
47 33
47 34
47 36
47 40
47 42
47 43
47 45
47 48
47 51
47 52
47 53
47 59
47 61
47 63
47 67
47 68
47 69
47 71
48 1
48 3
48 4
48 5
48 8
48 10
48 11
48 15
48 18
48 19
48 20
48 22
48 25
48 26
48 27
48 31
48 32
48 33
48 34
48 35
48 36
48 38
48 39
48 42
48 44
48 47
48 52
48 54
48 55
48 56
48 59
48 60
48 63
48 69
48 70
48 72
48 73
48 74
48 75
49 2
49 3
49 5
49 6
49 7
49 9
49 10
49 11
49 14
49 18
49 21
49 22
49 23
49 25
49 29
49 31
49 32
49 33
49 35
49 36
49 37
49 41
49 42
49 43
49 45
49 50
49 54
49 55
49 58
49 60
49 62
49 63
49 64
49 67
49 71
49 72
49 73
50 5
50 7
50 8
50 9
50 10
50 11
50 12
50 15
50 21
50 22
50 25
50 31
50 34
50 37
50 44
50 45
50 46
50 49
50 53
50 58
50 59
50 62
50 63
50 66
51 4
51 7
51 9
51 11
51 12
51 14
51 20
51 25
51 29
51 31
51 32
51 33
51 34
51 35
51 36
51 37
51 38
51 41
51 47
51 52
51 53
51 56
51 61
51 62
51 63
51 64
51 68
51 69
51 70
51 73
51 75
52 4
52 13
52 16
52 17
52 21
52 22
52 23
52 28
52 29
52 32
52 34
52 35
52 37
52 38
52 39
52 40
52 46
52 47
52 48
52 51
52 53
52 54
52 60
52 62
52 67
52 69
52 71
52 73
52 75
53 4
53 5
53 7
53 10
53 11
53 12
53 16
53 17
53 25
53 27
53 28
53 29
53 32
53 34
53 35
53 37
53 38
53 39
53 40
53 43
53 47
53 50
53 51
53 52
53 56
53 61
53 63
53 66
53 68
53 71
53 75
54 1
54 3
54 7
54 9
54 10
54 11
54 12
54 15
54 16
54 17
54 18
54 21
54 24
54 28
54 31
54 35
54 37
54 39
54 40
54 41
54 42
54 43
54 44
54 45
54 48
54 49
54 52
54 55
54 59
54 60
54 61
54 62
54 64
54 65
54 67
54 70
54 71
54 72
54 73
54 74
55 7
55 8
55 9
55 10
55 13
55 14
55 20
55 22
55 24
55 26
55 27
55 28
55 30
55 31
55 33
55 38
55 41
55 44
55 46
55 48
55 49
55 54
55 56
55 58
55 59
55 61
55 63
55 65
55 69
55 70
55 72
55 73
56 6
56 8
56 9
56 12
56 13
56 16
56 18
56 19
56 22
56 26
56 27
56 28
56 30
56 31
56 33
56 34
56 35
56 37
56 38
56 41
56 42
56 43
56 48
56 51
56 53
56 55
56 59
56 61
56 64
56 65
56 67
56 69
56 71
56 72
57 1
57 4
57 5
57 6
57 8
57 12
57 13
57 15
57 16
57 18
57 19
57 20
57 21
57 24
57 26
57 27
57 28
57 29
57 31
57 32
57 33
57 35
57 37
57 38
57 39
57 41
57 43
57 45
57 59
57 61
57 63
57 64
57 65
57 68
57 69
57 71
57 73
58 1
58 2
58 4
58 6
58 7
58 9
58 10
58 12
58 13
58 15
58 24
58 26
58 27
58 30
58 32
58 33
58 35
58 36
58 37
58 39
58 40
58 42
58 43
58 45
58 46
58 49
58 50
58 55
58 60
58 62
58 64
58 66
58 70
58 71
58 72
59 2
59 3
59 6
59 7
59 9
59 10
59 11
59 12
59 13
59 14
59 16
59 17
59 19
59 21
59 23
59 29
59 30
59 32
59 36
59 42
59 44
59 47
59 48
59 50
59 54
59 55
59 56
59 57
59 60
59 61
59 65
59 66
59 67
59 68
59 69
59 70
59 71
59 75
60 1
60 3
60 4
60 7
60 9
60 11
60 13
60 14
60 15
60 16
60 17
60 20
60 21
60 23
60 29
60 35
60 37
60 38
60 44
60 45
60 46
60 48
60 49
60 52
60 54
60 58
60 59
60 61
60 62
60 66
60 67
60 68
60 69
60 71
60 73
61 4
61 6
61 9
61 11
61 13
61 14
61 15
61 17
61 19
61 20
61 30
61 31
61 37
61 40
61 46
61 47
61 51
61 53
61 54
61 55
61 56
61 57
61 59
61 60
61 62
61 63
61 65
61 66
61 67
61 70
61 71
61 72
61 73
62 4
62 7
62 8
62 9
62 10
62 12
62 13
62 17
62 22
62 24
62 27
62 29
62 33
62 36
62 42
62 49
62 50
62 51
62 52
62 54
62 58
62 60
62 61
62 64
62 65
62 71
62 72
62 74
63 2
63 5
63 7
63 10
63 11
63 13
63 15
63 17
63 19
63 20
63 23
63 25
63 26
63 29
63 39
63 42
63 47
63 48
63 49
63 50
63 51
63 53
63 55
63 57
63 61
63 64
63 65
63 68
63 69
63 70
63 72
63 74
63 75
64 2
64 4
64 11
64 13
64 15
64 19
64 20
64 21
64 22
64 25
64 26
64 27
64 35
64 38
64 40
64 41
64 42
64 49
64 51
64 54
64 56
64 57
64 58
64 62
64 63
64 65
64 67
64 69
64 70
64 71
64 74
65 3
65 4
65 5
65 7
65 8
65 9
65 10
65 17
65 19
65 21
65 22
65 23
65 25
65 26
65 27
65 29
65 30
65 35
65 36
65 37
65 38
65 39
65 40
65 41
65 54
65 55
65 56
65 57
65 59
65 61
65 62
65 63
65 64
65 70
65 74
65 75
66 4
66 7
66 8
66 14
66 16
66 17
66 25
66 27
66 31
66 32
66 34
66 35
66 36
66 38
66 43
66 44
66 46
66 50
66 53
66 58
66 59
66 60
66 61
66 67
66 71
66 72
67 1
67 4
67 5
67 6
67 8
67 9
67 10
67 11
67 18
67 20
67 22
67 23
67 25
67 27
67 28
67 30
67 32
67 33
67 35
67 39
67 40
67 41
67 44
67 47
67 49
67 52
67 54
67 56
67 59
67 60
67 61
67 64
67 66
67 70
67 71
67 73
67 75
68 1
68 9
68 13
68 14
68 15
68 21
68 26
68 29
68 32
68 34
68 35
68 39
68 41
68 44
68 46
68 47
68 51
68 53
68 57
68 59
68 60
68 63
68 70
68 72
68 74
69 8
69 9
69 10
69 14
69 15
69 17
69 23
69 24
69 27
69 28
69 30
69 33
69 38
69 40
69 45
69 47
69 48
69 51
69 52
69 55
69 56
69 57
69 59
69 60
69 63
69 64
69 70
70 1
70 2
70 5
70 13
70 22
70 24
70 29
70 34
70 35
70 36
70 39
70 41
70 44
70 48
70 51
70 54
70 55
70 58
70 59
70 61
70 63
70 64
70 65
70 67
70 68
70 69
70 72
71 1
71 5
71 7
71 10
71 14
71 15
71 16
71 17
71 19
71 20
71 22
71 24
71 26
71 28
71 31
71 32
71 34
71 38
71 40
71 43
71 46
71 47
71 49
71 52
71 53
71 54
71 56
71 57
71 58
71 59
71 60
71 61
71 62
71 64
71 66
71 67
71 72
72 3
72 9
72 10
72 14
72 17
72 18
72 21
72 22
72 26
72 28
72 31
72 35
72 39
72 42
72 44
72 45
72 48
72 49
72 54
72 55
72 56
72 58
72 61
72 62
72 63
72 66
72 68
72 70
72 71
72 73
73 5
73 6
73 14
73 16
73 20
73 21
73 25
73 31
73 32
73 33
73 36
73 37
73 39
73 41
73 44
73 48
73 49
73 51
73 52
73 54
73 55
73 57
73 60
73 61
73 67
73 72
73 74
74 1
74 4
74 5
74 7
74 11
74 12
74 16
74 18
74 20
74 21
74 22
74 24
74 26
74 28
74 29
74 30
74 32
74 33
74 39
74 40
74 42
74 43
74 44
74 46
74 48
74 54
74 62
74 63
74 64
74 65
74 68
74 73
75 1
75 5
75 11
75 15
75 20
75 24
75 25
75 27
75 28
75 38
75 41
75 42
75 43
75 46
75 48
75 51
75 52
75 53
75 59
75 63
75 65
75 67
