75
1 9
1 11
1 14
1 16
1 22
1 25
1 26
1 27
1 29
1 31
1 34
1 40
1 42
1 46
1 52
1 54
1 58
1 62
1 65
1 70
1 73
1 74
1 75
2 3
2 5
2 11
2 12
2 13
2 14
2 15
2 16
2 18
2 19
2 21
2 24
2 25
2 29
2 30
2 31
2 32
2 33
2 35
2 36
2 37
2 38
2 40
2 41
2 42
2 43
2 46
2 47
2 48
2 54
2 55
2 56
2 59
2 60
2 61
2 64
2 66
2 69
2 73
2 74
3 2
3 6
3 10
3 11
3 12
3 13
3 16
3 17
3 18
3 20
3 22
3 27
3 28
3 35
3 37
3 44
3 46
3 51
3 52
3 55
3 56
3 62
3 63
3 65
3 70
3 71
3 74
4 8
4 9
4 15
4 17
4 18
4 23
4 27
4 29
4 30
4 31
4 36
4 38
4 39
4 40
4 43
4 45
4 48
4 49
4 50
4 53
4 55
4 58
4 60
4 62
4 65
4 69
4 70
4 74
5 2
5 7
5 8
5 9
5 10
5 14
5 15
5 16
5 17
5 18
5 22
5 25
5 29
5 30
5 32
5 34
5 37
5 40
5 43
5 46
5 50
5 51
5 54
5 59
5 63
5 72
6 3
6 8
6 11
6 15
6 17
6 18
6 20
6 24
6 26
6 28
6 29
6 30
6 31
6 34
6 40
6 41
6 43
6 44
6 45
6 46
6 49
6 50
6 54
6 60
6 66
6 69
6 70
6 74
6 75
7 5
7 11
7 12
7 25
7 27
7 29
7 30
7 33
7 34
7 36
7 37
7 38
7 44
7 47
7 48
7 52
7 56
7 67
7 68
7 72
7 73
8 4
8 5
8 6
8 9
8 10
8 11
8 12
8 20
8 26
8 29
8 33
8 36
8 37
8 41
8 42
8 43
8 49
8 50
8 51
8 54
8 56
8 57
8 59
8 60
8 64
8 65
8 66
8 72
8 73
8 75
9 1
9 4
9 5
9 8
9 11
9 18
9 19
9 24
9 27
9 28
9 29
9 30
9 37
9 40
9 47
9 49
9 50
9 51
9 57
9 61
9 65
9 67
9 72
9 73
9 74
9 75
10 3
10 5
10 8
10 12
10 13
10 14
10 16
10 21
10 26
10 28
10 29
10 30
10 32
10 36
10 38
10 39
10 47
10 50
10 51
10 52
10 56
10 57
10 61
10 65
10 66
10 67
10 68
10 69
10 74
11 1
11 2
11 3
11 6
11 7
11 8
11 9
11 12
11 13
11 22
11 23
11 32
11 34
11 35
11 38
11 41
11 43
11 44
11 46
11 47
11 48
11 50
11 51
11 52
11 53
11 55
11 58
11 61
11 65
11 68
11 71
11 72
11 75
12 2
12 3
12 7
12 8
12 10
12 11
12 13
12 15
12 19
12 22
12 29
12 30
12 38
12 39
12 42
12 46
12 47
12 52
12 54
12 59
12 60
12 64
12 66
12 68
12 69
12 71
12 72
12 74
13 2
13 3
13 10
13 11
13 12
13 15
13 17
13 18
13 19
13 20
13 22
13 23
13 24
13 27
13 30
13 31
13 32
13 34
13 36
13 37
13 39
13 40
13 41
13 43
13 46
13 47
13 48
13 49
13 51
13 52
13 56
13 59
13 60
13 65
13 69
13 70
13 71
14 1
14 2
14 5
14 10
14 15
14 16
14 17
14 19
14 24
14 28
14 31
14 33
14 34
14 41
14 42
14 45
14 49
14 56
14 57
14 58
14 62
14 69
14 70
14 72
14 75
15 2
15 4
15 5
15 6
15 12
15 13
15 14
15 16
15 17
15 19
15 20
15 22
15 25
15 26
15 27
15 28
15 29
15 32
15 34
15 35
15 36
15 37
15 39
15 40
15 46
15 51
15 55
15 57
15 58
15 59
15 60
15 61
15 62
15 64
15 65
15 66
15 69
15 74
16 1
16 2
16 3
16 5
16 10
16 14
16 15
16 17
16 20
16 21
16 23
16 25
16 27
16 33
16 34
16 46
16 48
16 49
16 50
16 53
16 56
16 58
16 59
16 61
16 64
16 69
16 74
17 3
17 4
17 5
17 6
17 13
17 14
17 15
17 16
17 19
17 20
17 21
17 25
17 32
17 36
17 42
17 43
17 44
17 45
17 48
17 55
17 56
17 57
17 60
17 61
17 64
17 66
17 70
17 71
17 73
18 2
18 3
18 4
18 5
18 6
18 9
18 13
18 20
18 24
18 35
18 37
18 42
18 43
18 45
18 46
18 47
18 59
18 62
18 63
18 64
18 65
18 67
18 68
18 70
18 75
19 2
19 9
19 12
19 13
19 14
19 15
19 17
19 22
19 25
19 29
19 36
19 37
19 38
19 45
19 48
19 50
19 53
19 56
19 57
19 58
19 61
19 62
19 65
19 66
19 70
19 72
19 73
19 74
19 75
20 3
20 6
20 8
20 13
20 15
20 16
20 17
20 18
20 21
20 28
20 32
20 34
20 35
20 37
20 38
20 39
20 43
20 46
20 48
20 49
20 50
20 51
20 54
20 55
20 68
21 2
21 10
21 16
21 17
21 20
21 23
21 28
21 29
21 32
21 33
21 34
21 40
21 41
21 42
21 48
21 54
21 57
21 59
21 61
21 62
21 68
21 71
21 74
21 75
22 1
22 3
22 5
22 11
22 12
22 13
22 15
22 19
22 23
22 31
22 37
22 38
22 39
22 40
22 41
22 44
22 46
22 49
22 50
22 54
22 55
22 57
22 65
22 69
22 70
22 72
22 75
23 4
23 11
23 13
23 16
23 21
23 22
23 25
23 26
23 27
23 29
23 30
23 31
23 32
23 35
23 39
23 41
23 46
23 47
23 48
23 49
23 51
23 53
23 55
23 57
23 63
23 65
23 67
23 69
23 70
23 72
23 74
24 2
24 6
24 9
24 13
24 14
24 18
24 26
24 30
24 31
24 32
24 33
24 34
24 35
24 36
24 37
24 38
24 45
24 47
24 53
24 54
24 56
24 60
24 61
24 66
24 70
24 72
24 73
24 75
25 1
25 2
25 5
25 7
25 15
25 16
25 17
25 19
25 23
25 26
25 29
25 34
25 36
25 39
25 41
25 43
25 49
25 57
25 65
25 67
25 69
25 71
26 1
26 6
26 8
26 10
26 15
26 23
26 24
26 25
26 30
26 31
26 34
26 41
26 44
26 46
26 47
26 52
26 53
26 54
26 55
26 57
26 58
26 59
26 60
26 62
26 63
26 64
26 68
26 70
26 73
26 75
27 1
27 3
27 4
27 7
27 9
27 13
27 15
27 16
27 23
27 29
27 33
27 35
27 39
27 42
27 43
27 44
27 52
27 57
27 58
27 59
27 63
27 65
27 67
27 71
27 74
28 3
28 6
28 9
28 10
28 14
28 15
28 20
28 21
28 30
28 33
28 35
28 38
28 43
28 46
28 48
28 49
28 53
28 56
28 57
28 59
28 60
28 61
28 63
28 64
28 65
28 66
28 73
28 74
29 1
29 2
29 4
29 5
29 6
29 7
29 8
29 9
29 10
29 12
29 15
29 19
29 21
29 23
29 25
29 27
29 30
29 36
29 40
29 41
29 43
29 46
29 49
29 51
29 57
29 59
29 60
29 61
29 70
29 75
30 2
30 4
30 5
30 6
30 7
30 9
30 10
30 12
30 13
30 23
30 24
30 26
30 28
30 29
30 32
30 33
30 34
30 35
30 42
30 45
30 50
30 58
30 59
30 60
30 64
30 65
30 66
30 67
30 68
30 69
30 71
30 72
31 1
31 2
31 4
31 6
31 13
31 14
31 22
31 23
31 24
31 26
31 36
31 37
31 39
31 43
31 44
31 45
31 52
31 53
31 59
31 63
31 65
31 67
31 68
31 69
31 71
31 72
31 75
32 2
32 5
32 10
32 11
32 13
32 15
32 17
32 20
32 21
32 23
32 24
32 30
32 33
32 36
32 37
32 38
32 40
32 42
32 44
32 45
32 47
32 48
32 50
32 51
32 63
32 66
32 67
32 71
32 73
32 74
33 2
33 7
33 8
33 14
33 16
33 21
33 24
33 27
33 28
33 30
33 32
33 35
33 36
33 41
33 42
33 43
33 46
33 47
33 54
33 55
33 57
33 62
33 67
33 68
33 69
33 73
33 74
33 75
34 1
34 5
34 6
34 7
34 11
34 13
34 14
34 15
34 16
34 20
34 21
34 24
34 25
34 26
34 30
34 35
34 36
34 38
34 40
34 42
34 43
34 44
34 46
34 47
34 51
34 53
34 54
34 55
34 58
34 61
34 64
34 66
34 71
34 72
34 75
35 2
35 3
35 11
35 15
35 18
35 20
35 23
35 24
35 27
35 28
35 30
35 33
35 34
35 36
35 37
35 38
35 39
35 41
35 44
35 50
35 55
35 57
35 58
35 59
35 60
35 63
35 67
35 70
35 73
35 75
36 2
36 4
36 7
36 8
36 10
36 13
36 15
36 17
36 19
36 24
36 25
36 29
36 31
36 32
36 33
36 34
36 35
36 39
36 48
36 49
36 54
36 56
36 57
36 61
36 63
36 67
36 70
37 2
37 3
37 5
37 7
37 8
37 9
37 13
37 15
37 18
37 19
37 20
37 22
37 24
37 31
37 32
37 35
37 38
37 42
37 51
37 54
37 71
37 72
37 73
38 2
38 4
38 7
38 10
38 11
38 12
38 19
38 20
38 22
38 24
38 28
38 32
38 34
38 35
38 37
38 39
38 40
38 41
38 42
38 44
38 48
38 51
38 54
38 55
38 58
38 59
38 60
38 64
38 65
38 67
38 69
38 71
38 74
39 4
39 10
39 12
39 13
39 15
39 20
39 22
39 23
39 25
39 27
39 31
39 35
39 36
39 38
39 42
39 43
39 44
39 45
39 46
39 47
39 51
39 53
39 55
39 58
39 59
39 63
39 64
39 67
39 72
39 74
40 1
40 2
40 4
40 5
40 6
40 9
40 13
40 15
40 21
40 22
40 29
40 32
40 34
40 38
40 41
40 42
40 43
40 51
40 53
40 56
40 58
40 59
40 60
40 61
40 62
40 64
40 65
40 66
40 67
40 72
40 73
40 75
41 2
41 6
41 8
41 11
41 13
41 14
41 21
41 22
41 23
41 25
41 26
41 29
41 33
41 35
41 38
41 40
41 42
41 43
41 44
41 47
41 49
41 50
41 52
41 53
41 54
41 60
41 61
41 64
41 71
41 72
41 73
42 1
42 2
42 8
42 12
42 14
42 17
42 18
42 21
42 27
42 30
42 32
42 33
42 34
42 37
42 38
42 39
42 40
42 41
42 44
42 46
42 48
42 50
42 53
42 54
42 57
42 58
42 60
42 66
42 68
42 70
42 71
42 75
43 2
43 4
43 5
43 6
43 8
43 11
43 13
43 17
43 18
43 20
43 25
43 27
43 28
43 29
43 31
43 33
43 34
43 39
43 40
43 41
43 48
43 51
43 57
43 60
43 63
43 70
43 71
43 72
43 74
44 3
44 6
44 7
44 11
44 17
44 22
44 26
44 27
44 31
44 32
44 34
44 35
44 38
44 39
44 41
44 42
44 45
44 46
44 47
44 54
44 55
44 57
44 58
44 63
44 65
44 67
44 68
44 73
45 4
45 6
45 14
45 17
45 18
45 19
45 24
45 30
45 31
45 32
45 39
45 44
45 46
45 53
45 55
45 56
45 58
45 59
45 62
45 64
45 66
45 67
45 68
45 72
46 1
46 2
46 3
46 5
46 6
46 11
46 12
46 13
46 15
46 16
46 18
46 20
46 22
46 23
46 26
46 28
46 29
46 33
46 34
46 39
46 42
46 44
46 45
46 48
46 49
46 50
46 54
46 55
46 57
46 58
46 61
46 63
46 65
46 66
46 67
46 68
46 71
46 73
47 2
47 7
47 9
47 10
47 11
47 12
47 13
47 18
47 23
47 24
47 26
47 32
47 33
47 34
47 39
47 41
47 44
47 49
47 51
47 52
47 54
47 56
47 58
47 59
47 61
47 63
47 64
47 66
47 67
47 72
47 73
47 74
47 75
48 2
48 4
48 7
48 11
48 13
48 16
48 17
48 19
48 20
48 21
48 23
48 28
48 32
48 36
48 38
48 42
48 43
48 46
48 51
48 52
48 55
48 57
48 58
48 60
48 61
48 62
48 63
48 64
48 69
48 73
49 4
49 6
49 8
49 9
49 13
49 14
49 16
49 20
49 22
49 23
49 25
49 28
49 29
49 36
49 41
49 46
49 47
49 51
49 54
49 56
49 57
49 65
49 67
49 69
49 70
49 73
49 74
49 75
50 4
50 5
50 6
50 8
50 9
50 10
50 11
50 16
50 19
50 20
50 22
50 30
50 32
50 35
50 41
50 42
50 46
50 52
50 57
50 59
50 63
50 68
50 70
50 71
50 72
51 3
51 5
51 8
51 9
51 10
51 11
51 13
51 15
51 20
51 23
51 29
51 32
51 34
51 37
51 38
51 39
51 40
51 43
51 47
51 48
51 49
51 54
51 56
51 61
51 64
51 65
51 69
51 70
51 71
51 75
52 1
52 3
52 7
52 10
52 11
52 12
52 13
52 26
52 27
52 31
52 41
52 47
52 48
52 50
52 53
52 56
52 58
52 60
52 63
52 68
52 69
52 71
52 72
52 73
53 4
53 11
53 16
53 19
53 23
53 24
53 26
53 28
53 31
53 34
53 39
53 40
53 41
53 42
53 45
53 52
53 54
53 56
53 60
53 61
53 63
53 64
53 67
53 68
53 71
53 72
53 75
54 1
54 2
54 5
54 6
54 8
54 12
54 20
54 21
54 22
54 24
54 26
54 33
54 34
54 36
54 37
54 38
54 41
54 42
54 44
54 46
54 47
54 49
54 51
54 53
54 55
54 56
54 64
54 66
54 69
54 70
54 71
54 73
54 74
55 2
55 3
55 4
55 11
55 15
55 17
55 20
55 22
55 23
55 26
55 33
55 34
55 35
55 38
55 39
55 44
55 45
55 46
55 48
55 54
55 56
55 57
55 58
55 60
55 62
55 63
55 67
55 68
55 69
55 71
55 72
55 73
56 2
56 3
56 7
56 8
56 10
56 13
56 14
56 16
56 17
56 19
56 24
56 28
56 36
56 40
56 45
56 47
56 49
56 51
56 52
56 53
56 54
56 55
56 57
56 60
56 63
56 64
56 67
56 68
56 69
56 74
57 8
57 9
57 10
57 14
57 15
57 17
57 19
57 21
57 22
57 23
57 25
57 26
57 27
57 28
57 29
57 33
57 35
57 36
57 42
57 43
57 44
57 46
57 48
57 49
57 50
57 55
57 56
57 60
57 62
57 67
57 71
57 72
57 74
57 75
58 1
58 4
58 11
58 14
58 15
58 16
58 19
58 26
58 27
58 30
58 34
58 35
58 38
58 39
58 40
58 42
58 44
58 45
58 46
58 47
58 48
58 52
58 55
58 60
58 63
58 64
58 65
58 66
58 67
58 72
59 2
59 5
59 8
59 12
59 13
59 15
59 16
59 18
59 21
59 26
59 27
59 28
59 29
59 30
59 31
59 35
59 38
59 39
59 40
59 45
59 47
59 50
59 60
59 61
59 62
59 64
59 65
59 66
59 71
59 75
60 2
60 4
60 6
60 8
60 12
60 13
60 15
60 17
60 24
60 26
60 28
60 29
60 30
60 35
60 38
60 40
60 41
60 42
60 43
60 48
60 52
60 53
60 55
60 56
60 57
60 58
60 59
60 64
60 65
60 68
60 71
60 72
60 73
60 74
60 75
61 2
61 9
61 10
61 11
61 15
61 16
61 17
61 19
61 21
61 24
61 28
61 29
61 34
61 36
61 40
61 41
61 46
61 47
61 48
61 51
61 53
61 59
61 62
61 69
61 70
61 72
62 1
62 3
62 4
62 14
62 15
62 18
62 19
62 21
62 26
62 33
62 40
62 45
62 48
62 55
62 57
62 59
62 61
62 63
62 64
62 66
62 67
62 68
62 69
63 3
63 5
63 18
63 23
63 26
63 27
63 28
63 31
63 32
63 35
63 36
63 39
63 43
63 44
63 46
63 47
63 48
63 50
63 52
63 53
63 55
63 56
63 58
63 62
63 65
63 70
63 72
63 73
64 2
64 8
64 12
64 15
64 16
64 17
64 18
64 26
64 28
64 30
64 34
64 38
64 39
64 40
64 41
64 45
64 47
64 48
64 51
64 53
64 54
64 56
64 58
64 59
64 60
64 62
64 70
64 73
64 75
65 1
65 3
65 4
65 8
65 9
65 10
65 11
65 13
65 15
65 18
65 19
65 22
65 23
65 25
65 27
65 28
65 30
65 31
65 38
65 40
65 44
65 46
65 49
65 51
65 58
65 59
65 60
65 63
65 66
65 67
65 68
65 69
65 71
65 73
65 75
66 2
66 6
66 8
66 10
66 12
66 15
66 17
66 19
66 24
66 28
66 30
66 32
66 34
66 40
66 42
66 45
66 46
66 47
66 54
66 58
66 59
66 62
66 65
66 71
66 74
67 7
67 9
67 10
67 18
67 23
67 25
67 27
67 30
67 31
67 32
67 33
67 35
67 36
67 38
67 39
67 40
67 44
67 45
67 46
67 47
67 49
67 53
67 55
67 56
67 57
67 58
67 62
67 65
67 71
68 7
68 10
68 11
68 12
68 18
68 20
68 21
68 26
68 30
68 31
68 33
68 42
68 44
68 45
68 46
68 50
68 52
68 53
68 55
68 56
68 60
68 62
68 65
68 69
68 75
69 2
69 4
69 6
69 10
69 12
69 13
69 14
69 15
69 16
69 22
69 23
69 25
69 30
69 31
69 33
69 38
69 48
69 49
69 51
69 52
69 54
69 55
69 56
69 61
69 62
69 65
69 68
69 72
69 73
70 1
70 3
70 4
70 6
70 13
70 14
70 17
70 18
70 19
70 22
70 23
70 24
70 26
70 29
70 35
70 36
70 42
70 43
70 49
70 50
70 51
70 54
70 61
70 63
70 64
70 72
70 74
70 75
71 3
71 11
71 12
71 13
71 17
71 21
71 25
71 27
71 30
71 31
71 32
71 34
71 37
71 38
71 41
71 42
71 43
71 46
71 50
71 51
71 52
71 53
71 54
71 55
71 57
71 59
71 60
71 65
71 66
71 67
71 72
71 74
71 75
72 5
72 7
72 8
72 9
72 11
72 12
72 14
72 19
72 22
72 23
72 24
72 30
72 31
72 34
72 37
72 39
72 40
72 41
72 43
72 45
72 47
72 50
72 52
72 53
72 55
72 57
72 58
72 60
72 61
72 63
72 69
72 70
72 71
72 75
73 1
73 2
73 7
73 8
73 9
73 17
73 19
73 24
73 26
73 28
73 32
73 33
73 35
73 37
73 40
73 41
73 44
73 46
73 47
73 48
73 49
73 52
73 54
73 55
73 60
73 63
73 64
73 65
73 69
74 1
74 2
74 3
74 4
74 6
74 9
74 10
74 12
74 15
74 16
74 19
74 21
74 23
74 27
74 28
74 32
74 33
74 38
74 39
74 43
74 47
74 49
74 54
74 56
74 57
74 60
74 66
74 70
74 71
74 75
75 1
75 6
75 8
75 9
75 11
75 14
75 18
75 19
75 21
75 22
75 24
75 26
75 29
75 31
75 33
75 34
75 35
75 40
75 42
75 47
75 49
75 51
75 53
75 57
75 59
75 60
75 64
75 65
75 68
75 70
75 71
75 72
75 74
