75
1 2
1 3
1 7
1 14
1 16
1 23
1 24
1 25
1 26
1 28
1 33
1 35
1 39
1 41
1 42
1 43
1 44
1 47
1 48
1 49
1 51
1 52
1 57
1 58
1 63
1 64
1 70
1 72
1 73
2 1
2 5
2 12
2 13
2 15
2 16
2 18
2 19
2 22
2 27
2 30
2 33
2 37
2 38
2 44
2 47
2 54
2 56
2 58
2 59
2 63
2 64
2 66
2 68
2 69
2 75
3 1
3 5
3 14
3 15
3 16
3 22
3 27
3 29
3 31
3 35
3 39
3 40
3 41
3 42
3 45
3 48
3 54
3 56
3 57
3 58
3 61
3 63
3 64
3 65
3 70
3 72
3 73
3 74
4 5
4 6
4 11
4 15
4 18
4 20
4 21
4 25
4 27
4 35
4 40
4 43
4 44
4 55
4 56
4 61
4 62
4 63
4 66
4 67
4 69
4 70
4 73
4 74
4 75
5 2
5 3
5 4
5 7
5 9
5 10
5 12
5 16
5 17
5 18
5 19
5 20
5 21
5 26
5 28
5 32
5 33
5 34
5 35
5 38
5 40
5 43
5 44
5 46
5 51
5 54
5 57
5 58
5 61
5 62
5 64
5 71
5 74
5 75
6 4
6 7
6 11
6 13
6 14
6 16
6 17
6 18
6 19
6 20
6 28
6 32
6 36
6 37
6 46
6 47
6 49
6 52
6 57
6 59
6 63
6 69
6 72
6 73
6 74
6 75
7 1
7 5
7 6
7 8
7 9
7 13
7 15
7 18
7 19
7 24
7 25
7 27
7 28
7 33
7 34
7 40
7 41
7 44
7 48
7 49
7 50
7 51
7 55
7 58
7 59
7 63
7 69
7 71
7 75
8 7
8 9
8 10
8 11
8 12
8 15
8 18
8 19
8 22
8 23
8 24
8 25
8 28
8 29
8 31
8 33
8 36
8 37
8 39
8 40
8 41
8 43
8 46
8 47
8 53
8 54
8 56
8 59
8 61
8 64
8 68
8 72
9 5
9 7
9 8
9 10
9 11
9 13
9 14
9 18
9 21
9 22
9 23
9 25
9 26
9 27
9 28
9 29
9 33
9 35
9 38
9 42
9 43
9 44
9 45
9 49
9 54
9 55
9 58
9 59
9 61
9 67
9 68
9 69
9 71
9 72
9 75
10 5
10 8
10 9
10 13
10 21
10 22
10 23
10 25
10 27
10 31
10 32
10 40
10 41
10 45
10 49
10 51
10 55
10 56
10 57
10 59
10 68
10 72
10 73
11 4
11 6
11 8
11 9
11 12
11 15
11 18
11 19
11 20
11 24
11 27
11 29
11 31
11 32
11 36
11 38
11 39
11 40
11 42
11 46
11 47
11 48
11 49
11 52
11 53
11 61
11 63
11 67
11 71
11 73
11 75
12 2
12 5
12 8
12 11
12 13
12 14
12 15
12 17
12 18
12 19
12 20
12 24
12 26
12 32
12 33
12 35
12 37
12 38
12 39
12 42
12 45
12 46
12 47
12 48
12 49
12 50
12 51
12 55
12 58
12 60
12 62
12 64
12 65
12 66
12 67
12 70
12 72
12 73
12 75
13 2
13 6
13 7
13 9
13 10
13 12
13 20
13 24
13 26
13 27
13 32
13 36
13 37
13 41
13 44
13 46
13 48
13 49
13 51
13 53
13 54
13 56
13 59
13 60
13 62
13 72
14 1
14 3
14 6
14 9
14 12
14 16
14 22
14 23
14 24
14 26
14 29
14 38
14 42
14 45
14 50
14 56
14 57
14 59
14 60
14 63
14 64
14 65
14 66
14 68
14 72
14 74
14 75
15 2
15 3
15 4
15 7
15 8
15 11
15 12
15 17
15 19
15 21
15 23
15 27
15 28
15 32
15 37
15 38
15 42
15 43
15 44
15 47
15 51
15 59
15 65
15 71
15 72
15 74
16 1
16 2
16 3
16 5
16 6
16 14
16 17
16 18
16 20
16 24
16 32
16 33
16 35
16 38
16 41
16 43
16 45
16 50
16 51
16 53
16 55
16 56
16 58
16 59
16 60
16 64
16 72
16 73
16 75
17 5
17 6
17 12
17 15
17 16
17 18
17 20
17 21
17 24
17 25
17 30
17 31
17 36
17 37
17 40
17 42
17 44
17 48
17 49
17 50
17 54
17 55
17 56
17 58
17 61
17 62
17 68
17 72
17 73
18 2
18 4
18 5
18 6
18 7
18 8
18 9
18 11
18 12
18 16
18 17
18 20
18 22
18 25
18 30
18 31
18 35
18 38
18 41
18 43
18 46
18 48
18 49
18 52
18 53
18 54
18 57
18 59
18 63
18 64
18 65
18 67
18 68
18 72
18 75
19 2
19 5
19 6
19 7
19 8
19 11
19 12
19 15
19 20
19 25
19 26
19 28
19 30
19 32
19 36
19 38
19 39
19 40
19 41
19 42
19 46
19 50
19 52
19 53
19 56
19 58
19 60
19 61
19 67
19 71
19 72
19 74
20 4
20 5
20 6
20 11
20 12
20 13
20 16
20 17
20 18
20 19
20 21
20 22
20 23
20 27
20 33
20 34
20 35
20 38
20 42
20 43
20 47
20 49
20 50
20 51
20 56
20 58
20 65
20 66
20 73
21 4
21 5
21 9
21 10
21 15
21 17
21 20
21 30
21 32
21 33
21 34
21 37
21 39
21 40
21 44
21 52
21 59
21 61
21 64
21 65
21 66
21 67
21 68
21 69
21 70
21 73
22 2
22 3
22 8
22 9
22 10
22 14
22 18
22 20
22 24
22 27
22 29
22 33
22 34
22 35
22 37
22 38
22 41
22 42
22 43
22 44
22 45
22 47
22 50
22 53
22 56
22 59
22 62
22 65
22 68
22 70
22 73
22 74
23 1
23 8
23 9
23 10
23 14
23 15
23 20
23 24
23 29
23 30
23 31
23 33
23 36
23 39
23 40
23 43
23 44
23 45
23 46
23 47
23 49
23 50
23 53
23 57
23 59
23 60
23 66
23 69
23 71
23 72
24 1
24 7
24 8
24 11
24 12
24 13
24 14
24 16
24 17
24 22
24 23
24 33
24 35
24 38
24 43
24 51
24 53
24 55
24 61
24 64
24 69
25 1
25 4
25 7
25 8
25 9
25 10
25 17
25 18
25 19
25 26
25 30
25 31
25 32
25 34
25 35
25 40
25 42
25 51
25 54
25 56
25 58
25 62
25 63
25 66
25 72
25 74
25 75
26 1
26 5
26 9
26 12
26 13
26 14
26 19
26 25
26 28
26 32
26 34
26 36
26 37
26 42
26 45
26 46
26 47
26 50
26 54
26 56
26 58
26 64
26 68
26 69
26 70
26 74
27 2
27 3
27 4
27 7
27 9
27 10
27 11
27 13
27 15
27 20
27 22
27 28
27 30
27 32
27 33
27 35
27 37
27 40
27 43
27 49
27 56
27 58
27 59
27 60
27 61
27 62
27 68
27 72
27 75
28 1
28 5
28 6
28 7
28 8
28 9
28 15
28 19
28 26
28 27
28 30
28 31
28 34
28 36
28 39
28 44
28 45
28 49
28 50
28 51
28 58
28 59
28 63
28 67
28 69
28 71
28 74
29 3
29 8
29 9
29 11
29 14
29 22
29 23
29 31
29 35
29 39
29 42
29 47
29 48
29 50
29 53
29 56
29 57
29 58
29 60
29 61
29 63
29 69
29 71
29 74
30 2
30 17
30 18
30 19
30 21
30 23
30 25
30 27
30 28
30 34
30 43
30 44
30 46
30 47
30 51
30 52
30 53
30 54
30 55
30 57
30 60
30 62
30 63
30 65
30 69
30 70
30 72
30 73
30 75
31 3
31 8
31 10
31 11
31 17
31 18
31 23
31 25
31 28
31 29
31 33
31 35
31 37
31 40
31 41
31 43
31 44
31 52
31 54
31 57
31 59
31 63
31 70
31 73
31 74
31 75
32 5
32 6
32 10
32 11
32 12
32 13
32 15
32 16
32 19
32 21
32 25
32 26
32 27
32 35
32 39
32 41
32 44
32 45
32 48
32 49
32 52
32 54
32 55
32 57
32 58
32 60
32 61
32 64
32 66
32 68
32 69
32 70
32 71
32 73
32 75
33 1
33 2
33 5
33 7
33 8
33 9
33 12
33 16
33 20
33 21
33 22
33 23
33 24
33 27
33 31
33 34
33 35
33 37
33 40
33 43
33 44
33 47
33 48
33 53
33 56
33 60
33 70
33 75
34 5
34 7
34 20
34 21
34 22
34 25
34 26
34 28
34 30
34 33
34 36
34 39
34 40
34 45
34 50
34 51
34 54
34 55
34 61
34 67
34 68
34 69
34 70
34 74
34 75
35 1
35 3
35 4
35 5
35 9
35 12
35 16
35 18
35 20
35 22
35 24
35 25
35 27
35 29
35 31
35 32
35 33
35 38
35 42
35 43
35 44
35 45
35 54
35 55
35 56
35 57
35 59
35 65
35 66
35 72
36 6
36 8
36 11
36 13
36 17
36 19
36 23
36 26
36 28
36 34
36 44
36 46
36 50
36 52
36 53
36 54
36 57
36 58
36 61
36 62
36 63
36 64
36 68
36 69
36 70
36 74
36 75
37 2
37 6
37 8
37 12
37 13
37 15
37 17
37 21
37 22
37 26
37 27
37 31
37 33
37 38
37 39
37 40
37 41
37 42
37 44
37 45
37 48
37 49
37 50
37 51
37 55
37 56
37 63
37 64
37 72
37 73
37 74
38 2
38 5
38 9
38 11
38 12
38 14
38 15
38 16
38 18
38 19
38 20
38 22
38 24
38 35
38 37
38 44
38 45
38 49
38 51
38 56
38 57
38 60
38 61
38 64
38 66
38 67
38 71
38 75
39 1
39 3
39 8
39 11
39 12
39 19
39 21
39 23
39 28
39 29
39 32
39 34
39 37
39 40
39 41
39 43
39 44
39 46
39 48
39 49
39 51
39 55
39 56
39 59
39 60
39 65
39 67
39 72
40 3
40 4
40 5
40 7
40 8
40 10
40 11
40 17
40 19
40 21
40 23
40 25
40 27
40 31
40 33
40 34
40 37
40 39
40 42
40 45
40 49
40 52
40 54
40 57
40 58
40 63
40 66
40 67
40 69
40 72
40 74
40 75
41 1
41 3
41 7
41 8
41 10
41 13
41 16
41 18
41 19
41 22
41 31
41 32
41 37
41 39
41 44
41 49
41 52
41 55
41 56
41 57
41 58
41 59
41 60
41 61
41 63
41 65
41 67
41 73
41 74
41 75
42 1
42 3
42 9
42 11
42 12
42 14
42 15
42 17
42 19
42 20
42 22
42 25
42 26
42 29
42 35
42 37
42 40
42 47
42 49
42 50
42 55
42 57
42 61
42 63
42 66
42 67
42 69
43 1
43 4
43 5
43 8
43 9
43 15
43 16
43 18
43 20
43 22
43 23
43 24
43 27
43 30
43 31
43 33
43 35
43 39
43 46
43 48
43 49
43 52
43 54
43 57
43 58
43 59
43 60
43 68
43 69
43 72
43 74
43 75
44 1
44 2
44 4
44 5
44 7
44 9
44 13
44 15
44 17
44 21
44 22
44 23
44 28
44 30
44 31
44 32
44 33
44 35
44 36
44 37
44 38
44 39
44 41
44 46
44 49
44 50
44 51
44 52
44 55
44 56
44 57
44 58
44 60
44 65
44 68
44 71
44 73
44 74
44 75
45 3
45 9
45 10
45 12
45 14
45 16
45 22
45 23
45 26
45 28
45 32
45 34
45 35
45 37
45 38
45 40
45 49
45 50
45 51
45 54
45 56
45 57
45 58
45 60
45 61
45 62
45 64
45 65
45 67
45 69
45 70
45 71
45 74
46 5
46 6
46 8
46 11
46 12
46 13
46 18
46 19
46 23
46 26
46 30
46 36
46 39
46 43
46 44
46 48
46 51
46 53
46 55
46 56
46 57
46 59
46 68
46 73
46 75
47 1
47 2
47 6
47 8
47 11
47 12
47 15
47 20
47 22
47 23
47 26
47 29
47 30
47 33
47 42
47 49
47 50
47 55
47 56
47 58
47 62
47 63
47 64
47 67
47 69
47 74
48 1
48 3
48 7
48 11
48 12
48 13
48 17
48 18
48 29
48 32
48 33
48 37
48 39
48 43
48 46
48 50
48 53
48 54
48 57
48 59
48 61
48 62
48 67
48 69
48 70
48 74
48 75
49 1
49 6
49 7
49 9
49 10
49 11
49 12
49 13
49 17
49 18
49 20
49 23
49 27
49 28
49 32
49 37
49 38
49 39
49 40
49 41
49 42
49 43
49 44
49 45
49 47
49 52
49 54
49 55
49 59
49 65
49 69
49 70
50 7
50 12
50 14
50 16
50 17
50 19
50 20
50 22
50 23
50 26
50 28
50 29
50 34
50 36
50 37
50 42
50 44
50 45
50 47
50 48
50 61
50 62
50 64
50 65
50 66
50 67
50 68
50 69
50 73
50 74
51 1
51 5
51 7
51 10
51 12
51 13
51 15
51 16
51 20
51 24
51 25
51 28
51 30
51 34
51 37
51 38
51 39
51 44
51 45
51 46
51 55
51 60
51 63
51 65
51 66
51 72
51 73
51 75
52 1
52 6
52 11
52 18
52 19
52 21
52 30
52 31
52 32
52 36
52 40
52 41
52 43
52 44
52 49
52 56
52 58
52 59
52 60
52 61
52 66
52 68
52 70
52 72
53 8
53 11
53 13
53 16
53 18
53 19
53 22
53 23
53 24
53 29
53 30
53 33
53 36
53 46
53 48
53 56
53 57
53 58
53 62
53 65
53 67
53 68
53 70
53 71
53 72
53 74
53 75
54 2
54 3
54 5
54 8
54 9
54 13
54 17
54 18
54 25
54 26
54 30
54 31
54 32
54 34
54 35
54 36
54 40
54 43
54 45
54 48
54 49
54 55
54 56
54 61
54 63
54 64
54 66
54 68
54 69
54 73
54 74
55 4
55 7
55 9
55 10
55 12
55 16
55 17
55 24
55 30
55 32
55 34
55 35
55 37
55 39
55 41
55 42
55 44
55 46
55 47
55 49
55 51
55 54
55 57
55 58
55 60
55 63
55 65
55 66
55 72
56 2
56 3
56 4
56 8
56 10
56 13
56 14
56 16
56 17
56 19
56 20
56 22
56 25
56 26
56 27
56 29
56 33
56 35
56 37
56 38
56 39
56 41
56 44
56 45
56 46
56 47
56 52
56 53
56 54
56 60
56 62
56 63
56 65
56 66
56 68
56 74
57 1
57 3
57 5
57 6
57 10
57 14
57 18
57 23
57 29
57 30
57 31
57 32
57 35
57 36
57 38
57 40
57 41
57 42
57 43
57 44
57 45
57 46
57 48
57 53
57 55
57 58
57 59
57 62
57 65
57 67
57 68
57 72
57 75
58 1
58 2
58 3
58 5
58 7
58 9
58 12
58 16
58 17
58 19
58 20
58 25
58 26
58 27
58 28
58 29
58 32
58 36
58 40
58 41
58 43
58 44
58 45
58 47
58 52
58 53
58 55
58 57
58 60
58 67
58 68
58 71
58 73
58 75
59 2
59 6
59 7
59 8
59 9
59 10
59 13
59 14
59 15
59 16
59 18
59 21
59 22
59 23
59 27
59 28
59 31
59 35
59 39
59 41
59 43
59 46
59 48
59 49
59 52
59 57
59 60
59 62
59 65
59 69
59 70
59 71
59 72
59 73
60 12
60 13
60 14
60 16
60 19
60 23
60 27
60 29
60 30
60 32
60 33
60 38
60 39
60 41
60 43
60 44
60 45
60 51
60 52
60 55
60 56
60 58
60 59
60 64
60 72
60 74
61 3
61 4
61 5
61 8
61 9
61 11
61 17
61 19
61 21
61 24
61 27
61 29
61 32
61 34
61 36
61 38
61 41
61 42
61 45
61 48
61 50
61 52
61 54
61 65
61 66
61 70
61 74
62 4
62 5
62 12
62 13
62 17
62 22
62 25
62 27
62 30
62 36
62 45
62 47
62 48
62 50
62 53
62 56
62 57
62 59
62 63
62 67
63 1
63 2
63 3
63 4
63 6
63 7
63 11
63 14
63 18
63 25
63 28
63 29
63 30
63 31
63 36
63 37
63 40
63 41
63 42
63 47
63 51
63 54
63 55
63 56
63 62
63 67
63 69
63 71
63 73
63 74
64 1
64 2
64 3
64 5
64 8
64 12
64 14
64 16
64 18
64 21
64 24
64 26
64 32
64 36
64 37
64 38
64 45
64 47
64 50
64 54
64 60
64 70
64 71
64 72
64 73
64 75
65 3
65 12
65 14
65 15
65 18
65 20
65 21
65 22
65 30
65 35
65 39
65 41
65 44
65 45
65 49
65 50
65 51
65 53
65 55
65 56
65 57
65 59
65 61
65 66
65 68
65 69
65 70
65 72
65 74
66 2
66 4
66 12
66 14
66 20
66 21
66 23
66 25
66 32
66 35
66 38
66 40
66 42
66 50
66 51
66 52
66 54
66 55
66 56
66 61
66 65
66 68
66 71
67 4
67 9
67 11
67 12
67 18
67 19
67 21
67 28
67 34
67 38
67 39
67 40
67 41
67 42
67 45
67 47
67 48
67 50
67 53
67 57
67 58
67 62
67 63
67 72
67 74
68 2
68 8
68 9
68 10
68 14
68 17
68 18
68 21
68 22
68 26
68 27
68 32
68 34
68 36
68 43
68 44
68 46
68 50
68 52
68 53
68 54
68 56
68 57
68 58
68 65
68 66
68 71
68 72
68 75
69 2
69 4
69 6
69 7
69 9
69 21
69 23
69 24
69 26
69 28
69 29
69 30
69 32
69 34
69 36
69 40
69 42
69 43
69 45
69 47
69 48
69 49
69 50
69 54
69 59
69 63
69 65
69 70
69 75
70 1
70 3
70 4
70 12
70 21
70 22
70 26
70 30
70 31
70 32
70 33
70 34
70 36
70 45
70 48
70 49
70 52
70 53
70 59
70 61
70 64
70 65
70 69
71 5
71 7
71 9
71 11
71 15
71 19
71 23
71 28
71 29
71 32
71 38
71 44
71 45
71 53
71 58
71 59
71 63
71 64
71 66
71 68
71 74
71 75
72 1
72 3
72 6
72 8
72 9
72 10
72 12
72 13
72 14
72 15
72 16
72 17
72 18
72 19
72 23
72 25
72 27
72 30
72 35
72 37
72 39
72 40
72 43
72 51
72 52
72 53
72 55
72 57
72 59
72 60
72 64
72 65
72 67
72 68
72 74
73 1
73 3
73 4
73 6
73 10
73 11
73 12
73 16
73 17
73 20
73 21
73 22
73 30
73 31
73 32
73 37
73 41
73 44
73 46
73 50
73 51
73 54
73 58
73 59
73 63
73 64
74 3
74 4
74 5
74 6
74 14
74 15
74 19
74 22
74 25
74 26
74 28
74 29
74 31
74 34
74 36
74 37
74 40
74 41
74 43
74 44
74 45
74 47
74 48
74 50
74 53
74 54
74 56
74 60
74 61
74 63
74 65
74 67
74 71
74 72
75 2
75 4
75 5
75 6
75 7
75 9
75 11
75 12
75 14
75 16
75 18
75 25
75 27
75 30
75 31
75 32
75 33
75 34
75 36
75 38
75 40
75 41
75 43
75 44
75 46
75 48
75 51
75 53
75 57
75 58
75 64
75 68
75 69
75 71
