75
1 3
1 4
1 8
1 9
1 17
1 27
1 28
1 29
1 30
1 31
1 32
1 33
1 35
1 37
1 38
1 41
1 45
1 46
1 51
1 52
1 54
1 55
1 56
1 60
1 62
1 65
1 69
1 70
1 74
2 3
2 4
2 6
2 8
2 14
2 15
2 16
2 19
2 20
2 22
2 26
2 29
2 31
2 34
2 35
2 37
2 38
2 44
2 46
2 49
2 55
2 56
2 57
2 59
2 60
2 62
2 65
2 68
2 71
2 75
3 1
3 2
3 6
3 7
3 8
3 10
3 11
3 13
3 15
3 16
3 19
3 20
3 24
3 26
3 32
3 35
3 38
3 43
3 44
3 48
3 50
3 52
3 57
3 59
3 61
3 62
3 63
3 65
3 66
3 67
3 69
3 71
3 75
4 1
4 2
4 8
4 9
4 10
4 11
4 13
4 18
4 20
4 23
4 25
4 29
4 31
4 34
4 36
4 38
4 39
4 41
4 44
4 45
4 49
4 53
4 54
4 57
4 58
4 59
4 60
4 62
4 63
4 64
4 67
4 71
5 7
5 8
5 11
5 13
5 15
5 17
5 18
5 20
5 22
5 24
5 25
5 26
5 27
5 29
5 30
5 33
5 34
5 37
5 39
5 41
5 44
5 46
5 49
5 54
5 62
5 64
5 67
5 72
5 74
6 2
6 3
6 10
6 19
6 21
6 22
6 25
6 26
6 28
6 31
6 33
6 35
6 36
6 37
6 38
6 40
6 42
6 43
6 48
6 49
6 51
6 53
6 55
6 56
6 58
6 62
6 64
6 65
6 72
6 74
6 75
7 3
7 5
7 8
7 10
7 12
7 13
7 14
7 18
7 23
7 24
7 25
7 26
7 30
7 32
7 34
7 39
7 40
7 42
7 43
7 44
7 48
7 50
7 52
7 53
7 56
7 61
7 62
7 63
7 64
7 65
7 66
7 67
7 68
7 70
7 71
7 74
8 1
8 2
8 3
8 4
8 5
8 7
8 9
8 12
8 13
8 15
8 17
8 20
8 21
8 22
8 24
8 25
8 28
8 30
8 32
8 34
8 35
8 37
8 38
8 41
8 42
8 53
8 57
8 58
8 59
8 63
8 66
8 68
8 72
8 73
9 1
9 4
9 8
9 14
9 17
9 18
9 22
9 23
9 26
9 28
9 34
9 38
9 45
9 49
9 51
9 52
9 53
9 54
9 55
9 58
9 59
9 63
9 66
9 68
9 70
9 72
9 73
9 75
10 3
10 4
10 6
10 7
10 13
10 14
10 15
10 17
10 18
10 20
10 23
10 25
10 26
10 33
10 34
10 35
10 44
10 45
10 46
10 49
10 52
10 56
10 62
10 63
10 67
10 69
10 72
10 73
10 74
10 75
11 3
11 4
11 5
11 12
11 17
11 29
11 32
11 33
11 36
11 43
11 44
11 49
11 58
11 59
11 60
11 62
11 64
11 69
11 73
11 74
12 7
12 8
12 11
12 13
12 16
12 20
12 21
12 22
12 31
12 32
12 43
12 49
12 53
12 54
12 57
12 59
12 65
12 68
12 71
12 72
12 73
13 3
13 4
13 5
13 7
13 8
13 10
13 12
13 16
13 20
13 23
13 24
13 25
13 27
13 32
13 35
13 45
13 51
13 55
13 57
13 59
13 60
13 65
13 70
13 71
14 2
14 7
14 9
14 10
14 22
14 27
14 32
14 34
14 39
14 43
14 45
14 46
14 50
14 51
14 54
14 55
14 58
14 60
14 61
14 62
14 65
14 66
14 69
14 70
14 73
14 74
14 75
15 2
15 3
15 5
15 8
15 10
15 20
15 22
15 24
15 26
15 29
15 31
15 33
15 37
15 38
15 40
15 41
15 43
15 44
15 46
15 47
15 48
15 50
15 51
15 62
15 64
15 65
15 68
15 70
15 72
15 74
16 2
16 3
16 12
16 13
16 17
16 18
16 19
16 20
16 22
16 31
16 34
16 35
16 38
16 43
16 44
16 47
16 49
16 50
16 51
16 52
16 56
16 57
16 62
16 65
16 66
16 71
16 72
16 74
17 1
17 5
17 8
17 9
17 10
17 11
17 16
17 29
17 30
17 35
17 38
17 41
17 42
17 46
17 53
17 56
17 59
17 60
17 61
17 62
17 67
17 69
18 4
18 5
18 7
18 9
18 10
18 16
18 20
18 21
18 23
18 27
18 28
18 30
18 32
18 36
18 41
18 43
18 44
18 45
18 46
18 53
18 55
18 58
18 61
18 63
18 64
18 66
18 67
18 68
18 72
18 73
19 2
19 3
19 6
19 16
19 20
19 31
19 33
19 34
19 37
19 38
19 40
19 44
19 51
19 54
19 55
19 57
19 65
19 69
19 75
20 2
20 3
20 4
20 5
20 8
20 10
20 12
20 13
20 15
20 16
20 18
20 19
20 22
20 23
20 24
20 25
20 26
20 29
20 30
20 31
20 34
20 36
20 43
20 44
20 45
20 47
20 51
20 53
20 54
20 60
20 62
20 65
20 68
20 71
21 6
21 8
21 12
21 18
21 22
21 23
21 24
21 27
21 30
21 33
21 35
21 36
21 42
21 46
21 48
21 50
21 51
21 55
21 66
21 73
21 74
22 2
22 5
22 6
22 8
22 9
22 12
22 14
22 15
22 16
22 20
22 21
22 26
22 28
22 33
22 34
22 38
22 39
22 45
22 49
22 51
22 53
22 55
22 59
22 60
22 66
22 69
22 71
22 73
22 75
23 4
23 7
23 9
23 10
23 13
23 18
23 20
23 21
23 25
23 36
23 37
23 38
23 40
23 41
23 44
23 45
23 46
23 48
23 52
23 54
23 55
23 57
23 67
23 68
23 71
23 72
23 74
23 75
24 3
24 5
24 7
24 8
24 13
24 15
24 20
24 21
24 26
24 28
24 30
24 31
24 34
24 36
24 38
24 41
24 43
24 47
24 48
24 50
24 52
24 54
24 55
24 59
24 64
24 66
24 67
24 68
24 69
24 70
25 4
25 5
25 6
25 7
25 8
25 10
25 13
25 20
25 23
25 26
25 27
25 28
25 29
25 30
25 32
25 33
25 35
25 38
25 40
25 41
25 42
25 43
25 44
25 45
25 46
25 49
25 52
25 53
25 54
25 55
25 60
25 63
25 65
25 68
25 70
25 71
26 2
26 3
26 5
26 6
26 7
26 9
26 10
26 15
26 20
26 22
26 24
26 25
26 28
26 33
26 36
26 37
26 38
26 40
26 44
26 49
26 52
26 58
26 60
26 63
26 64
26 65
26 72
27 1
27 5
27 13
27 14
27 18
27 21
27 25
27 28
27 30
27 31
27 33
27 37
27 38
27 47
27 53
27 57
27 58
27 60
27 61
27 63
27 64
27 65
27 68
28 1
28 6
28 8
28 9
28 18
28 22
28 24
28 25
28 26
28 27
28 31
28 34
28 36
28 43
28 47
28 48
28 50
28 52
28 53
28 54
28 55
28 58
28 59
28 62
28 64
28 65
28 68
28 70
28 72
28 73
29 1
29 2
29 4
29 5
29 11
29 15
29 17
29 20
29 25
29 30
29 31
29 32
29 33
29 35
29 36
29 38
29 41
29 44
29 45
29 47
29 48
29 49
29 52
29 54
29 57
29 58
29 60
29 63
29 64
29 65
29 69
29 70
29 72
30 1
30 5
30 7
30 8
30 17
30 18
30 20
30 21
30 24
30 25
30 27
30 29
30 31
30 32
30 36
30 37
30 43
30 45
30 46
30 47
30 48
30 52
30 55
30 57
30 60
30 63
30 65
30 66
30 70
30 73
30 74
31 1
31 2
31 4
31 6
31 12
31 15
31 16
31 19
31 20
31 24
31 27
31 28
31 29
31 30
31 32
31 35
31 36
31 40
31 44
31 46
31 47
31 48
31 50
31 54
31 55
31 56
31 57
31 58
31 59
31 60
31 62
31 63
31 64
31 65
31 66
31 67
31 69
31 70
31 72
31 74
31 75
32 1
32 3
32 7
32 8
32 11
32 12
32 13
32 14
32 18
32 25
32 29
32 30
32 31
32 34
32 35
32 38
32 39
32 42
32 43
32 51
32 53
32 55
32 62
32 65
32 66
32 67
32 68
32 71
32 75
33 1
33 5
33 6
33 10
33 11
33 15
33 19
33 21
33 22
33 25
33 26
33 27
33 29
33 35
33 38
33 39
33 41
33 45
33 46
33 47
33 49
33 53
33 55
33 58
33 62
33 63
33 64
33 65
33 68
33 72
33 75
34 2
34 4
34 5
34 7
34 8
34 9
34 10
34 14
34 16
34 19
34 20
34 22
34 24
34 28
34 32
34 36
34 42
34 43
34 45
34 47
34 48
34 49
34 50
34 55
34 56
34 58
34 64
34 65
34 67
34 72
34 73
35 1
35 2
35 3
35 6
35 8
35 10
35 13
35 16
35 17
35 21
35 25
35 29
35 31
35 32
35 33
35 36
35 40
35 41
35 43
35 44
35 46
35 47
35 49
35 53
35 55
35 61
35 64
35 65
35 72
35 73
35 74
36 4
36 6
36 11
36 18
36 20
36 21
36 23
36 24
36 26
36 28
36 29
36 30
36 31
36 34
36 35
36 39
36 45
36 47
36 48
36 49
36 50
36 53
36 54
36 55
36 56
36 63
36 66
36 70
36 72
36 75
37 1
37 2
37 5
37 6
37 8
37 15
37 19
37 23
37 26
37 27
37 30
37 40
37 43
37 45
37 59
37 60
37 61
37 63
37 64
37 67
37 72
37 75
38 1
38 2
38 3
38 4
38 6
38 8
38 9
38 15
38 16
38 17
38 19
38 22
38 23
38 24
38 25
38 26
38 27
38 29
38 32
38 33
38 42
38 45
38 46
38 51
38 54
38 56
38 57
38 58
38 59
38 61
38 62
38 65
39 4
39 5
39 7
39 14
39 22
39 32
39 33
39 36
39 40
39 45
39 46
39 48
39 49
39 53
39 57
39 64
39 67
39 68
39 69
39 71
39 74
40 6
40 7
40 15
40 19
40 23
40 25
40 26
40 31
40 35
40 37
40 39
40 43
40 45
40 51
40 52
40 53
40 54
40 57
40 58
40 61
40 62
40 63
40 65
40 66
40 67
40 69
40 73
40 74
41 1
41 4
41 5
41 8
41 15
41 17
41 18
41 23
41 24
41 25
41 29
41 33
41 35
41 44
41 49
41 52
41 54
41 61
41 62
41 63
41 67
41 68
41 69
42 6
42 7
42 8
42 17
42 21
42 25
42 32
42 34
42 38
42 43
42 44
42 46
42 53
42 57
42 59
42 60
42 67
42 71
42 72
42 73
43 3
43 6
43 7
43 11
43 12
43 14
43 15
43 16
43 18
43 20
43 24
43 25
43 28
43 30
43 32
43 34
43 35
43 37
43 40
43 42
43 50
43 51
43 52
43 53
43 54
43 55
43 56
43 57
43 59
43 61
43 68
43 69
43 71
43 72
43 75
44 2
44 3
44 4
44 5
44 7
44 10
44 11
44 15
44 16
44 18
44 19
44 20
44 23
44 25
44 26
44 29
44 31
44 35
44 41
44 42
44 46
44 47
44 48
44 52
44 54
44 59
44 60
44 61
44 63
44 66
44 68
44 75
45 1
45 4
45 9
45 10
45 13
45 14
45 18
45 20
45 22
45 23
45 25
45 29
45 30
45 33
45 34
45 36
45 37
45 38
45 39
45 40
45 46
45 47
45 48
45 50
45 52
45 53
45 55
45 56
45 61
45 63
45 68
45 70
45 73
45 74
46 1
46 2
46 5
46 10
46 14
46 15
46 17
46 18
46 21
46 23
46 25
46 30
46 31
46 33
46 35
46 38
46 39
46 42
46 44
46 45
46 47
46 48
46 50
46 51
46 53
46 54
46 56
46 58
46 61
46 62
46 63
46 67
46 71
46 72
46 73
46 74
46 75
47 15
47 16
47 20
47 24
47 27
47 28
47 29
47 30
47 31
47 33
47 34
47 35
47 36
47 44
47 45
47 46
47 48
47 50
47 55
47 56
47 59
47 60
47 61
47 62
47 63
47 64
47 65
47 70
47 72
47 75
48 3
48 6
48 7
48 15
48 21
48 23
48 24
48 28
48 29
48 30
48 31
48 34
48 36
48 39
48 44
48 45
48 46
48 47
48 50
48 51
48 55
48 59
48 63
48 64
48 67
48 71
48 72
48 74
48 75
49 2
49 4
49 5
49 6
49 9
49 10
49 11
49 12
49 16
49 22
49 25
49 26
49 29
49 33
49 34
49 35
49 36
49 39
49 41
49 52
49 53
49 54
49 59
49 63
49 68
49 70
50 3
50 7
50 14
50 15
50 16
50 21
50 24
50 28
50 31
50 34
50 36
50 43
50 45
50 46
50 47
50 48
50 52
50 53
50 57
50 60
50 66
50 70
50 72
50 74
51 1
51 6
51 9
51 13
51 14
51 15
51 16
51 19
51 20
51 21
51 22
51 32
51 38
51 40
51 43
51 46
51 48
51 52
51 54
51 56
51 59
51 61
51 63
52 1
52 3
52 7
52 9
52 10
52 16
52 23
52 24
52 25
52 26
52 28
52 29
52 30
52 40
52 41
52 43
52 44
52 45
52 49
52 50
52 51
52 53
52 55
52 56
52 61
52 63
52 67
52 71
52 72
52 75
53 4
53 6
53 7
53 8
53 9
53 12
53 17
53 18
53 20
53 22
53 25
53 27
53 28
53 32
53 33
53 35
53 36
53 39
53 40
53 42
53 43
53 45
53 46
53 49
53 50
53 52
53 54
53 55
53 56
53 57
53 59
53 61
53 66
53 70
53 71
53 74
54 1
54 4
54 5
54 9
54 12
54 14
54 19
54 20
54 23
54 24
54 25
54 28
54 29
54 31
54 36
54 38
54 40
54 41
54 43
54 44
54 46
54 49
54 51
54 53
54 55
54 59
54 62
54 65
54 66
54 67
54 69
54 73
55 1
55 2
55 6
55 9
55 13
55 14
55 18
55 19
55 21
55 22
55 23
55 24
55 25
55 28
55 30
55 31
55 32
55 33
55 34
55 35
55 36
55 43
55 45
55 47
55 48
55 52
55 53
55 54
55 56
55 57
55 58
55 59
55 61
55 62
55 64
55 65
55 66
55 67
55 70
55 74
55 75
56 1
56 2
56 6
56 7
56 10
56 16
56 17
56 31
56 34
56 36
56 38
56 43
56 45
56 46
56 47
56 51
56 52
56 53
56 55
56 57
56 58
56 59
56 60
56 66
56 68
56 69
56 71
56 72
56 74
57 2
57 3
57 4
57 8
57 12
57 13
57 16
57 19
57 23
57 27
57 29
57 30
57 31
57 38
57 39
57 40
57 42
57 43
57 50
57 53
57 55
57 56
57 60
57 62
57 63
57 66
57 67
57 68
57 69
57 70
58 4
58 6
58 8
58 9
58 11
58 14
58 18
58 26
58 27
58 28
58 29
58 31
58 33
58 34
58 38
58 40
58 46
58 55
58 56
58 63
58 64
58 67
58 68
58 71
58 75
59 2
59 3
59 4
59 8
59 9
59 11
59 12
59 13
59 17
59 22
59 24
59 28
59 31
59 37
59 38
59 42
59 43
59 44
59 47
59 48
59 49
59 51
59 53
59 54
59 55
59 56
59 61
59 62
59 66
59 70
59 71
60 1
60 2
60 4
60 11
60 13
60 14
60 17
60 20
60 22
60 25
60 26
60 27
60 29
60 30
60 31
60 37
60 42
60 44
60 47
60 50
60 56
60 57
60 61
60 62
60 66
60 69
60 70
60 72
60 74
61 3
61 7
61 14
61 17
61 18
61 27
61 35
61 37
61 38
61 40
61 41
61 43
61 44
61 45
61 46
61 47
61 51
61 52
61 53
61 55
61 59
61 60
61 64
61 65
61 66
61 68
61 69
61 70
61 71
61 74
61 75
62 1
62 2
62 3
62 4
62 5
62 6
62 7
62 10
62 11
62 14
62 15
62 16
62 17
62 20
62 28
62 31
62 32
62 33
62 38
62 40
62 41
62 46
62 47
62 54
62 55
62 57
62 59
62 60
62 63
62 68
62 71
62 73
62 75
63 3
63 4
63 7
63 8
63 9
63 10
63 18
63 25
63 26
63 27
63 29
63 30
63 31
63 33
63 36
63 37
63 40
63 41
63 44
63 45
63 46
63 47
63 48
63 49
63 51
63 52
63 57
63 58
63 62
63 64
63 68
63 69
63 73
63 74
64 4
64 5
64 6
64 7
64 11
64 15
64 18
64 24
64 26
64 27
64 28
64 29
64 31
64 33
64 34
64 35
64 37
64 39
64 47
64 48
64 55
64 58
64 61
64 63
64 66
64 70
64 71
64 72
64 74
65 1
65 2
65 3
65 6
65 7
65 12
65 13
65 14
65 15
65 16
65 19
65 20
65 25
65 26
65 27
65 28
65 29
65 30
65 31
65 32
65 33
65 34
65 35
65 38
65 40
65 47
65 54
65 55
65 61
65 67
65 71
65 74
66 3
66 7
66 8
66 9
66 14
66 16
66 18
66 21
66 22
66 24
66 30
66 31
66 32
66 36
66 40
66 44
66 50
66 53
66 54
66 55
66 56
66 57
66 59
66 60
66 61
66 64
66 68
66 69
66 70
66 72
66 74
67 3
67 4
67 5
67 7
67 10
67 17
67 18
67 23
67 24
67 31
67 32
67 34
67 37
67 39
67 40
67 41
67 42
67 46
67 48
67 52
67 54
67 55
67 57
67 58
67 65
67 69
67 71
67 72
67 74
68 2
68 7
68 8
68 9
68 12
68 15
68 18
68 20
68 23
68 24
68 25
68 27
68 28
68 32
68 33
68 39
68 41
68 43
68 44
68 45
68 49
68 56
68 57
68 58
68 61
68 62
68 63
68 66
68 74
69 1
69 3
69 10
69 11
69 14
69 17
69 19
69 22
69 24
69 29
69 31
69 39
69 40
69 41
69 43
69 54
69 56
69 57
69 60
69 61
69 63
69 66
69 67
69 72
70 1
70 7
70 9
70 13
70 14
70 15
70 24
70 25
70 28
70 29
70 30
70 31
70 36
70 45
70 47
70 49
70 50
70 53
70 55
70 57
70 59
70 60
70 61
70 64
70 66
70 72
70 74
71 2
71 3
71 4
71 7
71 12
71 13
71 16
71 20
71 22
71 23
71 25
71 32
71 39
71 42
71 43
71 46
71 48
71 52
71 53
71 56
71 58
71 59
71 61
71 62
71 64
71 65
71 67
71 74
72 5
72 6
72 8
72 9
72 10
72 12
72 15
72 16
72 18
72 23
72 26
72 28
72 29
72 31
72 33
72 34
72 35
72 36
72 37
72 42
72 43
72 46
72 47
72 48
72 50
72 52
72 56
72 60
72 64
72 66
72 67
72 69
72 70
73 8
73 9
73 10
73 11
73 12
73 14
73 18
73 21
73 22
73 28
73 30
73 34
73 35
73 40
73 42
73 45
73 46
73 54
73 62
73 63
73 75
74 1
74 5
74 6
74 7
74 10
74 11
74 14
74 15
74 16
74 21
74 23
74 30
74 31
74 35
74 39
74 40
74 45
74 46
74 48
74 50
74 53
74 55
74 56
74 60
74 61
74 63
74 64
74 65
74 66
74 67
74 68
74 70
74 71
74 75
75 2
75 3
75 6
75 9
75 10
75 14
75 19
75 22
75 23
75 31
75 32
75 33
75 36
75 37
75 43
75 44
75 46
75 47
75 48
75 52
75 55
75 58
75 61
75 62
75 73
75 74
