75
1 2
1 5
1 6
1 10
1 11
1 16
1 23
1 26
1 27
1 30
1 32
1 33
1 34
1 37
1 39
1 40
1 41
1 42
1 43
1 47
1 48
1 52
1 53
1 57
1 58
1 60
1 61
1 63
1 69
1 70
1 72
2 1
2 6
2 9
2 10
2 20
2 22
2 23
2 25
2 29
2 36
2 38
2 40
2 41
2 43
2 47
2 53
2 55
2 56
2 58
2 60
2 61
2 62
2 63
2 64
2 69
2 72
2 75
3 4
3 6
3 8
3 10
3 11
3 17
3 20
3 21
3 24
3 28
3 30
3 31
3 35
3 37
3 38
3 40
3 42
3 45
3 46
3 48
3 50
3 51
3 54
3 55
3 56
3 60
3 61
3 62
3 66
3 68
3 69
3 71
3 74
3 75
4 3
4 7
4 10
4 12
4 13
4 14
4 18
4 20
4 21
4 23
4 24
4 27
4 34
4 38
4 39
4 40
4 42
4 43
4 44
4 49
4 52
4 55
4 60
4 61
4 66
4 67
4 68
4 69
4 71
4 75
5 1
5 6
5 8
5 10
5 12
5 14
5 20
5 21
5 22
5 26
5 28
5 35
5 36
5 41
5 46
5 47
5 49
5 52
5 58
5 59
5 65
5 66
5 67
5 68
5 69
5 72
6 1
6 2
6 3
6 5
6 8
6 9
6 10
6 12
6 13
6 14
6 20
6 21
6 22
6 23
6 34
6 36
6 39
6 40
6 44
6 48
6 50
6 51
6 52
6 54
6 55
6 57
6 62
6 65
6 66
6 67
6 68
6 70
6 72
6 74
6 75
7 4
7 9
7 10
7 11
7 14
7 16
7 17
7 19
7 20
7 24
7 28
7 29
7 35
7 42
7 45
7 46
7 49
7 55
7 56
7 62
7 63
7 64
7 65
7 66
7 67
7 72
8 3
8 5
8 6
8 13
8 16
8 18
8 25
8 28
8 29
8 31
8 32
8 33
8 42
8 43
8 44
8 45
8 47
8 53
8 54
8 60
8 63
8 64
8 65
8 67
8 69
8 70
8 72
8 73
8 74
8 75
9 2
9 6
9 7
9 14
9 18
9 19
9 20
9 21
9 22
9 29
9 33
9 36
9 38
9 40
9 41
9 43
9 48
9 49
9 51
9 56
9 61
9 64
9 66
9 67
9 68
9 70
9 71
9 72
10 1
10 2
10 3
10 4
10 5
10 6
10 7
10 11
10 18
10 26
10 27
10 30
10 31
10 32
10 35
10 36
10 38
10 39
10 40
10 41
10 42
10 43
10 44
10 45
10 50
10 52
10 54
10 55
10 56
10 57
10 64
10 67
10 70
10 72
10 74
11 1
11 3
11 7
11 10
11 12
11 15
11 16
11 17
11 24
11 30
11 33
11 38
11 39
11 40
11 42
11 46
11 48
11 53
11 60
11 64
11 66
11 71
11 73
11 74
12 4
12 5
12 6
12 11
12 14
12 20
12 22
12 23
12 25
12 26
12 27
12 28
12 30
12 32
12 37
12 39
12 42
12 44
12 47
12 49
12 50
12 54
12 56
12 60
12 61
12 65
12 68
12 70
12 71
12 72
12 73
13 4
13 6
13 8
13 14
13 15
13 16
13 18
13 21
13 26
13 27
13 28
13 32
13 33
13 36
13 40
13 49
13 54
13 56
13 57
13 60
13 61
13 62
13 63
13 65
13 67
13 68
13 71
14 4
14 5
14 6
14 7
14 9
14 12
14 13
14 15
14 18
14 20
14 23
14 27
14 29
14 32
14 41
14 42
14 45
14 46
14 52
14 54
14 55
14 56
14 59
14 61
14 63
14 66
14 67
14 68
14 73
14 75
15 11
15 13
15 14
15 23
15 27
15 30
15 32
15 38
15 42
15 44
15 49
15 52
15 54
15 58
15 59
15 60
15 63
15 64
15 68
15 70
15 73
15 74
15 75
16 1
16 7
16 8
16 11
16 13
16 20
16 24
16 27
16 28
16 30
16 31
16 32
16 34
16 37
16 41
16 43
16 46
16 47
16 48
16 51
16 52
16 56
16 59
16 60
16 61
16 65
16 68
16 69
16 70
16 73
16 75
17 3
17 7
17 11
17 20
17 22
17 25
17 26
17 27
17 30
17 38
17 44
17 49
17 51
17 53
17 54
17 57
17 58
17 60
17 61
17 62
17 65
17 66
17 69
17 70
17 71
17 73
17 74
17 75
18 4
18 8
18 9
18 10
18 13
18 14
18 20
18 21
18 22
18 24
18 27
18 28
18 30
18 31
18 32
18 33
18 34
18 37
18 39
18 43
18 48
18 49
18 50
18 51
18 53
18 54
18 55
18 60
18 64
18 65
18 72
18 73
18 74
18 75
19 7
19 9
19 21
19 24
19 25
19 27
19 28
19 29
19 30
19 32
19 33
19 34
19 35
19 37
19 38
19 39
19 42
19 43
19 50
19 51
19 54
19 55
19 64
19 66
19 67
19 70
19 71
19 74
20 2
20 3
20 4
20 5
20 6
20 7
20 9
20 12
20 14
20 16
20 17
20 18
20 21
20 22
20 23
20 31
20 33
20 34
20 37
20 39
20 46
20 50
20 52
20 54
20 55
20 57
20 63
20 64
20 65
20 67
20 68
20 69
20 70
20 75
21 3
21 4
21 5
21 6
21 9
21 13
21 18
21 19
21 20
21 22
21 23
21 24
21 27
21 31
21 33
21 34
21 35
21 39
21 46
21 48
21 50
21 51
21 52
21 54
21 55
21 56
21 57
21 60
21 63
21 66
21 69
21 70
21 74
22 2
22 5
22 6
22 9
22 12
22 17
22 18
22 20
22 21
22 24
22 27
22 30
22 31
22 32
22 33
22 35
22 37
22 40
22 42
22 44
22 46
22 47
22 51
22 53
22 54
22 64
22 68
22 72
22 73
22 74
23 1
23 2
23 4
23 6
23 12
23 14
23 15
23 20
23 21
23 24
23 28
23 29
23 32
23 34
23 35
23 36
23 40
23 43
23 45
23 47
23 50
23 52
23 54
23 55
23 57
23 58
23 60
23 64
23 67
23 68
23 69
23 71
23 72
24 3
24 4
24 7
24 11
24 16
24 18
24 19
24 21
24 22
24 23
24 31
24 34
24 35
24 37
24 40
24 41
24 42
24 44
24 46
24 47
24 49
24 53
24 54
24 55
24 58
24 59
24 60
24 61
24 64
24 65
24 66
24 70
24 73
24 74
25 2
25 8
25 12
25 17
25 19
25 29
25 33
25 36
25 48
25 49
25 50
25 51
25 53
25 55
25 56
25 58
25 59
25 60
25 64
25 67
25 73
25 74
26 1
26 5
26 10
26 12
26 13
26 17
26 30
26 31
26 32
26 33
26 35
26 36
26 39
26 42
26 43
26 44
26 47
26 52
26 55
26 56
26 57
26 58
26 62
26 67
26 73
27 1
27 4
27 10
27 12
27 13
27 14
27 15
27 16
27 17
27 18
27 19
27 21
27 22
27 29
27 30
27 33
27 37
27 39
27 42
27 43
27 44
27 53
27 56
27 57
27 63
27 66
27 67
27 71
28 3
28 5
28 7
28 8
28 12
28 13
28 16
28 18
28 19
28 23
28 34
28 37
28 43
28 44
28 49
28 50
28 51
28 53
28 57
28 61
28 63
28 64
28 66
28 71
28 73
28 75
29 2
29 7
29 8
29 9
29 14
29 19
29 23
29 25
29 27
29 32
29 33
29 35
29 43
29 49
29 50
29 51
29 52
29 55
29 57
29 58
29 63
29 64
29 66
29 70
29 73
30 1
30 3
30 10
30 11
30 12
30 15
30 16
30 17
30 18
30 19
30 22
30 26
30 27
30 35
30 44
30 45
30 51
30 55
30 58
30 59
30 61
30 62
30 63
30 65
30 66
30 67
30 73
30 74
31 3
31 8
31 10
31 16
31 18
31 20
31 21
31 22
31 24
31 26
31 34
31 36
31 38
31 40
31 41
31 43
31 44
31 46
31 47
31 50
31 51
31 52
31 53
31 54
31 57
31 63
31 65
31 66
31 67
31 72
31 73
31 74
32 1
32 8
32 10
32 12
32 13
32 14
32 15
32 16
32 18
32 19
32 22
32 23
32 26
32 29
32 34
32 36
32 39
32 43
32 47
32 49
32 50
32 57
32 58
32 63
32 67
32 68
32 69
32 70
32 71
32 73
32 75
33 1
33 8
33 9
33 11
33 13
33 18
33 19
33 20
33 21
33 22
33 25
33 26
33 27
33 29
33 35
33 36
33 42
33 49
33 50
33 51
33 61
33 65
33 69
33 72
33 73
34 1
34 4
34 6
34 16
34 18
34 19
34 20
34 21
34 23
34 24
34 28
34 31
34 32
34 42
34 44
34 45
34 46
34 48
34 49
34 56
34 62
34 63
34 64
34 70
34 75
35 3
35 5
35 7
35 10
35 19
35 21
35 22
35 23
35 24
35 26
35 29
35 30
35 33
35 36
35 44
35 47
35 55
35 57
35 59
35 61
35 62
35 65
35 66
35 68
35 73
35 75
36 2
36 5
36 6
36 9
36 10
36 13
36 23
36 25
36 26
36 31
36 32
36 33
36 35
36 46
36 47
36 48
36 49
36 57
36 60
36 64
36 70
36 72
36 75
37 1
37 3
37 12
37 16
37 18
37 19
37 20
37 22
37 24
37 27
37 28
37 38
37 43
37 44
37 45
37 47
37 52
37 53
37 54
37 57
37 58
37 64
37 67
37 68
37 71
38 2
38 3
38 4
38 9
38 10
38 11
38 15
38 17
38 19
38 31
38 37
38 42
38 44
38 53
38 55
38 57
38 61
38 63
38 64
38 65
38 68
38 70
38 71
38 72
38 75
39 1
39 4
39 6
39 10
39 11
39 12
39 18
39 19
39 20
39 21
39 26
39 27
39 32
39 40
39 44
39 45
39 46
39 49
39 51
39 52
39 54
39 55
39 56
39 63
39 64
39 65
39 71
39 72
39 73
40 1
40 2
40 3
40 4
40 6
40 9
40 10
40 11
40 13
40 22
40 23
40 24
40 31
40 39
40 42
40 43
40 44
40 45
40 46
40 51
40 52
40 54
40 57
40 58
40 59
40 60
40 65
40 67
40 68
40 69
40 71
40 72
40 73
40 74
41 1
41 2
41 5
41 9
41 10
41 14
41 16
41 24
41 31
41 42
41 45
41 46
41 50
41 58
41 61
41 62
41 64
41 65
41 67
41 68
41 72
41 73
42 1
42 3
42 4
42 7
42 8
42 10
42 11
42 12
42 14
42 15
42 19
42 22
42 24
42 26
42 27
42 33
42 34
42 38
42 40
42 41
42 44
42 45
42 46
42 47
42 50
42 52
42 53
42 54
42 55
42 61
42 63
42 66
42 67
42 68
42 70
42 71
43 1
43 2
43 4
43 8
43 9
43 10
43 16
43 18
43 19
43 23
43 26
43 27
43 28
43 29
43 31
43 32
43 37
43 40
43 47
43 52
43 53
43 55
43 59
43 66
43 67
43 70
43 71
43 73
44 4
44 6
44 8
44 10
44 12
44 15
44 17
44 22
44 24
44 26
44 27
44 28
44 30
44 31
44 34
44 35
44 37
44 38
44 39
44 40
44 42
44 46
44 47
44 50
44 52
44 53
44 57
44 60
44 63
44 66
44 67
44 69
44 70
44 71
44 72
44 73
44 74
45 3
45 7
45 8
45 10
45 14
45 23
45 30
45 34
45 37
45 39
45 40
45 41
45 42
45 49
45 51
45 52
45 54
45 56
45 57
45 59
45 62
45 65
45 68
45 70
45 73
45 74
45 75
46 3
46 5
46 7
46 11
46 14
46 16
46 20
46 21
46 22
46 24
46 31
46 34
46 36
46 39
46 40
46 41
46 42
46 44
46 47
46 51
46 52
46 57
46 58
46 62
46 64
47 1
47 2
47 5
47 8
47 12
47 16
47 22
47 23
47 24
47 26
47 31
47 32
47 35
47 36
47 37
47 42
47 43
47 44
47 46
47 48
47 50
47 54
47 59
47 67
47 68
47 73
48 1
48 3
48 6
48 9
48 11
48 16
48 18
48 21
48 25
48 34
48 36
48 47
48 59
48 61
48 62
48 63
48 66
48 73
48 74
49 4
49 5
49 7
49 9
49 12
49 13
49 15
49 17
49 18
49 24
49 25
49 28
49 29
49 32
49 33
49 34
49 36
49 39
49 45
49 50
49 57
49 60
49 62
49 65
49 67
49 68
49 74
50 3
50 6
50 10
50 12
50 18
50 19
50 20
50 21
50 23
50 25
50 28
50 29
50 31
50 32
50 33
50 41
50 42
50 44
50 47
50 49
50 56
50 58
50 59
50 60
50 61
50 62
50 63
50 65
50 67
50 69
50 70
50 72
50 73
50 75
51 3
51 6
51 9
51 16
51 17
51 18
51 19
51 21
51 22
51 25
51 28
51 29
51 30
51 31
51 33
51 39
51 40
51 45
51 46
51 54
51 55
51 56
51 58
51 60
51 61
51 64
51 65
51 69
51 70
51 74
51 75
52 1
52 4
52 5
52 6
52 10
52 14
52 15
52 16
52 20
52 21
52 23
52 26
52 29
52 31
52 37
52 39
52 40
52 42
52 43
52 44
52 45
52 46
52 54
52 55
52 56
52 57
52 58
52 59
52 60
52 62
52 63
52 66
52 70
52 71
53 1
53 2
53 8
53 11
53 17
53 18
53 22
53 24
53 25
53 27
53 28
53 31
53 37
53 38
53 42
53 43
53 44
53 54
53 57
53 58
53 63
53 65
53 68
53 69
53 70
53 74
53 75
54 3
54 6
54 8
54 10
54 12
54 13
54 14
54 15
54 17
54 18
54 19
54 20
54 21
54 22
54 23
54 24
54 31
54 37
54 39
54 40
54 42
54 45
54 47
54 51
54 52
54 53
54 56
54 57
54 58
54 60
54 61
54 63
54 68
54 73
54 75
55 2
55 3
55 4
55 6
55 7
55 10
55 14
55 18
55 19
55 20
55 21
55 23
55 24
55 25
55 26
55 29
55 30
55 35
55 38
55 39
55 42
55 43
55 51
55 52
55 56
55 61
55 63
55 65
55 66
55 75
56 2
56 3
56 7
56 9
56 10
56 12
56 13
56 14
56 16
56 21
56 25
56 26
56 27
56 34
56 39
56 45
56 50
56 51
56 52
56 54
56 55
56 57
56 59
56 60
56 73
56 74
56 75
57 1
57 6
57 10
57 13
57 17
57 20
57 21
57 23
57 26
57 27
57 28
57 29
57 31
57 32
57 35
57 36
57 37
57 38
57 40
57 44
57 45
57 46
57 49
57 52
57 53
57 54
57 56
57 59
57 60
57 62
57 64
57 65
57 68
57 72
57 73
57 74
58 1
58 2
58 5
58 15
58 17
58 23
58 24
58 25
58 26
58 29
58 30
58 32
58 37
58 40
58 41
58 46
58 50
58 51
58 52
58 53
58 54
58 60
58 61
58 71
58 72
59 5
59 14
59 15
59 16
59 24
59 25
59 30
59 35
59 40
59 43
59 45
59 47
59 48
59 50
59 52
59 56
59 57
59 62
59 64
59 66
59 67
59 70
59 71
59 74
60 1
60 2
60 3
60 4
60 8
60 11
60 12
60 13
60 15
60 16
60 17
60 18
60 21
60 23
60 24
60 25
60 36
60 40
60 44
60 49
60 50
60 51
60 52
60 54
60 56
60 57
60 58
60 62
60 67
60 72
60 75
61 1
61 2
61 3
61 4
61 9
61 12
61 13
61 14
61 16
61 17
61 24
61 28
61 30
61 33
61 35
61 38
61 41
61 42
61 48
61 50
61 51
61 54
61 55
61 58
61 63
61 69
61 70
61 74
62 2
62 3
62 6
62 7
62 13
62 17
62 26
62 30
62 34
62 35
62 41
62 45
62 46
62 48
62 49
62 50
62 52
62 57
62 59
62 60
62 64
62 67
62 70
62 71
62 73
62 75
63 1
63 2
63 7
63 8
63 13
63 14
63 15
63 20
63 21
63 27
63 28
63 29
63 30
63 31
63 32
63 34
63 38
63 39
63 42
63 44
63 48
63 50
63 52
63 53
63 54
63 55
63 61
63 64
63 65
63 68
63 72
64 2
64 7
64 8
64 9
64 10
64 11
64 15
64 18
64 19
64 20
64 22
64 23
64 24
64 25
64 28
64 29
64 34
64 36
64 37
64 38
64 39
64 41
64 46
64 51
64 57
64 59
64 62
64 63
64 71
64 74
64 75
65 5
65 6
65 7
65 8
65 12
65 13
65 16
65 17
65 18
65 20
65 24
65 30
65 31
65 33
65 35
65 38
65 39
65 40
65 41
65 45
65 49
65 50
65 51
65 53
65 55
65 57
65 63
65 68
65 69
65 70
65 75
66 3
66 4
66 5
66 6
66 7
66 9
66 11
66 14
66 17
66 19
66 21
66 24
66 27
66 28
66 29
66 30
66 31
66 35
66 42
66 43
66 44
66 48
66 52
66 55
66 59
66 67
66 70
67 4
67 5
67 6
67 7
67 8
67 9
67 10
67 13
67 14
67 19
67 20
67 23
67 25
67 26
67 27
67 30
67 31
67 32
67 37
67 40
67 41
67 42
67 43
67 44
67 47
67 49
67 50
67 59
67 60
67 62
67 66
67 73
68 3
68 4
68 5
68 6
68 9
68 12
68 13
68 14
68 15
68 16
68 20
68 22
68 23
68 32
68 35
68 37
68 38
68 40
68 41
68 42
68 45
68 47
68 49
68 53
68 54
68 57
68 63
68 65
68 69
69 1
69 2
69 3
69 4
69 5
69 8
69 16
69 17
69 20
69 21
69 23
69 32
69 33
69 40
69 44
69 50
69 51
69 53
69 61
69 65
69 68
69 73
69 74
69 75
70 1
70 6
70 8
70 9
70 10
70 12
70 15
70 16
70 17
70 19
70 20
70 21
70 24
70 29
70 32
70 34
70 36
70 38
70 42
70 43
70 44
70 45
70 50
70 51
70 52
70 53
70 59
70 61
70 62
70 65
70 66
70 72
70 75
71 3
71 4
71 9
71 11
71 12
71 13
71 17
71 19
71 23
71 27
71 28
71 32
71 37
71 38
71 39
71 40
71 42
71 43
71 44
71 52
71 58
71 59
71 62
71 64
71 72
71 73
72 1
72 2
72 5
72 6
72 7
72 8
72 9
72 10
72 12
72 18
72 22
72 23
72 31
72 33
72 36
72 38
72 39
72 40
72 41
72 44
72 50
72 57
72 58
72 60
72 63
72 70
72 71
72 73
73 8
73 11
73 12
73 14
73 15
73 16
73 17
73 18
73 22
73 24
73 25
73 26
73 28
73 29
73 30
73 31
73 32
73 33
73 35
73 39
73 40
73 41
73 43
73 44
73 45
73 47
73 48
73 50
73 54
73 56
73 57
73 62
73 67
73 69
73 71
73 72
73 74
74 3
74 6
74 8
74 10
74 11
74 15
74 17
74 18
74 19
74 21
74 22
74 24
74 25
74 30
74 31
74 40
74 44
74 45
74 48
74 49
74 51
74 53
74 56
74 57
74 59
74 61
74 64
74 69
74 73
74 75
75 2
75 3
75 4
75 6
75 8
75 14
75 15
75 16
75 17
75 18
75 20
75 28
75 32
75 34
75 35
75 36
75 38
75 45
75 50
75 51
75 53
75 54
75 55
75 56
75 60
75 62
75 64
75 65
75 69
75 70
75 74
