75
1 2
1 3
1 4
1 5
1 6
1 7
1 9
1 10
1 11
1 12
1 13
1 14
1 15
1 16
1 17
1 19
1 20
1 21
1 22
1 23
1 24
1 26
1 27
1 34
1 35
1 36
1 37
1 38
1 41
1 42
1 43
1 45
1 46
1 47
1 48
1 49
1 50
1 51
1 52
1 57
1 64
1 68
1 74
1 75
2 1
2 5
2 6
2 14
2 15
2 18
2 19
2 21
2 22
2 23
2 25
2 27
2 28
2 29
2 32
2 33
2 37
2 38
2 39
2 40
2 41
2 43
2 45
2 48
2 49
2 50
2 51
2 52
2 56
2 57
2 61
2 62
2 63
2 64
2 65
2 66
2 67
2 69
2 70
2 73
2 74
2 75
3 1
3 4
3 5
3 7
3 8
3 10
3 13
3 14
3 21
3 22
3 23
3 24
3 25
3 27
3 28
3 30
3 32
3 34
3 36
3 37
3 39
3 41
3 43
3 44
3 47
3 49
3 50
3 51
3 52
3 54
3 55
3 56
3 57
3 59
3 60
3 61
3 62
3 64
3 65
3 66
3 67
3 68
3 69
3 71
3 73
3 75
4 1
4 3
4 5
4 6
4 7
4 8
4 9
4 10
4 11
4 12
4 15
4 17
4 18
4 19
4 21
4 23
4 24
4 25
4 26
4 29
4 31
4 32
4 34
4 36
4 37
4 38
4 39
4 41
4 42
4 43
4 45
4 47
4 49
4 52
4 53
4 54
4 55
4 57
4 59
4 61
4 63
4 64
4 65
4 67
4 68
4 69
4 70
4 71
4 72
4 73
4 74
5 1
5 2
5 3
5 4
5 6
5 7
5 11
5 13
5 14
5 15
5 18
5 19
5 20
5 21
5 23
5 26
5 30
5 31
5 32
5 33
5 34
5 37
5 38
5 39
5 40
5 41
5 42
5 43
5 44
5 45
5 46
5 53
5 55
5 57
5 58
5 60
5 62
5 63
5 64
5 66
5 67
5 68
5 69
5 70
5 71
5 73
5 74
5 75
6 1
6 2
6 4
6 5
6 8
6 11
6 14
6 15
6 16
6 17
6 18
6 19
6 20
6 21
6 22
6 24
6 25
6 27
6 30
6 32
6 33
6 34
6 35
6 38
6 39
6 40
6 41
6 42
6 43
6 45
6 46
6 47
6 49
6 50
6 51
6 52
6 53
6 56
6 57
6 58
6 61
6 62
6 64
6 65
6 67
6 70
6 71
6 72
6 73
6 74
7 1
7 3
7 4
7 5
7 9
7 10
7 11
7 12
7 13
7 14
7 19
7 23
7 24
7 26
7 27
7 29
7 30
7 32
7 36
7 37
7 38
7 39
7 40
7 41
7 42
7 45
7 47
7 50
7 52
7 53
7 55
7 60
7 61
7 62
7 63
7 65
7 66
7 70
7 73
7 74
7 75
8 3
8 4
8 6
8 14
8 16
8 18
8 19
8 20
8 21
8 23
8 24
8 25
8 26
8 28
8 30
8 31
8 32
8 34
8 35
8 37
8 38
8 39
8 40
8 42
8 43
8 44
8 45
8 48
8 49
8 51
8 53
8 55
8 56
8 58
8 59
8 61
8 62
8 63
8 64
8 65
8 67
8 68
8 69
8 70
8 71
8 72
8 74
9 1
9 4
9 7
9 13
9 16
9 17
9 19
9 21
9 22
9 25
9 28
9 30
9 32
9 33
9 34
9 35
9 36
9 39
9 40
9 42
9 43
9 48
9 50
9 51
9 53
9 54
9 56
9 57
9 58
9 59
9 60
9 63
9 64
9 65
9 68
9 71
9 72
9 73
9 74
9 75
10 1
10 3
10 4
10 7
10 11
10 16
10 18
10 19
10 20
10 21
10 23
10 25
10 28
10 29
10 30
10 31
10 32
10 34
10 35
10 37
10 38
10 41
10 42
10 43
10 46
10 50
10 51
10 52
10 53
10 56
10 58
10 59
10 61
10 64
10 65
10 67
10 68
10 69
10 71
10 72
10 75
11 1
11 4
11 5
11 6
11 7
11 10
11 12
11 13
11 14
11 16
11 18
11 19
11 25
11 30
11 31
11 32
11 33
11 40
11 41
11 42
11 44
11 45
11 47
11 48
11 49
11 50
11 51
11 52
11 53
11 54
11 55
11 56
11 58
11 59
11 61
11 62
11 64
11 65
11 66
11 68
11 71
11 72
11 74
12 1
12 4
12 7
12 11
12 13
12 18
12 19
12 20
12 21
12 22
12 23
12 24
12 25
12 27
12 29
12 34
12 35
12 37
12 39
12 41
12 42
12 43
12 45
12 46
12 48
12 49
12 51
12 53
12 54
12 59
12 61
12 62
12 64
12 65
12 67
12 68
12 69
12 71
12 72
12 73
12 74
12 75
13 1
13 3
13 5
13 7
13 9
13 11
13 12
13 15
13 17
13 18
13 19
13 21
13 23
13 27
13 28
13 29
13 30
13 31
13 32
13 34
13 36
13 38
13 39
13 40
13 42
13 43
13 45
13 46
13 49
13 50
13 51
13 52
13 53
13 54
13 55
13 56
13 59
13 61
13 62
13 63
13 66
13 70
13 71
13 73
13 74
14 1
14 2
14 3
14 5
14 6
14 7
14 8
14 11
14 17
14 19
14 22
14 26
14 28
14 29
14 30
14 33
14 35
14 36
14 37
14 38
14 40
14 42
14 46
14 47
14 49
14 50
14 52
14 54
14 57
14 59
14 64
14 65
14 66
14 68
14 69
14 71
14 73
14 74
14 75
15 1
15 2
15 4
15 5
15 6
15 13
15 16
15 17
15 18
15 19
15 20
15 23
15 24
15 25
15 27
15 29
15 31
15 32
15 33
15 34
15 37
15 39
15 44
15 45
15 49
15 51
15 53
15 55
15 57
15 59
15 64
15 66
15 68
15 69
15 71
15 75
16 1
16 6
16 8
16 9
16 10
16 11
16 15
16 17
16 18
16 19
16 20
16 22
16 23
16 24
16 25
16 26
16 28
16 32
16 34
16 35
16 36
16 37
16 38
16 39
16 40
16 41
16 43
16 44
16 45
16 46
16 47
16 48
16 49
16 51
16 52
16 54
16 55
16 56
16 57
16 58
16 59
16 66
16 68
16 73
16 74
16 75
17 1
17 4
17 6
17 9
17 13
17 14
17 15
17 16
17 18
17 19
17 21
17 22
17 23
17 25
17 26
17 27
17 30
17 31
17 34
17 35
17 36
17 37
17 38
17 40
17 41
17 43
17 44
17 46
17 47
17 50
17 51
17 53
17 56
17 60
17 61
17 62
17 63
17 64
17 65
17 67
17 68
17 69
17 70
17 71
17 73
17 75
18 2
18 4
18 5
18 6
18 8
18 10
18 11
18 12
18 13
18 15
18 16
18 17
18 19
18 25
18 26
18 27
18 29
18 30
18 32
18 33
18 37
18 38
18 42
18 43
18 44
18 47
18 49
18 53
18 54
18 55
18 56
18 58
18 60
18 61
18 63
18 64
18 65
18 66
18 67
18 75
19 1
19 2
19 4
19 5
19 6
19 7
19 8
19 9
19 10
19 11
19 12
19 13
19 14
19 15
19 16
19 17
19 18
19 20
19 21
19 22
19 25
19 27
19 29
19 30
19 33
19 35
19 36
19 37
19 39
19 40
19 41
19 42
19 43
19 44
19 45
19 46
19 47
19 48
19 49
19 50
19 52
19 53
19 54
19 55
19 56
19 59
19 60
19 64
19 66
19 69
19 70
19 72
19 73
19 75
20 1
20 5
20 6
20 8
20 10
20 12
20 15
20 16
20 19
20 23
20 24
20 25
20 27
20 28
20 33
20 34
20 35
20 37
20 38
20 41
20 44
20 45
20 46
20 47
20 48
20 49
20 50
20 51
20 52
20 53
20 54
20 56
20 57
20 59
20 65
20 68
20 69
20 70
20 73
20 74
21 1
21 2
21 3
21 4
21 5
21 6
21 8
21 9
21 10
21 12
21 13
21 17
21 19
21 25
21 26
21 27
21 28
21 31
21 32
21 33
21 34
21 36
21 37
21 39
21 40
21 42
21 43
21 44
21 45
21 46
21 51
21 52
21 55
21 58
21 59
21 60
21 62
21 67
21 68
21 69
21 70
21 71
21 73
21 74
21 75
22 1
22 2
22 3
22 6
22 9
22 12
22 14
22 16
22 17
22 19
22 23
22 24
22 27
22 28
22 29
22 30
22 31
22 32
22 33
22 38
22 39
22 40
22 42
22 43
22 44
22 45
22 46
22 47
22 51
22 52
22 57
22 58
22 59
22 60
22 61
22 62
22 63
22 64
22 67
22 69
22 71
22 72
22 73
22 74
22 75
23 1
23 2
23 3
23 4
23 5
23 7
23 8
23 10
23 12
23 13
23 15
23 16
23 17
23 20
23 22
23 24
23 25
23 26
23 28
23 30
23 31
23 32
23 33
23 36
23 37
23 38
23 39
23 40
23 42
23 43
23 46
23 48
23 50
23 52
23 54
23 55
23 56
23 58
23 59
23 60
23 61
23 62
23 66
23 67
23 69
23 73
23 74
23 75
24 1
24 3
24 4
24 6
24 7
24 8
24 12
24 15
24 16
24 20
24 22
24 23
24 25
24 26
24 28
24 29
24 30
24 31
24 32
24 33
24 34
24 35
24 36
24 38
24 40
24 41
24 42
24 43
24 44
24 45
24 47
24 48
24 49
24 50
24 51
24 52
24 54
24 55
24 57
24 59
24 60
24 62
24 63
24 65
24 67
24 68
24 69
24 72
24 74
24 75
25 2
25 3
25 4
25 6
25 8
25 9
25 10
25 11
25 12
25 15
25 16
25 17
25 18
25 19
25 20
25 21
25 23
25 24
25 26
25 27
25 28
25 29
25 31
25 33
25 34
25 35
25 36
25 41
25 42
25 43
25 44
25 45
25 46
25 47
25 48
25 49
25 53
25 54
25 55
25 59
25 60
25 61
25 64
25 65
25 66
25 67
25 68
25 69
25 72
25 73
25 74
25 75
26 1
26 4
26 5
26 7
26 8
26 14
26 16
26 17
26 18
26 21
26 23
26 24
26 25
26 27
26 29
26 30
26 31
26 32
26 33
26 34
26 35
26 38
26 40
26 41
26 43
26 46
26 52
26 53
26 55
26 58
26 60
26 61
26 63
26 64
26 65
26 66
26 69
26 70
26 71
26 72
27 1
27 2
27 3
27 6
27 7
27 12
27 13
27 15
27 17
27 18
27 19
27 20
27 21
27 22
27 25
27 26
27 28
27 29
27 30
27 31
27 32
27 34
27 35
27 38
27 39
27 40
27 41
27 42
27 45
27 46
27 48
27 50
27 53
27 54
27 57
27 61
27 62
27 63
27 65
27 66
27 67
27 69
27 70
27 71
27 72
27 73
27 74
27 75
28 2
28 3
28 8
28 9
28 10
28 13
28 14
28 16
28 20
28 21
28 22
28 23
28 24
28 25
28 27
28 29
28 30
28 31
28 32
28 33
28 34
28 35
28 36
28 37
28 38
28 39
28 40
28 41
28 46
28 48
28 50
28 51
28 52
28 53
28 56
28 59
28 60
28 61
28 62
28 64
28 65
28 66
28 68
28 69
28 70
28 72
28 75
29 2
29 4
29 7
29 10
29 12
29 13
29 14
29 15
29 18
29 19
29 22
29 24
29 25
29 26
29 27
29 28
29 32
29 33
29 34
29 35
29 36
29 37
29 39
29 40
29 44
29 45
29 47
29 48
29 49
29 50
29 51
29 52
29 53
29 54
29 55
29 56
29 60
29 62
29 65
29 68
29 69
29 70
29 71
29 72
29 73
30 3
30 5
30 6
30 7
30 8
30 9
30 10
30 11
30 13
30 14
30 17
30 18
30 19
30 22
30 23
30 24
30 26
30 27
30 28
30 31
30 32
30 34
30 35
30 39
30 40
30 42
30 44
30 45
30 46
30 48
30 49
30 50
30 52
30 56
30 57
30 59
30 60
30 61
30 62
30 63
30 65
30 67
30 68
30 70
30 71
30 73
30 74
30 75
31 4
31 5
31 8
31 10
31 11
31 13
31 15
31 17
31 21
31 22
31 23
31 24
31 25
31 26
31 27
31 28
31 30
31 33
31 34
31 35
31 36
31 38
31 39
31 40
31 41
31 42
31 43
31 44
31 45
31 47
31 48
31 52
31 53
31 55
31 56
31 58
31 63
31 65
31 67
31 68
31 69
31 70
31 73
31 74
31 75
32 2
32 3
32 4
32 5
32 6
32 7
32 8
32 9
32 10
32 11
32 13
32 15
32 16
32 18
32 21
32 22
32 23
32 24
32 26
32 27
32 28
32 29
32 30
32 36
32 37
32 39
32 40
32 41
32 42
32 43
32 45
32 46
32 48
32 49
32 52
32 53
32 54
32 55
32 56
32 58
32 59
32 60
32 61
32 65
32 66
32 69
32 71
32 74
33 2
33 5
33 6
33 9
33 11
33 14
33 15
33 18
33 19
33 20
33 21
33 22
33 23
33 24
33 25
33 26
33 28
33 29
33 31
33 34
33 36
33 37
33 38
33 41
33 45
33 46
33 47
33 49
33 51
33 52
33 53
33 54
33 56
33 57
33 59
33 61
33 64
33 65
33 69
33 73
33 74
34 1
34 3
34 4
34 5
34 6
34 8
34 9
34 10
34 12
34 13
34 15
34 16
34 17
34 20
34 21
34 24
34 25
34 26
34 27
34 28
34 29
34 30
34 31
34 33
34 35
34 36
34 37
34 38
34 39
34 40
34 42
34 44
34 45
34 47
34 49
34 54
34 55
34 56
34 58
34 60
34 61
34 63
34 64
34 65
34 67
34 68
34 69
34 72
34 73
34 74
35 1
35 6
35 8
35 9
35 10
35 12
35 14
35 16
35 17
35 19
35 20
35 24
35 25
35 26
35 27
35 28
35 29
35 30
35 31
35 34
35 36
35 38
35 39
35 40
35 42
35 45
35 47
35 51
35 53
35 54
35 55
35 56
35 57
35 59
35 60
35 61
35 64
35 67
35 68
35 69
35 70
35 71
35 72
35 73
35 74
36 1
36 3
36 4
36 7
36 9
36 13
36 14
36 16
36 17
36 19
36 21
36 23
36 24
36 25
36 28
36 29
36 31
36 32
36 33
36 34
36 35
36 40
36 43
36 48
36 49
36 50
36 52
36 55
36 56
36 57
36 59
36 62
36 63
36 64
36 65
36 66
36 67
36 68
36 71
36 72
36 74
36 75
37 1
37 2
37 3
37 4
37 5
37 7
37 8
37 10
37 12
37 14
37 15
37 16
37 17
37 18
37 19
37 20
37 21
37 23
37 28
37 29
37 32
37 33
37 34
37 38
37 40
37 41
37 42
37 45
37 46
37 48
37 50
37 52
37 55
37 58
37 59
37 60
37 61
37 62
37 63
37 64
37 66
37 67
37 68
37 71
37 72
37 73
37 74
37 75
38 1
38 2
38 4
38 5
38 6
38 7
38 8
38 10
38 13
38 14
38 16
38 17
38 18
38 20
38 22
38 23
38 24
38 26
38 27
38 28
38 31
38 33
38 34
38 35
38 37
38 39
38 40
38 41
38 42
38 43
38 44
38 46
38 47
38 48
38 49
38 53
38 54
38 55
38 56
38 57
38 58
38 60
38 61
38 65
38 70
38 71
38 72
38 74
38 75
39 2
39 3
39 4
39 5
39 6
39 7
39 8
39 9
39 12
39 13
39 15
39 16
39 19
39 21
39 22
39 23
39 27
39 28
39 29
39 30
39 31
39 32
39 34
39 35
39 38
39 42
39 43
39 44
39 45
39 46
39 49
39 50
39 51
39 52
39 54
39 55
39 56
39 57
39 58
39 59
39 61
39 64
39 65
39 66
39 67
39 70
39 71
39 73
40 2
40 5
40 6
40 7
40 8
40 9
40 11
40 13
40 14
40 16
40 17
40 19
40 21
40 22
40 23
40 24
40 26
40 27
40 28
40 29
40 30
40 31
40 32
40 34
40 35
40 36
40 37
40 38
40 42
40 43
40 44
40 48
40 50
40 52
40 53
40 54
40 55
40 56
40 57
40 59
40 60
40 61
40 62
40 63
40 64
40 65
40 66
40 67
40 68
40 70
40 72
40 73
41 1
41 2
41 3
41 4
41 5
41 6
41 7
41 10
41 11
41 12
41 16
41 17
41 19
41 20
41 24
41 25
41 26
41 27
41 28
41 31
41 32
41 33
41 37
41 38
41 44
41 45
41 51
41 52
41 55
41 56
41 57
41 58
41 60
41 62
41 64
41 65
41 66
41 67
41 68
41 71
41 72
41 74
42 1
42 4
42 5
42 6
42 7
42 8
42 9
42 10
42 11
42 12
42 13
42 14
42 18
42 19
42 21
42 22
42 23
42 24
42 25
42 27
42 30
42 31
42 32
42 34
42 35
42 37
42 38
42 39
42 40
42 45
42 47
42 48
42 49
42 50
42 54
42 56
42 58
42 60
42 61
42 67
42 68
42 69
42 72
42 73
42 74
42 75
43 1
43 2
43 3
43 4
43 5
43 6
43 8
43 9
43 10
43 12
43 13
43 16
43 17
43 18
43 19
43 21
43 22
43 23
43 24
43 25
43 26
43 31
43 32
43 36
43 38
43 39
43 40
43 45
43 46
43 49
43 51
43 52
43 53
43 55
43 56
43 57
43 58
43 61
43 62
43 65
43 67
43 68
43 70
43 71
43 72
43 73
43 75
44 3
44 5
44 8
44 11
44 15
44 16
44 17
44 18
44 19
44 20
44 21
44 22
44 24
44 25
44 29
44 30
44 31
44 34
44 38
44 39
44 40
44 41
44 45
44 46
44 47
44 49
44 52
44 53
44 54
44 57
44 62
44 63
44 65
44 66
44 67
44 68
44 69
44 70
44 71
44 74
44 75
45 1
45 2
45 4
45 5
45 6
45 7
45 8
45 11
45 12
45 13
45 15
45 16
45 19
45 20
45 21
45 22
45 24
45 25
45 27
45 29
45 30
45 31
45 32
45 33
45 34
45 35
45 37
45 39
45 41
45 42
45 43
45 44
45 46
45 47
45 48
45 49
45 50
45 51
45 52
45 58
45 59
45 60
45 62
45 63
45 66
45 68
45 71
45 72
45 75
46 1
46 5
46 6
46 10
46 12
46 13
46 14
46 16
46 17
46 19
46 20
46 21
46 22
46 23
46 25
46 26
46 27
46 28
46 30
46 32
46 33
46 37
46 38
46 39
46 43
46 44
46 45
46 47
46 49
46 50
46 51
46 52
46 53
46 54
46 55
46 56
46 57
46 58
46 59
46 60
46 61
46 62
46 63
46 65
46 67
46 69
46 71
46 72
46 74
47 1
47 3
47 4
47 6
47 7
47 11
47 14
47 16
47 17
47 18
47 19
47 20
47 22
47 24
47 25
47 29
47 31
47 33
47 34
47 35
47 38
47 42
47 44
47 45
47 46
47 48
47 49
47 50
47 53
47 55
47 57
47 58
47 59
47 60
47 61
47 62
47 64
47 66
47 67
47 68
47 69
47 70
47 71
47 72
47 74
47 75
48 1
48 2
48 8
48 9
48 11
48 12
48 16
48 19
48 20
48 23
48 24
48 25
48 27
48 28
48 29
48 30
48 31
48 32
48 36
48 37
48 38
48 40
48 42
48 45
48 47
48 49
48 51
48 52
48 53
48 55
48 57
48 58
48 62
48 63
48 64
48 65
48 69
48 71
48 73
48 74
49 1
49 2
49 3
49 4
49 6
49 8
49 11
49 12
49 13
49 14
49 15
49 16
49 18
49 19
49 20
49 24
49 25
49 29
49 30
49 32
49 33
49 34
49 36
49 38
49 39
49 42
49 43
49 44
49 45
49 46
49 47
49 48
49 52
49 53
49 54
49 56
49 57
49 58
49 59
49 60
49 62
49 63
49 64
49 65
49 66
49 67
49 68
49 69
49 70
49 72
49 73
50 1
50 2
50 3
50 6
50 7
50 9
50 10
50 11
50 13
50 14
50 17
50 19
50 20
50 23
50 24
50 27
50 28
50 29
50 30
50 36
50 37
50 39
50 40
50 42
50 45
50 46
50 47
50 51
50 52
50 53
50 57
50 58
50 59
50 61
50 64
50 65
50 66
50 69
50 71
50 72
51 1
51 2
51 3
51 6
51 8
51 9
51 10
51 11
51 12
51 13
51 15
51 16
51 17
51 20
51 21
51 22
51 24
51 28
51 29
51 33
51 35
51 39
51 41
51 43
51 45
51 46
51 48
51 50
51 53
51 54
51 55
51 56
51 58
51 59
51 60
51 61
51 62
51 64
51 67
51 68
51 69
51 70
51 72
51 74
52 1
52 2
52 3
52 4
52 6
52 7
52 10
52 11
52 13
52 14
52 16
52 19
52 20
52 21
52 22
52 23
52 24
52 26
52 28
52 29
52 30
52 31
52 32
52 33
52 36
52 37
52 39
52 40
52 41
52 43
52 44
52 45
52 46
52 48
52 49
52 50
52 56
52 57
52 58
52 59
52 60
52 61
52 62
52 63
52 64
52 65
52 67
52 68
52 69
52 72
52 73
52 74
52 75
53 4
53 5
53 6
53 7
53 8
53 9
53 10
53 11
53 12
53 13
53 15
53 17
53 18
53 19
53 20
53 25
53 26
53 27
53 28
53 29
53 31
53 32
53 33
53 35
53 38
53 40
53 43
53 44
53 46
53 47
53 48
53 49
53 50
53 51
53 54
53 56
53 57
53 58
53 59
53 61
53 62
53 63
53 64
53 65
53 66
53 67
53 71
53 74
53 75
54 3
54 4
54 9
54 11
54 12
54 13
54 14
54 16
54 18
54 19
54 20
54 23
54 24
54 25
54 27
54 29
54 32
54 33
54 34
54 35
54 38
54 39
54 40
54 42
54 44
54 46
54 49
54 51
54 53
54 55
54 56
54 57
54 58
54 62
54 64
54 65
54 67
54 69
54 72
54 74
54 75
55 3
55 4
55 5
55 7
55 8
55 11
55 13
55 15
55 16
55 18
55 19
55 21
55 23
55 24
55 25
55 26
55 29
55 31
55 32
55 34
55 35
55 36
55 37
55 38
55 39
55 40
55 41
55 43
55 46
55 47
55 48
55 51
55 54
55 56
55 58
55 59
55 61
55 63
55 64
55 65
55 66
55 67
55 69
55 70
55 71
55 72
55 73
55 75
56 2
56 3
56 6
56 8
56 9
56 10
56 11
56 13
56 16
56 17
56 18
56 19
56 20
56 23
56 28
56 29
56 30
56 31
56 32
56 33
56 34
56 35
56 36
56 38
56 39
56 40
56 41
56 42
56 43
56 46
56 49
56 51
56 52
56 53
56 54
56 55
56 57
56 58
56 60
56 64
56 65
56 66
56 67
56 68
56 71
56 72
56 73
56 75
57 1
57 2
57 3
57 4
57 5
57 6
57 9
57 14
57 15
57 16
57 20
57 22
57 24
57 27
57 30
57 33
57 35
57 36
57 38
57 39
57 40
57 41
57 43
57 44
57 46
57 47
57 48
57 49
57 50
57 52
57 53
57 54
57 56
57 58
57 60
57 61
57 62
57 63
57 64
57 68
57 69
57 70
57 71
57 72
57 73
57 75
58 5
58 6
58 8
58 9
58 10
58 11
58 16
58 18
58 21
58 22
58 23
58 26
58 31
58 32
58 34
58 37
58 38
58 39
58 41
58 42
58 43
58 45
58 46
58 47
58 48
58 49
58 50
58 51
58 52
58 53
58 54
58 55
58 56
58 57
58 59
58 60
58 63
58 68
58 72
58 73
58 74
59 3
59 4
59 8
59 9
59 10
59 11
59 12
59 13
59 14
59 15
59 16
59 19
59 20
59 21
59 22
59 23
59 24
59 25
59 28
59 30
59 32
59 33
59 35
59 36
59 37
59 39
59 40
59 45
59 46
59 47
59 49
59 50
59 51
59 52
59 53
59 55
59 58
59 60
59 63
59 64
59 65
59 66
59 68
59 69
59 70
59 71
59 75
60 3
60 5
60 7
60 9
60 17
60 18
60 19
60 21
60 22
60 23
60 24
60 25
60 26
60 28
60 29
60 30
60 32
60 34
60 35
60 37
60 38
60 40
60 41
60 42
60 45
60 46
60 47
60 49
60 51
60 52
60 56
60 57
60 58
60 59
60 61
60 64
60 65
60 66
60 67
60 68
60 69
60 70
60 72
61 2
61 3
61 4
61 6
61 7
61 8
61 10
61 11
61 12
61 13
61 17
61 18
61 22
61 23
61 25
61 26
61 27
61 28
61 30
61 32
61 33
61 34
61 35
61 37
61 38
61 39
61 40
61 42
61 43
61 46
61 47
61 50
61 51
61 52
61 53
61 55
61 57
61 60
61 62
61 64
61 67
61 68
61 69
61 70
61 71
61 74
61 75
62 2
62 3
62 5
62 6
62 7
62 8
62 11
62 12
62 13
62 17
62 21
62 22
62 23
62 24
62 27
62 28
62 29
62 30
62 36
62 37
62 40
62 41
62 43
62 44
62 45
62 46
62 47
62 48
62 49
62 51
62 52
62 53
62 54
62 57
62 61
62 64
62 65
62 66
62 68
62 69
62 74
62 75
63 2
63 4
63 5
63 7
63 8
63 9
63 13
63 17
63 18
63 22
63 24
63 26
63 27
63 30
63 31
63 34
63 36
63 37
63 40
63 44
63 45
63 46
63 48
63 49
63 52
63 53
63 55
63 57
63 58
63 59
63 66
63 67
63 70
63 72
64 1
64 2
64 3
64 4
64 5
64 6
64 8
64 9
64 10
64 11
64 12
64 14
64 15
64 17
64 18
64 19
64 22
64 25
64 26
64 28
64 33
64 34
64 35
64 36
64 37
64 39
64 40
64 41
64 47
64 48
64 49
64 50
64 51
64 52
64 53
64 54
64 55
64 56
64 57
64 59
64 60
64 61
64 62
64 65
64 66
64 68
64 70
64 72
64 73
64 74
65 2
65 3
65 4
65 6
65 7
65 8
65 9
65 10
65 11
65 12
65 14
65 17
65 18
65 20
65 24
65 25
65 26
65 27
65 28
65 29
65 30
65 31
65 32
65 33
65 34
65 36
65 38
65 39
65 40
65 41
65 43
65 44
65 46
65 48
65 49
65 50
65 52
65 53
65 54
65 55
65 56
65 59
65 60
65 62
65 64
65 66
65 69
65 70
65 72
65 73
65 74
65 75
66 2
66 3
66 5
66 7
66 11
66 13
66 14
66 15
66 16
66 18
66 19
66 23
66 25
66 26
66 27
66 28
66 32
66 36
66 37
66 39
66 40
66 41
66 44
66 45
66 47
66 49
66 50
66 53
66 55
66 56
66 59
66 60
66 62
66 63
66 64
66 65
66 67
66 69
66 72
66 73
66 75
67 2
67 3
67 4
67 5
67 6
67 8
67 10
67 12
67 17
67 18
67 21
67 22
67 23
67 24
67 25
67 27
67 30
67 31
67 34
67 35
67 36
67 37
67 39
67 40
67 41
67 42
67 43
67 44
67 46
67 47
67 49
67 51
67 52
67 53
67 54
67 55
67 56
67 60
67 61
67 63
67 66
67 68
67 69
67 70
67 72
67 73
67 74
67 75
68 1
68 3
68 4
68 5
68 8
68 9
68 10
68 11
68 12
68 14
68 15
68 16
68 17
68 20
68 21
68 24
68 25
68 28
68 29
68 30
68 31
68 34
68 35
68 36
68 37
68 40
68 41
68 42
68 43
68 44
68 45
68 47
68 49
68 51
68 52
68 56
68 57
68 58
68 59
68 60
68 61
68 62
68 64
68 67
68 70
68 72
68 74
68 75
69 2
69 3
69 4
69 5
69 8
69 10
69 12
69 14
69 15
69 17
69 19
69 20
69 21
69 22
69 23
69 24
69 25
69 26
69 27
69 28
69 29
69 31
69 32
69 33
69 34
69 35
69 42
69 44
69 46
69 47
69 48
69 49
69 50
69 51
69 52
69 54
69 55
69 57
69 59
69 60
69 61
69 62
69 65
69 66
69 67
69 72
69 75
70 2
70 4
70 5
70 6
70 7
70 8
70 13
70 17
70 19
70 20
70 21
70 26
70 27
70 28
70 29
70 30
70 31
70 35
70 38
70 39
70 40
70 43
70 44
70 47
70 49
70 51
70 55
70 57
70 59
70 60
70 61
70 63
70 64
70 65
70 67
70 68
70 71
70 72
70 73
70 74
70 75
71 3
71 4
71 5
71 6
71 8
71 9
71 10
71 11
71 12
71 13
71 14
71 15
71 17
71 21
71 22
71 26
71 27
71 29
71 30
71 32
71 35
71 36
71 37
71 38
71 39
71 41
71 43
71 44
71 45
71 46
71 47
71 48
71 50
71 53
71 55
71 56
71 57
71 59
71 61
71 70
71 73
71 74
71 75
72 4
72 6
72 8
72 9
72 10
72 11
72 12
72 19
72 22
72 24
72 25
72 26
72 27
72 28
72 29
72 34
72 35
72 36
72 37
72 38
72 40
72 41
72 42
72 43
72 45
72 46
72 47
72 49
72 50
72 51
72 52
72 54
72 55
72 56
72 57
72 58
72 60
72 63
72 64
72 65
72 66
72 67
72 68
72 69
72 70
72 73
72 75
73 2
73 3
73 4
73 5
73 6
73 7
73 9
73 12
73 13
73 14
73 16
73 17
73 19
73 20
73 21
73 22
73 23
73 25
73 27
73 29
73 30
73 31
73 33
73 34
73 35
73 37
73 39
73 40
73 42
73 43
73 48
73 49
73 52
73 55
73 56
73 57
73 58
73 64
73 65
73 66
73 67
73 70
73 71
73 72
73 74
74 1
74 2
74 4
74 5
74 6
74 7
74 8
74 9
74 11
74 12
74 13
74 14
74 16
74 20
74 21
74 22
74 23
74 24
74 25
74 27
74 30
74 31
74 32
74 33
74 34
74 35
74 36
74 37
74 38
74 41
74 42
74 44
74 46
74 47
74 48
74 51
74 52
74 53
74 54
74 58
74 61
74 62
74 64
74 65
74 67
74 68
74 70
74 71
74 73
74 75
75 1
75 2
75 3
75 5
75 7
75 9
75 10
75 12
75 14
75 15
75 16
75 17
75 18
75 19
75 21
75 22
75 23
75 24
75 25
75 27
75 28
75 30
75 31
75 36
75 37
75 38
75 42
75 43
75 44
75 45
75 47
75 52
75 53
75 54
75 55
75 56
75 57
75 59
75 61
75 62
75 65
75 66
75 67
75 68
75 69
75 70
75 71
75 72
75 74
