75
1 11
1 13
1 14
1 17
1 19
1 20
1 21
1 24
1 25
1 26
1 29
1 30
1 33
1 37
1 38
1 40
1 43
1 44
1 45
1 50
1 51
1 54
1 56
1 57
1 58
1 59
1 63
1 65
1 67
1 68
1 71
2 5
2 8
2 10
2 15
2 16
2 19
2 20
2 21
2 23
2 24
2 26
2 27
2 29
2 31
2 32
2 34
2 36
2 37
2 39
2 41
2 42
2 45
2 46
2 47
2 48
2 50
2 51
2 54
2 57
2 58
2 62
2 65
2 74
2 75
3 6
3 7
3 10
3 12
3 13
3 14
3 15
3 21
3 22
3 24
3 25
3 26
3 30
3 31
3 32
3 33
3 39
3 40
3 42
3 44
3 45
3 46
3 48
3 50
3 54
3 55
3 56
3 57
3 66
3 67
3 73
3 74
4 6
4 7
4 11
4 13
4 15
4 16
4 17
4 20
4 21
4 23
4 27
4 28
4 29
4 34
4 36
4 39
4 43
4 46
4 47
4 48
4 49
4 55
4 56
4 57
4 59
4 60
4 67
4 68
4 69
4 72
4 73
4 74
4 75
5 2
5 7
5 15
5 17
5 19
5 31
5 33
5 34
5 40
5 42
5 43
5 46
5 53
5 54
5 55
5 57
5 58
5 59
5 62
5 65
5 66
5 69
5 74
5 75
6 3
6 4
6 8
6 11
6 14
6 15
6 18
6 22
6 23
6 24
6 28
6 31
6 32
6 33
6 37
6 42
6 46
6 49
6 53
6 59
6 61
6 62
6 64
6 65
6 68
6 72
7 3
7 4
7 5
7 10
7 12
7 15
7 20
7 26
7 28
7 29
7 31
7 34
7 35
7 37
7 42
7 43
7 44
7 47
7 49
7 50
7 54
7 56
7 58
7 60
7 61
7 62
7 63
7 64
7 68
7 69
7 70
7 72
8 2
8 6
8 10
8 12
8 14
8 15
8 18
8 19
8 21
8 22
8 29
8 30
8 31
8 35
8 36
8 40
8 41
8 42
8 43
8 44
8 47
8 49
8 51
8 52
8 56
8 59
8 60
8 63
8 71
9 12
9 13
9 17
9 21
9 24
9 28
9 29
9 32
9 34
9 39
9 43
9 46
9 50
9 51
9 53
9 57
9 63
9 65
9 70
9 73
9 74
10 2
10 3
10 7
10 8
10 12
10 18
10 20
10 21
10 22
10 24
10 26
10 28
10 29
10 31
10 32
10 33
10 34
10 37
10 38
10 39
10 40
10 41
10 45
10 46
10 47
10 48
10 49
10 50
10 57
10 59
10 64
10 68
10 70
10 73
11 1
11 4
11 6
11 12
11 15
11 23
11 24
11 25
11 27
11 28
11 30
11 33
11 35
11 46
11 48
11 50
11 51
11 52
11 54
11 55
11 59
11 60
11 61
11 63
11 68
11 69
11 70
11 73
11 74
11 75
12 3
12 7
12 8
12 9
12 10
12 11
12 17
12 20
12 21
12 32
12 35
12 40
12 44
12 48
12 49
12 50
12 51
12 54
12 55
12 56
12 57
12 58
12 59
12 61
12 62
12 63
12 66
12 73
12 74
13 1
13 3
13 4
13 9
13 14
13 20
13 21
13 23
13 30
13 31
13 34
13 35
13 36
13 37
13 40
13 41
13 46
13 48
13 52
13 56
13 58
13 60
13 62
13 65
13 66
13 68
13 70
13 74
14 1
14 3
14 6
14 8
14 13
14 16
14 19
14 22
14 23
14 24
14 26
14 27
14 28
14 30
14 31
14 32
14 35
14 38
14 42
14 43
14 45
14 50
14 51
14 52
14 57
14 60
14 66
14 68
14 70
14 73
15 2
15 3
15 4
15 5
15 6
15 7
15 8
15 11
15 18
15 19
15 21
15 24
15 26
15 27
15 30
15 32
15 34
15 37
15 39
15 49
15 50
15 51
15 52
15 56
15 57
15 60
15 62
16 2
16 4
16 14
16 17
16 20
16 21
16 23
16 24
16 25
16 28
16 30
16 32
16 35
16 36
16 37
16 39
16 42
16 43
16 47
16 50
16 52
16 53
16 54
16 55
16 56
16 58
16 62
16 66
16 67
16 72
16 73
16 75
17 1
17 4
17 5
17 9
17 12
17 16
17 18
17 22
17 26
17 28
17 29
17 32
17 35
17 38
17 40
17 41
17 42
17 43
17 45
17 49
17 51
17 52
17 55
17 56
17 58
17 59
17 60
17 61
17 64
17 66
17 67
17 68
17 71
17 72
17 73
17 75
18 6
18 8
18 10
18 15
18 17
18 19
18 20
18 24
18 27
18 28
18 29
18 30
18 33
18 38
18 39
18 41
18 44
18 45
18 46
18 49
18 50
18 51
18 52
18 53
18 57
18 58
18 65
18 66
18 69
18 72
18 74
19 1
19 2
19 5
19 8
19 14
19 15
19 18
19 31
19 33
19 34
19 36
19 39
19 46
19 48
19 51
19 52
19 54
19 55
19 56
19 58
19 59
19 68
19 69
19 73
19 75
20 1
20 2
20 4
20 7
20 10
20 12
20 13
20 16
20 18
20 21
20 22
20 27
20 34
20 35
20 36
20 40
20 41
20 42
20 43
20 44
20 47
20 49
20 50
20 52
20 54
20 55
20 57
20 59
20 64
20 68
20 74
21 1
21 2
21 3
21 4
21 8
21 9
21 10
21 12
21 13
21 15
21 16
21 20
21 22
21 26
21 30
21 34
21 41
21 43
21 44
21 45
21 48
21 53
21 54
21 55
21 57
21 58
21 60
21 65
21 68
21 75
22 3
22 6
22 8
22 10
22 14
22 17
22 20
22 21
22 26
22 27
22 29
22 30
22 31
22 32
22 39
22 41
22 42
22 45
22 47
22 48
22 49
22 54
22 56
22 57
22 59
22 61
22 62
22 66
22 67
22 68
22 70
22 72
22 74
23 2
23 4
23 6
23 11
23 13
23 14
23 16
23 25
23 26
23 32
23 35
23 38
23 40
23 42
23 44
23 45
23 46
23 52
23 56
23 57
23 58
23 64
23 66
23 69
23 71
24 1
24 2
24 3
24 6
24 9
24 10
24 11
24 14
24 15
24 16
24 18
24 25
24 27
24 29
24 31
24 34
24 35
24 36
24 37
24 41
24 42
24 44
24 48
24 52
24 54
24 56
24 60
24 63
24 64
24 65
24 66
24 68
24 69
24 70
24 72
24 73
25 1
25 3
25 11
25 16
25 23
25 24
25 29
25 32
25 34
25 36
25 39
25 43
25 44
25 46
25 49
25 51
25 52
25 59
25 63
25 65
25 66
25 69
25 72
26 1
26 2
26 3
26 7
26 10
26 14
26 15
26 17
26 21
26 22
26 23
26 27
26 28
26 34
26 35
26 38
26 40
26 41
26 47
26 48
26 52
26 53
26 54
26 57
26 58
26 61
26 62
26 63
26 69
26 72
26 73
26 74
27 2
27 4
27 11
27 14
27 15
27 18
27 20
27 22
27 24
27 26
27 28
27 29
27 30
27 33
27 34
27 35
27 36
27 38
27 43
27 46
27 48
27 49
27 52
27 55
27 59
27 61
27 62
27 66
27 68
27 69
27 71
27 72
27 73
27 74
28 4
28 6
28 7
28 9
28 10
28 11
28 14
28 16
28 17
28 18
28 26
28 27
28 31
28 39
28 41
28 42
28 47
28 49
28 54
28 56
28 61
28 64
28 69
29 1
29 2
29 4
29 7
29 8
29 9
29 10
29 17
29 18
29 22
29 24
29 25
29 27
29 31
29 35
29 38
29 39
29 43
29 45
29 46
29 51
29 56
29 59
29 61
29 63
29 64
29 71
29 72
30 1
30 3
30 8
30 11
30 13
30 14
30 15
30 16
30 18
30 21
30 22
30 27
30 34
30 36
30 39
30 40
30 42
30 47
30 49
30 50
30 53
30 54
30 56
30 59
30 64
30 67
30 68
30 71
30 72
30 73
30 74
30 75
31 2
31 3
31 5
31 6
31 7
31 8
31 10
31 13
31 14
31 19
31 22
31 24
31 28
31 29
31 37
31 39
31 41
31 42
31 43
31 45
31 48
31 52
31 55
31 57
31 62
31 63
31 67
31 70
31 71
31 72
31 74
32 2
32 3
32 6
32 9
32 10
32 12
32 14
32 15
32 16
32 17
32 22
32 23
32 25
32 33
32 37
32 39
32 40
32 42
32 43
32 45
32 47
32 48
32 53
32 55
32 58
32 61
32 65
32 66
32 70
33 1
33 3
33 5
33 6
33 10
33 11
33 18
33 19
33 27
33 32
33 35
33 36
33 48
33 49
33 50
33 52
33 53
33 54
33 55
33 57
33 58
33 64
33 65
33 67
33 68
33 71
33 75
34 2
34 4
34 5
34 7
34 9
34 10
34 13
34 15
34 19
34 20
34 21
34 24
34 25
34 26
34 27
34 30
34 39
34 40
34 41
34 43
34 52
34 55
34 59
34 61
34 62
34 63
34 69
35 7
35 8
35 11
35 12
35 13
35 14
35 16
35 17
35 20
35 23
35 24
35 26
35 27
35 29
35 33
35 36
35 38
35 39
35 41
35 42
35 44
35 48
35 51
35 53
35 54
35 58
35 59
35 62
35 65
35 66
35 68
35 71
35 72
36 2
36 4
36 8
36 13
36 16
36 19
36 20
36 24
36 25
36 27
36 30
36 33
36 35
36 37
36 38
36 39
36 42
36 54
36 56
36 57
36 58
36 61
36 62
36 63
36 64
36 65
36 67
36 71
36 72
36 75
37 1
37 2
37 6
37 7
37 10
37 13
37 15
37 16
37 24
37 31
37 32
37 36
37 39
37 48
37 49
37 50
37 55
37 57
37 61
37 63
37 68
37 71
37 72
37 75
38 1
38 10
38 14
38 17
38 18
38 23
38 26
38 27
38 29
38 35
38 36
38 39
38 40
38 41
38 42
38 43
38 46
38 47
38 48
38 49
38 50
38 52
38 53
38 54
38 55
38 57
38 58
38 66
38 67
38 68
38 70
39 2
39 3
39 4
39 9
39 10
39 15
39 16
39 18
39 19
39 22
39 25
39 28
39 29
39 30
39 31
39 32
39 34
39 35
39 36
39 37
39 38
39 40
39 43
39 46
39 48
39 49
39 50
39 51
39 52
39 58
39 60
39 61
39 62
39 64
39 68
39 69
39 70
39 73
40 1
40 3
40 5
40 8
40 10
40 12
40 13
40 17
40 20
40 23
40 26
40 30
40 32
40 34
40 38
40 39
40 45
40 50
40 52
40 53
40 54
40 55
40 59
40 67
40 70
40 72
41 2
41 8
41 10
41 13
41 17
41 18
41 20
41 21
41 22
41 24
41 26
41 28
41 31
41 34
41 35
41 38
41 47
41 50
41 52
41 58
41 59
41 65
41 66
41 67
41 69
42 2
42 3
42 5
42 6
42 7
42 8
42 14
42 16
42 17
42 20
42 22
42 23
42 24
42 28
42 30
42 31
42 32
42 35
42 36
42 38
42 44
42 45
42 46
42 47
42 48
42 49
42 53
42 56
42 61
42 63
42 65
42 71
42 72
42 73
42 75
43 1
43 4
43 5
43 7
43 8
43 9
43 14
43 16
43 17
43 20
43 21
43 25
43 27
43 29
43 31
43 32
43 34
43 38
43 39
43 44
43 48
43 57
43 58
43 61
43 64
43 65
43 66
43 70
43 72
43 74
44 1
44 3
44 7
44 8
44 12
44 18
44 20
44 21
44 23
44 24
44 25
44 35
44 42
44 43
44 51
44 53
44 55
44 59
44 60
44 66
44 67
44 68
44 69
44 70
44 72
44 75
45 1
45 2
45 3
45 10
45 14
45 17
45 18
45 21
45 22
45 23
45 29
45 31
45 32
45 40
45 42
45 50
45 52
45 54
45 56
45 59
45 60
45 61
45 62
45 67
45 71
45 73
46 2
46 3
46 4
46 5
46 6
46 9
46 10
46 11
46 13
46 18
46 19
46 23
46 25
46 27
46 29
46 38
46 39
46 42
46 47
46 48
46 53
46 56
46 59
46 61
46 65
46 66
46 69
46 70
46 75
47 2
47 4
47 7
47 8
47 10
47 16
47 20
47 22
47 26
47 28
47 30
47 32
47 38
47 41
47 42
47 46
47 49
47 51
47 55
47 58
47 61
47 63
47 66
47 69
47 72
47 74
48 2
48 3
48 4
48 10
48 11
48 12
48 13
48 19
48 21
48 22
48 24
48 26
48 27
48 31
48 32
48 33
48 35
48 37
48 38
48 39
48 42
48 43
48 46
48 55
48 56
48 59
48 62
48 63
48 65
48 67
48 72
48 73
48 74
49 4
49 6
49 7
49 8
49 10
49 12
49 15
49 17
49 18
49 20
49 22
49 25
49 27
49 28
49 30
49 33
49 37
49 38
49 39
49 42
49 47
49 53
49 54
49 57
49 58
49 61
49 62
49 65
49 66
49 67
49 68
49 71
49 72
49 75
50 1
50 2
50 3
50 7
50 9
50 10
50 11
50 12
50 14
50 15
50 16
50 18
50 20
50 30
50 33
50 37
50 38
50 39
50 40
50 41
50 45
50 54
50 55
50 56
50 58
50 59
50 60
50 61
50 63
50 64
50 65
50 70
50 71
50 72
50 73
50 74
51 1
51 2
51 8
51 9
51 11
51 12
51 14
51 15
51 17
51 18
51 19
51 25
51 29
51 35
51 39
51 44
51 47
51 53
51 55
51 57
51 58
51 62
51 63
51 64
51 69
51 73
51 74
51 75
52 8
52 11
52 13
52 14
52 15
52 16
52 17
52 18
52 19
52 20
52 23
52 24
52 25
52 26
52 27
52 31
52 33
52 34
52 38
52 39
52 40
52 41
52 45
52 53
52 56
52 62
52 63
52 66
52 68
52 70
52 72
52 74
53 5
53 6
53 9
53 16
53 18
53 21
53 26
53 30
53 32
53 33
53 35
53 38
53 40
53 42
53 44
53 46
53 49
53 51
53 52
53 57
53 58
53 59
53 61
53 62
53 65
53 71
53 72
54 1
54 2
54 3
54 5
54 7
54 11
54 12
54 16
54 19
54 20
54 21
54 22
54 24
54 26
54 28
54 30
54 33
54 35
54 36
54 38
54 40
54 45
54 49
54 50
54 55
54 56
54 64
54 66
54 72
54 74
54 75
55 3
55 4
55 5
55 11
55 12
55 16
55 17
55 19
55 20
55 21
55 27
55 31
55 32
55 33
55 34
55 37
55 38
55 40
55 44
55 47
55 48
55 50
55 51
55 54
55 56
55 57
55 59
55 62
55 63
55 67
55 69
55 71
55 74
55 75
56 1
56 3
56 4
56 7
56 8
56 12
56 13
56 15
56 16
56 17
56 19
56 22
56 23
56 24
56 28
56 29
56 30
56 36
56 42
56 45
56 46
56 48
56 50
56 52
56 54
56 55
56 59
56 70
56 71
56 73
56 75
57 1
57 2
57 3
57 4
57 5
57 9
57 10
57 12
57 14
57 15
57 18
57 20
57 21
57 22
57 23
57 26
57 31
57 33
57 36
57 37
57 38
57 43
57 49
57 51
57 53
57 55
57 59
57 61
57 65
57 66
57 67
57 68
57 70
57 71
57 72
58 1
58 2
58 5
58 7
58 12
58 13
58 16
58 17
58 18
58 19
58 21
58 23
58 26
58 32
58 33
58 35
58 36
58 38
58 39
58 41
58 43
58 47
58 49
58 50
58 51
58 53
58 59
58 63
58 64
58 66
58 68
58 74
58 75
59 1
59 4
59 5
59 6
59 8
59 10
59 11
59 12
59 17
59 19
59 20
59 22
59 25
59 27
59 29
59 30
59 34
59 35
59 40
59 41
59 44
59 45
59 46
59 48
59 50
59 53
59 55
59 56
59 57
59 58
59 60
59 61
59 65
59 66
59 67
59 73
60 4
60 7
60 8
60 11
60 13
60 14
60 15
60 17
60 21
60 24
60 39
60 44
60 45
60 50
60 59
60 63
60 65
60 66
60 67
60 68
60 69
60 71
60 72
61 6
61 7
61 11
61 12
61 17
61 22
61 26
61 27
61 28
61 29
61 32
61 34
61 36
61 37
61 39
61 42
61 43
61 45
61 46
61 47
61 49
61 50
61 53
61 57
61 59
61 65
61 71
61 73
61 74
61 75
62 2
62 5
62 6
62 7
62 12
62 13
62 15
62 16
62 22
62 26
62 27
62 31
62 34
62 35
62 36
62 39
62 45
62 48
62 49
62 51
62 52
62 53
62 55
62 63
62 64
62 66
62 67
62 72
62 75
63 1
63 7
63 8
63 9
63 11
63 12
63 24
63 25
63 26
63 29
63 31
63 34
63 36
63 37
63 42
63 47
63 48
63 50
63 51
63 52
63 55
63 58
63 60
63 62
63 67
63 71
63 72
64 6
64 7
64 10
64 17
64 20
64 23
64 24
64 28
64 29
64 30
64 33
64 36
64 39
64 43
64 50
64 51
64 54
64 58
64 62
65 1
65 2
65 5
65 6
65 9
65 13
65 18
65 21
65 24
65 25
65 32
65 33
65 35
65 36
65 41
65 42
65 43
65 46
65 48
65 49
65 50
65 53
65 57
65 59
65 60
65 61
65 66
65 69
65 73
66 3
66 5
66 12
66 13
66 14
66 16
66 17
66 18
66 22
66 23
66 24
66 25
66 27
66 32
66 35
66 38
66 41
66 43
66 44
66 46
66 47
66 49
66 52
66 54
66 57
66 58
66 59
66 60
66 62
66 65
66 69
66 70
66 72
66 73
66 74
67 1
67 3
67 4
67 16
67 17
67 22
67 30
67 31
67 33
67 36
67 38
67 40
67 41
67 44
67 45
67 48
67 49
67 55
67 57
67 59
67 60
67 62
67 63
67 68
67 69
67 71
67 73
67 74
68 1
68 4
68 6
68 7
68 10
68 11
68 13
68 14
68 17
68 19
68 20
68 21
68 22
68 24
68 27
68 30
68 33
68 35
68 37
68 38
68 39
68 44
68 49
68 52
68 57
68 58
68 60
68 67
68 69
69 4
69 5
69 7
69 11
69 18
69 19
69 23
69 24
69 25
69 26
69 27
69 28
69 34
69 39
69 41
69 44
69 46
69 47
69 51
69 55
69 60
69 65
69 66
69 67
69 68
69 73
70 7
70 9
70 10
70 11
70 13
70 14
70 22
70 24
70 31
70 32
70 38
70 39
70 40
70 43
70 44
70 46
70 50
70 52
70 56
70 57
70 66
70 72
70 74
71 1
71 8
71 17
71 23
71 27
71 29
71 30
71 31
71 33
71 35
71 36
71 37
71 42
71 45
71 49
71 50
71 53
71 55
71 56
71 57
71 60
71 61
71 63
71 67
71 75
72 4
72 6
72 7
72 16
72 17
72 18
72 22
72 24
72 25
72 26
72 27
72 29
72 30
72 31
72 35
72 36
72 37
72 40
72 42
72 43
72 44
72 47
72 48
72 49
72 50
72 52
72 53
72 54
72 57
72 60
72 62
72 63
72 66
72 70
72 74
73 3
73 4
73 9
73 10
73 11
73 12
73 14
73 16
73 17
73 19
73 24
73 26
73 27
73 30
73 39
73 42
73 45
73 48
73 50
73 51
73 56
73 59
73 61
73 65
73 66
73 67
73 69
73 75
74 2
74 3
74 4
74 5
74 9
74 11
74 12
74 13
74 18
74 20
74 22
74 26
74 27
74 30
74 31
74 43
74 47
74 48
74 50
74 51
74 52
74 54
74 55
74 58
74 61
74 66
74 67
74 70
74 72
75 2
75 4
75 5
75 11
75 16
75 17
75 19
75 21
75 30
75 33
75 36
75 37
75 42
75 44
75 46
75 49
75 51
75 54
75 55
75 56
75 58
75 61
75 62
75 71
75 73
