75
1 2
1 3
1 4
1 6
1 7
1 9
1 12
1 13
1 16
1 21
1 22
1 26
1 27
1 28
1 29
1 30
1 31
1 32
1 33
1 34
1 35
1 36
1 37
1 39
1 46
1 49
1 50
1 52
1 53
1 54
1 55
1 57
1 59
1 60
1 62
1 65
1 66
1 68
1 69
1 70
1 72
1 74
1 75
2 1
2 7
2 9
2 10
2 11
2 12
2 14
2 15
2 16
2 17
2 20
2 22
2 23
2 24
2 25
2 28
2 30
2 31
2 34
2 38
2 39
2 41
2 43
2 44
2 46
2 51
2 52
2 53
2 54
2 55
2 56
2 57
2 58
2 61
2 62
2 63
2 64
2 65
2 66
2 68
2 69
2 70
2 71
2 72
2 73
2 75
3 1
3 4
3 6
3 8
3 9
3 10
3 11
3 12
3 14
3 15
3 16
3 17
3 19
3 22
3 24
3 26
3 30
3 34
3 35
3 36
3 37
3 39
3 40
3 41
3 42
3 43
3 45
3 47
3 50
3 51
3 52
3 54
3 56
3 57
3 58
3 60
3 61
3 64
3 65
3 66
3 67
3 69
3 70
3 71
3 72
3 74
3 75
4 1
4 3
4 6
4 7
4 8
4 10
4 11
4 12
4 13
4 15
4 16
4 18
4 25
4 26
4 28
4 29
4 30
4 32
4 33
4 35
4 37
4 38
4 39
4 40
4 41
4 42
4 43
4 44
4 47
4 48
4 49
4 50
4 51
4 53
4 54
4 56
4 58
4 59
4 60
4 62
4 65
4 68
4 69
4 71
4 72
4 74
4 75
5 6
5 10
5 11
5 14
5 15
5 17
5 20
5 25
5 28
5 29
5 31
5 36
5 37
5 38
5 39
5 41
5 42
5 44
5 45
5 46
5 47
5 48
5 49
5 53
5 55
5 57
5 60
5 62
5 63
5 64
5 65
5 66
5 70
5 71
5 75
6 1
6 3
6 4
6 5
6 7
6 10
6 11
6 12
6 16
6 17
6 20
6 21
6 24
6 25
6 29
6 30
6 31
6 32
6 33
6 35
6 36
6 37
6 38
6 41
6 47
6 49
6 50
6 51
6 53
6 54
6 55
6 57
6 58
6 59
6 63
6 65
6 66
6 67
6 69
6 70
6 73
6 74
6 75
7 1
7 2
7 4
7 6
7 8
7 9
7 10
7 11
7 15
7 16
7 18
7 19
7 20
7 22
7 23
7 24
7 26
7 27
7 30
7 32
7 33
7 37
7 38
7 42
7 43
7 44
7 45
7 46
7 48
7 52
7 54
7 56
7 60
7 61
7 62
7 63
7 64
7 65
7 66
7 68
7 70
7 71
7 72
7 73
8 3
8 4
8 7
8 9
8 11
8 14
8 15
8 17
8 20
8 25
8 26
8 28
8 30
8 32
8 33
8 34
8 35
8 37
8 39
8 40
8 41
8 43
8 45
8 46
8 47
8 49
8 53
8 54
8 56
8 59
8 60
8 61
8 62
8 63
8 64
8 65
8 66
8 67
8 68
8 69
8 71
8 72
9 1
9 2
9 3
9 7
9 8
9 12
9 13
9 15
9 16
9 17
9 18
9 19
9 21
9 22
9 23
9 24
9 26
9 27
9 29
9 30
9 31
9 32
9 33
9 34
9 35
9 36
9 37
9 38
9 42
9 44
9 45
9 47
9 48
9 49
9 50
9 51
9 53
9 54
9 57
9 58
9 59
9 60
9 62
9 63
9 64
9 65
9 68
9 69
9 71
9 72
9 73
9 74
9 75
10 2
10 3
10 4
10 5
10 6
10 7
10 11
10 12
10 13
10 14
10 15
10 16
10 17
10 19
10 20
10 21
10 24
10 25
10 26
10 28
10 29
10 33
10 35
10 39
10 41
10 43
10 45
10 46
10 48
10 49
10 50
10 52
10 53
10 55
10 56
10 57
10 58
10 60
10 62
10 64
10 65
10 66
10 69
10 73
10 75
11 2
11 3
11 4
11 5
11 6
11 7
11 8
11 10
11 12
11 13
11 14
11 16
11 17
11 18
11 19
11 20
11 21
11 22
11 24
11 26
11 27
11 28
11 30
11 31
11 32
11 34
11 36
11 39
11 41
11 42
11 43
11 44
11 46
11 47
11 50
11 51
11 53
11 54
11 55
11 57
11 58
11 59
11 60
11 61
11 62
11 63
11 65
11 66
11 67
11 68
11 70
11 71
11 72
11 73
12 1
12 2
12 3
12 4
12 6
12 9
12 10
12 11
12 13
12 14
12 15
12 17
12 18
12 19
12 20
12 22
12 23
12 25
12 27
12 28
12 30
12 31
12 33
12 34
12 35
12 37
12 38
12 40
12 41
12 42
12 43
12 45
12 46
12 47
12 48
12 49
12 51
12 57
12 58
12 60
12 61
12 63
12 64
12 65
12 67
12 68
12 71
12 73
12 75
13 1
13 4
13 9
13 10
13 11
13 12
13 14
13 16
13 19
13 21
13 22
13 23
13 24
13 29
13 31
13 32
13 33
13 34
13 36
13 38
13 41
13 42
13 43
13 45
13 47
13 48
13 50
13 51
13 54
13 57
13 59
13 60
13 61
13 63
13 66
13 70
13 71
13 73
13 75
14 2
14 3
14 5
14 8
14 10
14 11
14 12
14 13
14 16
14 17
14 18
14 19
14 21
14 22
14 23
14 26
14 28
14 29
14 31
14 32
14 39
14 40
14 41
14 46
14 49
14 50
14 51
14 52
14 53
14 54
14 56
14 57
14 59
14 60
14 63
14 65
14 66
14 67
14 68
14 69
14 71
14 72
14 73
14 74
15 2
15 3
15 4
15 5
15 7
15 8
15 9
15 10
15 12
15 16
15 18
15 19
15 20
15 22
15 24
15 27
15 28
15 29
15 30
15 31
15 32
15 33
15 34
15 35
15 36
15 39
15 40
15 41
15 42
15 43
15 44
15 45
15 47
15 48
15 49
15 50
15 51
15 52
15 53
15 54
15 55
15 56
15 57
15 59
15 60
15 61
15 63
15 64
15 67
15 70
15 71
15 72
15 74
16 1
16 2
16 3
16 4
16 6
16 7
16 9
16 10
16 11
16 13
16 14
16 15
16 18
16 19
16 22
16 23
16 25
16 26
16 27
16 30
16 31
16 34
16 36
16 37
16 38
16 39
16 40
16 42
16 43
16 44
16 45
16 46
16 48
16 49
16 50
16 51
16 53
16 54
16 56
16 57
16 58
16 61
16 62
16 63
16 65
16 68
16 69
16 70
16 72
16 73
16 74
16 75
17 2
17 3
17 5
17 6
17 8
17 9
17 10
17 11
17 12
17 14
17 18
17 19
17 20
17 21
17 25
17 26
17 27
17 28
17 32
17 33
17 34
17 35
17 37
17 40
17 43
17 44
17 45
17 46
17 48
17 49
17 50
17 54
17 55
17 58
17 61
17 62
17 64
17 65
17 66
17 68
17 70
17 73
17 75
18 4
18 7
18 9
18 11
18 12
18 14
18 15
18 16
18 17
18 19
18 20
18 21
18 26
18 28
18 30
18 31
18 32
18 36
18 37
18 38
18 40
18 44
18 45
18 46
18 47
18 48
18 49
18 50
18 52
18 53
18 55
18 56
18 57
18 58
18 60
18 63
18 66
18 67
18 68
18 71
18 72
18 75
19 3
19 7
19 9
19 10
19 11
19 12
19 13
19 14
19 15
19 16
19 17
19 18
19 20
19 22
19 25
19 29
19 30
19 31
19 33
19 34
19 39
19 41
19 42
19 46
19 47
19 48
19 49
19 50
19 51
19 52
19 53
19 55
19 56
19 57
19 58
19 59
19 62
19 63
19 64
19 65
19 66
19 68
19 70
19 71
19 72
19 73
20 2
20 5
20 6
20 7
20 8
20 10
20 11
20 12
20 15
20 17
20 18
20 19
20 21
20 24
20 26
20 27
20 28
20 29
20 30
20 31
20 33
20 34
20 36
20 38
20 39
20 40
20 43
20 45
20 46
20 47
20 48
20 49
20 50
20 51
20 52
20 55
20 56
20 59
20 60
20 61
20 62
20 64
20 65
20 67
20 68
20 71
20 72
20 73
20 74
20 75
21 1
21 6
21 9
21 10
21 11
21 13
21 14
21 17
21 18
21 20
21 22
21 24
21 25
21 29
21 30
21 31
21 32
21 33
21 34
21 36
21 38
21 41
21 43
21 44
21 47
21 48
21 50
21 51
21 52
21 53
21 54
21 55
21 56
21 57
21 58
21 60
21 61
21 63
21 64
21 65
21 67
21 68
21 69
21 74
22 1
22 2
22 3
22 7
22 9
22 11
22 12
22 13
22 14
22 15
22 16
22 19
22 21
22 23
22 24
22 26
22 28
22 29
22 31
22 34
22 35
22 36
22 37
22 40
22 41
22 42
22 43
22 45
22 46
22 49
22 50
22 52
22 53
22 54
22 57
22 60
22 64
22 65
22 66
22 67
22 68
22 69
22 70
22 73
23 2
23 7
23 9
23 12
23 13
23 14
23 16
23 22
23 24
23 27
23 28
23 30
23 31
23 32
23 34
23 36
23 37
23 38
23 39
23 40
23 41
23 45
23 47
23 50
23 51
23 52
23 56
23 57
23 59
23 60
23 61
23 64
23 72
23 73
23 74
23 75
24 2
24 3
24 6
24 7
24 9
24 10
24 11
24 13
24 15
24 20
24 21
24 22
24 23
24 25
24 28
24 29
24 30
24 31
24 32
24 33
24 34
24 35
24 36
24 37
24 38
24 40
24 41
24 43
24 45
24 46
24 47
24 48
24 51
24 53
24 54
24 56
24 58
24 59
24 60
24 61
24 63
24 65
24 68
24 69
24 70
24 71
24 72
24 73
24 75
25 2
25 4
25 5
25 6
25 8
25 10
25 12
25 16
25 17
25 19
25 21
25 24
25 26
25 28
25 29
25 30
25 31
25 32
25 33
25 37
25 39
25 43
25 44
25 45
25 46
25 49
25 50
25 51
25 52
25 56
25 58
25 60
25 63
25 64
25 65
25 66
25 67
25 68
25 69
25 70
25 72
25 73
25 74
26 1
26 3
26 4
26 7
26 8
26 9
26 10
26 11
26 14
26 16
26 17
26 18
26 20
26 22
26 25
26 27
26 32
26 33
26 34
26 35
26 37
26 40
26 41
26 43
26 45
26 47
26 48
26 49
26 50
26 52
26 53
26 54
26 56
26 57
26 58
26 59
26 60
26 62
26 65
26 66
26 67
26 69
26 70
26 71
27 1
27 7
27 9
27 11
27 12
27 15
27 16
27 17
27 20
27 23
27 26
27 30
27 31
27 32
27 36
27 38
27 39
27 40
27 41
27 43
27 44
27 45
27 47
27 49
27 50
27 51
27 53
27 55
27 56
27 58
27 60
27 61
27 63
27 64
27 65
27 66
27 67
27 68
27 69
27 70
27 71
27 73
28 1
28 2
28 4
28 5
28 8
28 10
28 11
28 12
28 14
28 15
28 17
28 18
28 20
28 22
28 23
28 24
28 25
28 29
28 31
28 33
28 34
28 35
28 36
28 37
28 40
28 41
28 43
28 44
28 47
28 48
28 50
28 52
28 54
28 57
28 58
28 59
28 60
28 62
28 64
28 66
28 67
28 68
28 70
28 72
28 73
28 74
28 75
29 1
29 4
29 5
29 6
29 9
29 10
29 13
29 14
29 15
29 19
29 20
29 21
29 22
29 24
29 25
29 28
29 30
29 31
29 33
29 37
29 40
29 44
29 50
29 52
29 53
29 55
29 58
29 59
29 62
29 65
29 66
29 68
29 69
29 70
29 72
29 73
29 74
29 75
30 1
30 2
30 3
30 4
30 6
30 7
30 8
30 9
30 11
30 12
30 15
30 16
30 18
30 19
30 20
30 21
30 23
30 24
30 25
30 27
30 29
30 32
30 34
30 36
30 37
30 38
30 40
30 42
30 44
30 46
30 47
30 48
30 49
30 51
30 52
30 53
30 54
30 55
30 62
30 64
30 66
30 67
30 68
30 69
30 71
30 72
30 73
30 74
31 1
31 2
31 5
31 6
31 9
31 11
31 12
31 13
31 14
31 15
31 16
31 18
31 19
31 20
31 21
31 22
31 23
31 24
31 25
31 27
31 28
31 29
31 32
31 35
31 37
31 38
31 39
31 40
31 45
31 46
31 48
31 49
31 50
31 53
31 54
31 55
31 56
31 57
31 59
31 60
31 61
31 63
31 65
31 69
31 70
31 73
31 74
32 1
32 4
32 6
32 7
32 8
32 9
32 11
32 13
32 14
32 15
32 17
32 18
32 21
32 23
32 24
32 25
32 26
32 27
32 30
32 31
32 33
32 36
32 37
32 40
32 41
32 45
32 46
32 47
32 49
32 50
32 51
32 52
32 53
32 54
32 56
32 58
32 59
32 62
32 65
32 67
32 68
32 71
32 72
32 74
32 75
33 1
33 4
33 6
33 7
33 8
33 9
33 10
33 12
33 13
33 15
33 17
33 19
33 20
33 21
33 24
33 25
33 26
33 28
33 29
33 32
33 35
33 36
33 40
33 43
33 47
33 48
33 51
33 54
33 55
33 56
33 57
33 58
33 59
33 62
33 63
33 64
33 65
33 66
33 68
33 69
33 71
34 1
34 2
34 3
34 8
34 9
34 11
34 12
34 13
34 15
34 16
34 17
34 19
34 20
34 21
34 22
34 23
34 24
34 26
34 28
34 30
34 35
34 36
34 37
34 40
34 41
34 42
34 43
34 44
34 46
34 47
34 48
34 49
34 51
34 52
34 53
34 54
34 55
34 60
34 63
34 65
34 68
34 71
34 72
34 74
35 1
35 3
35 4
35 6
35 8
35 9
35 10
35 12
35 15
35 17
35 22
35 24
35 26
35 28
35 31
35 33
35 34
35 37
35 38
35 39
35 42
35 43
35 45
35 47
35 48
35 49
35 51
35 53
35 57
35 58
35 59
35 60
35 61
35 62
35 63
35 64
35 65
35 68
35 69
35 70
35 71
35 73
35 75
36 1
36 3
36 5
36 6
36 9
36 11
36 13
36 15
36 16
36 18
36 20
36 21
36 22
36 23
36 24
36 27
36 28
36 30
36 32
36 33
36 34
36 37
36 38
36 39
36 41
36 42
36 43
36 44
36 45
36 48
36 55
36 58
36 61
36 62
36 63
36 64
36 65
36 66
36 67
36 69
36 72
36 74
37 1
37 3
37 4
37 5
37 6
37 7
37 8
37 9
37 12
37 16
37 17
37 18
37 22
37 23
37 24
37 25
37 26
37 28
37 29
37 30
37 31
37 32
37 34
37 35
37 36
37 38
37 40
37 41
37 43
37 45
37 46
37 47
37 51
37 52
37 53
37 55
37 56
37 58
37 60
37 63
37 64
37 65
37 66
37 67
37 68
37 69
37 71
37 72
37 73
37 75
38 2
38 4
38 5
38 6
38 7
38 9
38 12
38 13
38 16
38 18
38 20
38 21
38 23
38 24
38 27
38 30
38 31
38 35
38 36
38 37
38 39
38 40
38 41
38 42
38 43
38 44
38 46
38 47
38 51
38 52
38 53
38 55
38 56
38 57
38 60
38 64
38 66
38 67
38 68
38 69
38 70
38 71
38 72
38 73
38 74
38 75
39 1
39 2
39 3
39 4
39 5
39 8
39 10
39 11
39 14
39 15
39 16
39 19
39 20
39 23
39 25
39 27
39 31
39 35
39 36
39 38
39 40
39 41
39 42
39 43
39 44
39 45
39 46
39 47
39 48
39 49
39 50
39 51
39 55
39 57
39 59
39 64
39 66
39 67
39 68
39 69
39 70
39 71
39 73
39 74
39 75
40 3
40 4
40 8
40 12
40 14
40 15
40 16
40 17
40 18
40 20
40 22
40 23
40 24
40 26
40 27
40 28
40 29
40 30
40 31
40 32
40 33
40 34
40 37
40 38
40 39
40 41
40 44
40 45
40 46
40 48
40 49
40 53
40 56
40 61
40 63
40 65
40 66
40 68
40 70
40 71
40 72
40 73
40 74
41 2
41 3
41 4
41 5
41 6
41 8
41 10
41 11
41 12
41 13
41 14
41 15
41 19
41 21
41 22
41 23
41 24
41 26
41 27
41 28
41 32
41 34
41 36
41 37
41 38
41 39
41 40
41 42
41 43
41 44
41 45
41 48
41 49
41 50
41 52
41 53
41 54
41 55
41 56
41 59
41 61
41 63
41 64
41 65
41 66
41 67
41 71
41 72
41 74
42 3
42 4
42 5
42 7
42 9
42 11
42 12
42 13
42 15
42 16
42 19
42 22
42 30
42 34
42 35
42 36
42 38
42 39
42 41
42 43
42 44
42 45
42 46
42 47
42 50
42 53
42 56
42 57
42 58
42 60
42 61
42 62
42 63
42 64
42 67
42 68
42 69
42 70
42 73
42 74
43 2
43 3
43 4
43 7
43 8
43 10
43 11
43 12
43 13
43 15
43 16
43 17
43 20
43 21
43 22
43 24
43 25
43 26
43 27
43 28
43 33
43 34
43 35
43 36
43 37
43 38
43 39
43 41
43 42
43 46
43 47
43 48
43 49
43 52
43 54
43 55
43 56
43 57
43 58
43 63
43 66
43 67
43 68
43 69
43 71
43 73
43 74
43 75
44 2
44 4
44 5
44 7
44 9
44 11
44 15
44 16
44 17
44 18
44 21
44 25
44 27
44 28
44 29
44 30
44 34
44 36
44 38
44 39
44 40
44 41
44 42
44 45
44 47
44 48
44 49
44 51
44 53
44 54
44 58
44 62
44 63
44 64
44 66
44 67
44 68
44 69
44 70
44 71
44 72
44 74
44 75
45 3
45 5
45 7
45 8
45 9
45 10
45 12
45 13
45 15
45 16
45 17
45 18
45 20
45 22
45 23
45 24
45 25
45 26
45 27
45 31
45 32
45 35
45 36
45 37
45 39
45 40
45 41
45 42
45 44
45 47
45 51
45 53
45 54
45 56
45 58
45 59
45 61
45 64
45 65
45 67
45 68
45 70
45 71
45 73
46 1
46 2
46 5
46 7
46 8
46 10
46 11
46 12
46 14
46 16
46 17
46 18
46 19
46 20
46 22
46 24
46 25
46 30
46 31
46 32
46 34
46 37
46 38
46 39
46 40
46 42
46 43
46 47
46 48
46 52
46 53
46 54
46 55
46 56
46 57
46 58
46 60
46 61
46 63
46 67
46 68
46 69
46 70
46 71
46 72
47 3
47 4
47 5
47 6
47 8
47 9
47 11
47 12
47 13
47 15
47 18
47 19
47 20
47 21
47 23
47 24
47 26
47 27
47 28
47 30
47 32
47 33
47 34
47 35
47 37
47 38
47 39
47 42
47 43
47 44
47 45
47 46
47 48
47 52
47 53
47 54
47 55
47 56
47 57
47 58
47 60
47 62
47 64
47 65
47 66
47 67
47 68
47 70
47 73
47 74
47 75
48 4
48 5
48 7
48 9
48 10
48 12
48 13
48 15
48 16
48 17
48 18
48 19
48 20
48 21
48 24
48 26
48 28
48 30
48 31
48 33
48 34
48 35
48 36
48 39
48 40
48 41
48 43
48 44
48 46
48 47
48 49
48 51
48 55
48 57
48 58
48 59
48 60
48 61
48 62
48 65
48 66
48 67
48 69
48 70
48 71
48 72
48 73
48 74
48 75
49 1
49 4
49 5
49 6
49 8
49 9
49 10
49 12
49 14
49 15
49 16
49 17
49 18
49 19
49 20
49 22
49 25
49 26
49 27
49 30
49 31
49 32
49 34
49 35
49 39
49 40
49 41
49 43
49 44
49 48
49 50
49 51
49 56
49 59
49 60
49 61
49 62
49 64
49 65
49 66
49 67
49 69
49 72
49 73
49 74
49 75
50 1
50 3
50 4
50 6
50 9
50 10
50 11
50 13
50 14
50 15
50 16
50 17
50 18
50 19
50 20
50 21
50 22
50 23
50 25
50 26
50 27
50 28
50 29
50 31
50 32
50 39
50 41
50 42
50 49
50 52
50 53
50 54
50 57
50 58
50 59
50 62
50 63
50 65
50 66
50 68
50 69
50 71
50 73
50 75
51 2
51 3
51 4
51 6
51 9
51 11
51 12
51 13
51 14
51 15
51 16
51 19
51 20
51 21
51 23
51 24
51 25
51 27
51 30
51 32
51 33
51 34
51 35
51 37
51 38
51 39
51 44
51 45
51 48
51 49
51 52
51 54
51 58
51 59
51 60
51 61
51 63
51 64
51 65
51 67
51 69
51 71
51 72
51 73
51 74
52 1
52 2
52 3
52 7
52 10
52 14
52 15
52 18
52 19
52 20
52 21
52 22
52 23
52 25
52 26
52 28
52 29
52 30
52 32
52 34
52 37
52 38
52 41
52 43
52 46
52 47
52 50
52 51
52 55
52 57
52 58
52 59
52 61
52 62
52 65
52 66
52 67
52 68
52 69
52 71
52 72
52 73
52 74
52 75
53 1
53 2
53 4
53 5
53 6
53 8
53 9
53 10
53 11
53 14
53 15
53 16
53 18
53 19
53 21
53 22
53 24
53 26
53 27
53 29
53 30
53 31
53 32
53 34
53 35
53 37
53 38
53 40
53 41
53 42
53 44
53 45
53 46
53 47
53 50
53 54
53 60
53 63
53 64
53 65
53 66
53 67
53 69
53 73
53 74
53 75
54 1
54 2
54 3
54 4
54 6
54 7
54 8
54 9
54 11
54 13
54 14
54 15
54 16
54 17
54 21
54 22
54 24
54 26
54 28
54 30
54 31
54 32
54 33
54 34
54 41
54 43
54 44
54 45
54 46
54 47
54 50
54 51
54 53
54 56
54 60
54 61
54 63
54 64
54 66
54 67
54 68
54 69
54 70
54 73
54 74
54 75
55 1
55 2
55 5
55 6
55 10
55 11
55 15
55 17
55 18
55 19
55 20
55 21
55 27
55 29
55 30
55 31
55 33
55 34
55 36
55 37
55 38
55 39
55 41
55 43
55 46
55 47
55 48
55 52
55 57
55 58
55 59
55 60
55 61
55 63
55 65
55 66
55 67
55 70
55 72
55 74
56 2
56 3
56 4
56 7
56 8
56 10
56 14
56 15
56 16
56 18
56 19
56 20
56 21
56 23
56 24
56 25
56 26
56 27
56 31
56 32
56 33
56 37
56 38
56 40
56 41
56 42
56 43
56 45
56 46
56 47
56 49
56 54
56 57
56 59
56 63
56 64
56 66
56 67
56 71
56 72
56 74
57 1
57 2
57 3
57 5
57 6
57 9
57 10
57 11
57 12
57 13
57 14
57 15
57 16
57 18
57 19
57 21
57 22
57 23
57 26
57 28
57 31
57 33
57 35
57 38
57 39
57 42
57 43
57 46
57 47
57 48
57 50
57 52
57 55
57 56
57 58
57 59
57 60
57 61
57 62
57 67
57 68
57 70
57 71
57 72
58 2
58 3
58 4
58 6
58 9
58 10
58 11
58 12
58 16
58 17
58 18
58 19
58 21
58 24
58 25
58 26
58 27
58 28
58 29
58 32
58 33
58 35
58 36
58 37
58 42
58 43
58 44
58 45
58 46
58 47
58 48
58 50
58 51
58 52
58 55
58 57
58 60
58 61
58 63
58 64
58 65
58 66
58 67
58 71
58 73
58 74
58 75
59 1
59 4
59 6
59 8
59 9
59 11
59 13
59 14
59 15
59 19
59 20
59 23
59 24
59 26
59 28
59 29
59 31
59 32
59 33
59 35
59 39
59 41
59 45
59 48
59 49
59 50
59 51
59 52
59 55
59 56
59 57
59 60
59 61
59 62
59 64
59 65
59 67
59 68
59 69
59 70
60 1
60 3
60 4
60 5
60 7
60 8
60 9
60 10
60 11
60 12
60 13
60 14
60 15
60 18
60 20
60 21
60 22
60 23
60 24
60 25
60 26
60 27
60 28
60 31
60 34
60 35
60 37
60 38
60 42
60 46
60 47
60 48
60 49
60 51
60 53
60 54
60 55
60 57
60 58
60 59
60 61
60 62
60 63
60 64
60 72
60 75
61 2
61 3
61 7
61 8
61 11
61 12
61 13
61 15
61 16
61 17
61 20
61 21
61 23
61 24
61 27
61 31
61 35
61 36
61 40
61 41
61 42
61 45
61 46
61 48
61 49
61 51
61 52
61 54
61 55
61 57
61 58
61 59
61 60
61 65
61 67
61 69
61 71
61 72
61 73
61 74
61 75
62 1
62 2
62 4
62 5
62 7
62 8
62 9
62 10
62 11
62 16
62 17
62 19
62 20
62 26
62 28
62 29
62 30
62 32
62 33
62 35
62 36
62 42
62 44
62 47
62 48
62 49
62 50
62 52
62 57
62 59
62 60
62 63
62 66
62 69
62 75
63 2
63 5
63 6
63 7
63 8
63 9
63 11
63 12
63 13
63 14
63 15
63 16
63 18
63 19
63 21
63 24
63 25
63 27
63 31
63 33
63 34
63 35
63 36
63 37
63 40
63 41
63 42
63 43
63 44
63 46
63 50
63 51
63 53
63 54
63 55
63 56
63 58
63 60
63 62
63 64
63 65
63 66
63 68
63 71
63 72
63 73
63 74
64 2
64 3
64 5
64 7
64 8
64 9
64 10
64 12
64 15
64 17
64 19
64 20
64 21
64 22
64 23
64 25
64 27
64 28
64 30
64 33
64 35
64 36
64 37
64 38
64 39
64 41
64 42
64 44
64 45
64 47
64 49
64 51
64 53
64 54
64 56
64 58
64 59
64 60
64 63
64 66
64 67
64 68
64 69
64 70
64 72
64 74
64 75
65 1
65 2
65 3
65 4
65 5
65 6
65 7
65 8
65 9
65 10
65 11
65 12
65 14
65 16
65 17
65 19
65 20
65 21
65 22
65 24
65 25
65 26
65 27
65 29
65 31
65 32
65 33
65 34
65 35
65 36
65 37
65 40
65 41
65 45
65 47
65 48
65 49
65 50
65 51
65 52
65 53
65 55
65 58
65 59
65 61
65 63
65 66
65 67
65 68
65 70
65 72
65 73
65 74
66 1
66 2
66 3
66 5
66 6
66 7
66 8
66 10
66 11
66 13
66 14
66 17
66 18
66 19
66 22
66 25
66 26
66 27
66 28
66 29
66 30
66 33
66 36
66 37
66 38
66 39
66 40
66 41
66 43
66 44
66 47
66 48
66 49
66 50
66 52
66 53
66 54
66 55
66 56
66 58
66 62
66 63
66 64
66 65
66 68
66 69
66 70
66 71
66 72
66 75
67 3
67 6
67 8
67 11
67 12
67 14
67 15
67 18
67 20
67 21
67 22
67 25
67 26
67 27
67 28
67 30
67 32
67 36
67 37
67 38
67 39
67 41
67 42
67 43
67 44
67 45
67 46
67 47
67 48
67 49
67 51
67 52
67 53
67 54
67 55
67 56
67 57
67 58
67 59
67 61
67 64
67 65
67 69
67 70
67 71
67 72
67 74
67 75
68 1
68 2
68 4
68 7
68 8
68 9
68 11
68 12
68 14
68 16
68 17
68 18
68 19
68 20
68 21
68 22
68 24
68 25
68 27
68 28
68 29
68 30
68 32
68 33
68 34
68 35
68 37
68 38
68 39
68 40
68 42
68 43
68 44
68 45
68 46
68 47
68 50
68 52
68 54
68 57
68 59
68 63
68 64
68 65
68 66
68 69
68 70
68 71
68 72
68 73
68 75
69 1
69 2
69 3
69 4
69 6
69 8
69 9
69 10
69 14
69 16
69 21
69 22
69 24
69 25
69 26
69 27
69 29
69 30
69 31
69 33
69 35
69 36
69 37
69 38
69 39
69 42
69 43
69 44
69 46
69 48
69 49
69 50
69 51
69 52
69 53
69 54
69 59
69 61
69 62
69 64
69 66
69 67
69 68
69 70
69 74
70 1
70 2
70 3
70 5
70 6
70 7
70 11
70 13
70 15
70 16
70 17
70 19
70 22
70 24
70 25
70 26
70 27
70 28
70 29
70 31
70 35
70 38
70 39
70 40
70 42
70 44
70 45
70 46
70 47
70 48
70 54
70 55
70 57
70 59
70 64
70 65
70 66
70 67
70 68
70 69
70 71
70 73
70 75
71 2
71 3
71 4
71 5
71 7
71 8
71 9
71 11
71 12
71 13
71 14
71 15
71 18
71 19
71 20
71 24
71 26
71 27
71 30
71 32
71 33
71 34
71 35
71 37
71 38
71 39
71 40
71 41
71 43
71 44
71 45
71 46
71 48
71 50
71 51
71 52
71 56
71 57
71 58
71 61
71 63
71 66
71 67
71 68
71 70
71 73
72 1
72 2
72 3
72 4
72 7
72 8
72 9
72 11
72 14
72 15
72 16
72 18
72 19
72 20
72 23
72 24
72 25
72 28
72 29
72 30
72 32
72 34
72 36
72 37
72 38
72 40
72 41
72 44
72 46
72 48
72 49
72 51
72 52
72 55
72 56
72 57
72 60
72 61
72 63
72 64
72 65
72 66
72 67
72 68
72 73
73 2
73 6
73 7
73 9
73 10
73 11
73 12
73 13
73 14
73 16
73 17
73 19
73 20
73 22
73 23
73 24
73 25
73 27
73 28
73 29
73 30
73 31
73 35
73 37
73 38
73 39
73 40
73 42
73 43
73 45
73 47
73 48
73 49
73 50
73 51
73 52
73 53
73 54
73 58
73 61
73 63
73 65
73 68
73 70
73 71
73 72
73 75
74 1
74 3
74 4
74 6
74 9
74 14
74 15
74 16
74 20
74 21
74 23
74 25
74 28
74 29
74 30
74 31
74 32
74 34
74 36
74 38
74 39
74 40
74 41
74 42
74 43
74 44
74 47
74 48
74 49
74 51
74 52
74 53
74 54
74 55
74 56
74 58
74 61
74 63
74 64
74 65
74 67
74 69
74 75
75 1
75 2
75 3
75 4
75 5
75 6
75 9
75 10
75 12
75 13
75 16
75 17
75 18
75 20
75 23
75 24
75 28
75 29
75 32
75 35
75 37
75 38
75 39
75 43
75 44
75 47
75 48
75 49
75 50
75 52
75 53
75 54
75 58
75 60
75 61
75 62
75 64
75 66
75 67
75 68
75 70
75 73
75 74
