75
1 2
1 3
1 5
1 6
1 9
1 10
1 11
1 12
1 15
1 17
1 22
1 24
1 25
1 26
1 27
1 30
1 31
1 34
1 36
1 37
1 40
1 41
1 42
1 48
1 49
1 51
1 52
1 53
1 55
1 56
1 59
1 60
1 61
1 62
1 64
1 67
1 68
1 70
1 72
1 73
1 75
2 1
2 4
2 6
2 7
2 8
2 9
2 11
2 12
2 13
2 14
2 16
2 17
2 18
2 19
2 20
2 24
2 25
2 27
2 28
2 30
2 34
2 38
2 39
2 40
2 41
2 42
2 43
2 45
2 46
2 48
2 51
2 54
2 55
2 56
2 58
2 60
2 62
2 63
2 65
2 66
2 68
2 69
2 73
2 74
3 1
3 5
3 7
3 9
3 10
3 11
3 12
3 13
3 14
3 15
3 18
3 19
3 20
3 21
3 24
3 26
3 28
3 30
3 32
3 33
3 34
3 36
3 38
3 39
3 40
3 41
3 42
3 43
3 44
3 47
3 49
3 50
3 51
3 52
3 53
3 54
3 58
3 59
3 60
3 61
3 62
3 64
3 67
3 68
3 69
3 70
3 71
3 73
4 2
4 8
4 9
4 10
4 11
4 15
4 16
4 17
4 19
4 20
4 22
4 24
4 25
4 26
4 30
4 33
4 35
4 37
4 39
4 40
4 41
4 42
4 43
4 44
4 45
4 46
4 51
4 52
4 53
4 57
4 58
4 59
4 61
4 62
4 63
4 64
4 66
4 67
4 68
4 69
4 70
4 71
4 72
4 73
5 1
5 3
5 6
5 7
5 8
5 10
5 12
5 14
5 16
5 18
5 21
5 25
5 26
5 27
5 28
5 33
5 34
5 35
5 38
5 39
5 42
5 44
5 46
5 48
5 49
5 51
5 52
5 53
5 54
5 55
5 56
5 57
5 58
5 61
5 62
5 63
5 65
5 67
5 70
5 71
5 72
5 74
5 75
6 1
6 2
6 5
6 8
6 9
6 10
6 13
6 14
6 18
6 19
6 20
6 21
6 24
6 25
6 26
6 28
6 31
6 35
6 36
6 37
6 38
6 39
6 42
6 44
6 45
6 46
6 47
6 48
6 49
6 50
6 51
6 56
6 58
6 59
6 60
6 61
6 63
6 67
6 68
6 71
6 72
6 73
7 2
7 3
7 5
7 9
7 10
7 12
7 14
7 16
7 19
7 21
7 22
7 23
7 24
7 25
7 26
7 27
7 28
7 29
7 30
7 31
7 32
7 36
7 38
7 39
7 40
7 42
7 45
7 46
7 47
7 48
7 49
7 51
7 52
7 54
7 56
7 57
7 58
7 59
7 61
7 62
7 63
7 64
7 65
7 66
7 67
7 69
7 70
7 72
7 73
7 75
8 2
8 4
8 5
8 6
8 9
8 12
8 14
8 15
8 18
8 19
8 20
8 21
8 22
8 23
8 24
8 25
8 27
8 28
8 29
8 31
8 33
8 34
8 35
8 37
8 38
8 39
8 42
8 43
8 44
8 46
8 47
8 49
8 52
8 53
8 56
8 58
8 59
8 63
8 64
8 65
8 66
8 67
8 69
8 70
8 71
8 72
8 73
8 74
8 75
9 1
9 2
9 3
9 4
9 6
9 7
9 8
9 10
9 12
9 13
9 14
9 15
9 16
9 17
9 18
9 19
9 20
9 21
9 23
9 24
9 26
9 27
9 28
9 29
9 30
9 31
9 35
9 36
9 37
9 40
9 42
9 43
9 44
9 45
9 47
9 49
9 50
9 51
9 52
9 53
9 56
9 57
9 58
9 60
9 62
9 64
9 65
9 66
9 67
9 70
9 72
9 73
9 75
10 1
10 3
10 4
10 5
10 6
10 7
10 9
10 12
10 13
10 14
10 16
10 18
10 19
10 20
10 21
10 22
10 29
10 30
10 31
10 33
10 34
10 35
10 36
10 37
10 38
10 39
10 40
10 41
10 42
10 43
10 47
10 48
10 49
10 50
10 53
10 54
10 55
10 56
10 57
10 60
10 67
10 69
10 70
10 71
10 72
10 73
10 74
11 1
11 2
11 3
11 4
11 12
11 13
11 15
11 16
11 17
11 19
11 22
11 26
11 27
11 28
11 31
11 32
11 37
11 40
11 41
11 43
11 46
11 48
11 52
11 54
11 55
11 56
11 57
11 58
11 59
11 60
11 61
11 62
11 66
11 68
11 70
11 71
11 73
11 75
12 1
12 2
12 3
12 5
12 7
12 8
12 9
12 10
12 11
12 15
12 17
12 18
12 19
12 20
12 22
12 23
12 26
12 28
12 29
12 30
12 31
12 32
12 35
12 37
12 38
12 39
12 41
12 42
12 44
12 46
12 47
12 49
12 50
12 52
12 53
12 54
12 56
12 58
12 59
12 60
12 62
12 63
12 65
12 66
12 68
12 69
12 70
12 72
12 73
12 74
13 2
13 3
13 6
13 9
13 10
13 11
13 14
13 15
13 16
13 17
13 18
13 19
13 22
13 24
13 25
13 26
13 27
13 28
13 29
13 31
13 32
13 34
13 35
13 38
13 41
13 45
13 46
13 47
13 48
13 49
13 51
13 52
13 53
13 57
13 64
13 66
13 69
13 70
13 71
13 73
13 75
14 2
14 3
14 5
14 6
14 7
14 8
14 9
14 10
14 13
14 18
14 20
14 21
14 25
14 26
14 28
14 30
14 31
14 40
14 41
14 42
14 47
14 50
14 51
14 52
14 56
14 58
14 61
14 62
14 64
14 65
14 66
14 69
14 73
14 74
15 1
15 3
15 4
15 8
15 9
15 11
15 12
15 13
15 16
15 19
15 20
15 21
15 22
15 24
15 26
15 29
15 30
15 31
15 32
15 34
15 36
15 37
15 38
15 39
15 42
15 45
15 46
15 47
15 48
15 52
15 53
15 55
15 56
15 57
15 58
15 59
15 60
15 61
15 62
15 63
15 64
15 66
15 70
15 71
15 72
15 75
16 2
16 4
16 5
16 7
16 9
16 10
16 11
16 13
16 15
16 17
16 21
16 22
16 24
16 25
16 26
16 27
16 28
16 29
16 30
16 32
16 33
16 34
16 37
16 38
16 40
16 41
16 44
16 45
16 46
16 49
16 50
16 51
16 52
16 53
16 55
16 56
16 58
16 61
16 62
16 64
16 65
16 67
16 68
16 70
16 71
16 72
16 73
17 1
17 2
17 4
17 9
17 11
17 12
17 13
17 16
17 18
17 19
17 20
17 21
17 23
17 24
17 28
17 30
17 31
17 33
17 34
17 35
17 37
17 41
17 43
17 46
17 47
17 48
17 49
17 50
17 51
17 52
17 53
17 55
17 58
17 59
17 60
17 61
17 64
17 65
17 66
17 67
17 68
17 69
17 70
17 74
18 2
18 3
18 5
18 6
18 8
18 9
18 10
18 12
18 13
18 14
18 17
18 19
18 20
18 22
18 23
18 24
18 25
18 27
18 31
18 35
18 36
18 37
18 38
18 39
18 41
18 42
18 43
18 44
18 45
18 46
18 47
18 48
18 49
18 51
18 52
18 54
18 56
18 57
18 59
18 60
18 61
18 62
18 63
18 65
18 66
18 68
18 69
18 70
18 71
18 72
18 74
18 75
19 2
19 3
19 4
19 6
19 7
19 8
19 9
19 10
19 11
19 12
19 13
19 15
19 17
19 18
19 20
19 21
19 22
19 24
19 27
19 28
19 30
19 31
19 32
19 33
19 34
19 35
19 46
19 47
19 48
19 51
19 52
19 53
19 54
19 55
19 56
19 59
19 60
19 61
19 63
19 64
19 65
19 66
19 67
19 69
19 70
19 72
19 73
20 2
20 3
20 4
20 6
20 8
20 9
20 10
20 12
20 14
20 15
20 17
20 18
20 19
20 21
20 22
20 23
20 24
20 25
20 27
20 29
20 30
20 31
20 32
20 33
20 35
20 36
20 37
20 38
20 39
20 40
20 41
20 46
20 47
20 50
20 51
20 52
20 55
20 56
20 58
20 60
20 61
20 62
20 64
20 65
20 66
20 69
20 72
20 74
20 75
21 3
21 5
21 6
21 7
21 8
21 9
21 10
21 14
21 15
21 16
21 17
21 19
21 20
21 22
21 28
21 33
21 35
21 38
21 40
21 41
21 42
21 43
21 44
21 45
21 46
21 47
21 48
21 49
21 50
21 51
21 53
21 54
21 57
21 59
21 60
21 61
21 63
21 66
21 67
21 69
21 70
21 71
21 72
21 73
22 1
22 4
22 7
22 8
22 10
22 11
22 12
22 13
22 15
22 16
22 18
22 19
22 20
22 21
22 23
22 24
22 25
22 26
22 30
22 32
22 33
22 35
22 36
22 37
22 38
22 39
22 40
22 47
22 48
22 51
22 52
22 57
22 58
22 60
22 61
22 64
22 65
22 66
22 67
22 68
22 71
22 74
22 75
23 7
23 8
23 9
23 12
23 17
23 18
23 20
23 22
23 28
23 29
23 30
23 31
23 32
23 35
23 36
23 37
23 39
23 41
23 42
23 45
23 46
23 49
23 50
23 53
23 55
23 57
23 58
23 60
23 63
23 66
23 67
23 69
23 70
23 71
23 72
23 73
24 1
24 2
24 3
24 4
24 6
24 7
24 8
24 9
24 13
24 15
24 16
24 17
24 18
24 19
24 20
24 22
24 25
24 27
24 30
24 34
24 35
24 37
24 40
24 42
24 45
24 46
24 48
24 49
24 51
24 52
24 55
24 58
24 60
24 63
24 68
24 69
24 70
24 71
24 73
24 74
24 75
25 1
25 2
25 4
25 5
25 6
25 7
25 8
25 13
25 14
25 16
25 18
25 20
25 22
25 24
25 26
25 27
25 29
25 30
25 33
25 34
25 38
25 39
25 42
25 43
25 44
25 45
25 46
25 47
25 48
25 50
25 51
25 53
25 54
25 55
25 56
25 59
25 60
25 61
25 65
25 66
25 68
25 69
25 74
25 75
26 1
26 3
26 4
26 5
26 6
26 7
26 9
26 11
26 12
26 13
26 14
26 15
26 16
26 22
26 25
26 27
26 29
26 30
26 31
26 32
26 35
26 36
26 37
26 38
26 39
26 40
26 41
26 44
26 46
26 47
26 48
26 50
26 51
26 52
26 53
26 55
26 57
26 60
26 61
26 63
26 65
26 66
26 67
26 68
26 69
26 71
26 73
26 75
27 1
27 2
27 5
27 7
27 8
27 9
27 11
27 13
27 16
27 18
27 19
27 20
27 24
27 25
27 26
27 28
27 29
27 30
27 31
27 32
27 34
27 36
27 37
27 38
27 42
27 43
27 44
27 45
27 46
27 49
27 51
27 54
27 56
27 59
27 60
27 61
27 62
27 63
27 64
27 65
27 66
27 68
27 69
27 70
27 71
27 72
27 74
27 75
28 2
28 3
28 5
28 6
28 7
28 8
28 9
28 11
28 12
28 13
28 14
28 16
28 17
28 19
28 21
28 23
28 27
28 31
28 33
28 34
28 35
28 36
28 38
28 40
28 41
28 42
28 43
28 46
28 47
28 48
28 49
28 51
28 52
28 53
28 56
28 58
28 59
28 62
28 64
28 65
28 67
28 68
28 69
28 71
28 72
28 74
29 7
29 8
29 9
29 10
29 12
29 13
29 15
29 16
29 20
29 23
29 25
29 26
29 27
29 30
29 31
29 33
29 34
29 36
29 37
29 39
29 40
29 41
29 44
29 45
29 47
29 48
29 49
29 50
29 53
29 54
29 57
29 62
29 65
29 66
29 68
29 69
29 70
29 71
29 72
29 74
29 75
30 1
30 2
30 3
30 4
30 7
30 9
30 10
30 12
30 14
30 15
30 16
30 17
30 19
30 20
30 22
30 23
30 24
30 25
30 26
30 27
30 29
30 31
30 33
30 38
30 40
30 43
30 44
30 46
30 47
30 49
30 50
30 53
30 55
30 57
30 58
30 60
30 61
30 63
30 64
30 65
30 69
30 72
30 75
31 1
31 6
31 7
31 8
31 9
31 10
31 11
31 12
31 13
31 14
31 15
31 17
31 18
31 19
31 20
31 23
31 26
31 27
31 28
31 29
31 30
31 32
31 33
31 34
31 35
31 37
31 40
31 42
31 44
31 46
31 48
31 49
31 52
31 53
31 54
31 55
31 57
31 58
31 62
31 63
31 64
31 65
31 68
31 69
31 71
31 72
31 75
32 3
32 7
32 11
32 12
32 13
32 15
32 16
32 19
32 20
32 22
32 23
32 26
32 27
32 31
32 34
32 35
32 36
32 37
32 41
32 43
32 45
32 47
32 49
32 50
32 52
32 53
32 55
32 56
32 57
32 59
32 60
32 61
32 62
32 63
32 69
32 70
32 72
32 73
33 3
33 4
33 5
33 8
33 10
33 16
33 17
33 19
33 20
33 21
33 22
33 25
33 28
33 29
33 30
33 31
33 35
33 37
33 38
33 39
33 40
33 41
33 42
33 43
33 52
33 53
33 55
33 57
33 58
33 60
33 61
33 62
33 67
33 68
33 70
33 73
33 74
33 75
34 1
34 2
34 3
34 5
34 8
34 10
34 13
34 15
34 16
34 17
34 19
34 24
34 25
34 27
34 28
34 29
34 31
34 32
34 35
34 37
34 38
34 39
34 42
34 43
34 44
34 45
34 46
34 47
34 49
34 50
34 52
34 53
34 54
34 56
34 59
34 60
34 61
34 64
34 65
34 70
34 71
34 73
34 74
35 4
35 5
35 6
35 8
35 9
35 10
35 12
35 13
35 17
35 18
35 19
35 20
35 21
35 22
35 23
35 24
35 26
35 28
35 31
35 32
35 33
35 34
35 36
35 37
35 38
35 39
35 40
35 41
35 42
35 44
35 45
35 46
35 47
35 49
35 52
35 53
35 54
35 59
35 60
35 61
35 63
35 64
35 65
35 66
35 67
35 68
35 69
35 71
35 72
35 74
35 75
36 1
36 3
36 6
36 7
36 9
36 10
36 15
36 18
36 20
36 22
36 23
36 26
36 27
36 28
36 29
36 32
36 35
36 37
36 38
36 40
36 42
36 43
36 44
36 45
36 46
36 49
36 51
36 52
36 55
36 57
36 61
36 63
36 68
36 69
36 71
36 72
36 73
36 74
36 75
37 1
37 4
37 6
37 8
37 9
37 10
37 11
37 12
37 15
37 16
37 17
37 18
37 20
37 22
37 23
37 24
37 26
37 27
37 29
37 31
37 32
37 33
37 34
37 35
37 36
37 39
37 40
37 42
37 43
37 44
37 45
37 46
37 47
37 49
37 50
37 51
37 52
37 56
37 57
37 58
37 60
37 61
37 62
37 63
37 64
37 66
37 67
37 69
37 70
37 72
37 73
37 74
37 75
38 2
38 3
38 5
38 6
38 7
38 8
38 10
38 12
38 13
38 15
38 16
38 18
38 20
38 21
38 22
38 25
38 26
38 27
38 28
38 30
38 33
38 34
38 35
38 36
38 41
38 46
38 47
38 48
38 49
38 50
38 51
38 52
38 54
38 56
38 59
38 60
38 61
38 62
38 63
38 64
38 65
38 66
38 67
38 69
38 70
38 71
38 72
38 73
38 75
39 2
39 3
39 4
39 5
39 6
39 7
39 8
39 10
39 12
39 15
39 18
39 20
39 22
39 23
39 25
39 26
39 29
39 33
39 34
39 35
39 37
39 40
39 42
39 47
39 48
39 49
39 50
39 51
39 52
39 53
39 54
39 56
39 59
39 60
39 61
39 63
39 64
39 65
39 67
39 68
39 69
39 71
39 73
39 75
40 1
40 2
40 3
40 4
40 7
40 9
40 10
40 11
40 14
40 16
40 20
40 21
40 22
40 24
40 26
40 28
40 29
40 30
40 31
40 33
40 35
40 36
40 37
40 39
40 42
40 43
40 44
40 46
40 47
40 49
40 51
40 53
40 55
40 56
40 58
40 59
40 60
40 63
40 65
40 66
40 67
40 68
40 69
40 70
40 73
40 74
40 75
41 1
41 2
41 3
41 4
41 10
41 11
41 12
41 13
41 14
41 16
41 17
41 18
41 20
41 21
41 23
41 26
41 28
41 29
41 32
41 33
41 35
41 38
41 45
41 46
41 48
41 50
41 52
41 54
41 55
41 56
41 58
41 59
41 60
41 66
41 67
41 70
41 73
41 74
41 75
42 1
42 2
42 3
42 4
42 5
42 6
42 7
42 8
42 9
42 10
42 12
42 14
42 15
42 18
42 21
42 23
42 24
42 25
42 27
42 28
42 31
42 33
42 34
42 35
42 36
42 37
42 39
42 40
42 45
42 46
42 49
42 50
42 53
42 54
42 57
42 58
42 60
42 61
42 62
42 63
42 64
42 65
42 66
42 67
42 68
42 70
42 71
42 73
42 74
43 2
43 3
43 4
43 8
43 9
43 10
43 11
43 17
43 18
43 21
43 25
43 27
43 28
43 30
43 32
43 33
43 34
43 36
43 37
43 40
43 45
43 46
43 47
43 48
43 50
43 56
43 57
43 58
43 60
43 61
43 62
43 63
43 64
43 66
43 68
43 69
43 71
43 72
43 73
43 75
44 3
44 4
44 5
44 6
44 8
44 9
44 12
44 16
44 18
44 21
44 25
44 26
44 27
44 29
44 30
44 31
44 34
44 35
44 36
44 37
44 40
44 46
44 47
44 48
44 50
44 51
44 52
44 54
44 57
44 58
44 59
44 62
44 63
44 65
44 66
44 67
44 68
44 69
44 70
44 71
44 73
45 2
45 4
45 6
45 7
45 9
45 13
45 15
45 16
45 18
45 21
45 23
45 24
45 25
45 27
45 29
45 32
45 34
45 35
45 36
45 37
45 41
45 42
45 43
45 47
45 48
45 50
45 51
45 52
45 54
45 55
45 56
45 59
45 61
45 62
45 63
45 64
45 67
45 68
45 69
45 70
45 72
45 74
45 75
46 2
46 4
46 5
46 6
46 7
46 8
46 11
46 12
46 13
46 15
46 16
46 17
46 18
46 19
46 20
46 21
46 23
46 24
46 25
46 26
46 27
46 28
46 30
46 31
46 34
46 35
46 36
46 37
46 38
46 40
46 41
46 42
46 43
46 44
46 48
46 50
46 52
46 53
46 55
46 56
46 57
46 58
46 59
46 60
46 61
46 62
46 65
46 68
46 69
46 71
46 72
46 73
47 3
47 6
47 7
47 8
47 9
47 10
47 12
47 13
47 14
47 15
47 17
47 18
47 19
47 20
47 21
47 22
47 25
47 26
47 28
47 29
47 30
47 32
47 34
47 35
47 37
47 38
47 39
47 40
47 43
47 44
47 45
47 48
47 51
47 54
47 55
47 57
47 59
47 61
47 67
47 68
47 69
47 70
47 71
47 75
48 1
48 2
48 5
48 6
48 7
48 10
48 11
48 13
48 15
48 17
48 18
48 19
48 21
48 22
48 24
48 25
48 26
48 28
48 29
48 31
48 38
48 39
48 41
48 43
48 44
48 45
48 46
48 47
48 50
48 53
48 54
48 56
48 57
48 58
48 60
48 61
48 62
48 63
48 65
48 70
48 71
48 73
48 74
49 1
49 3
49 5
49 6
49 7
49 8
49 9
49 10
49 12
49 13
49 16
49 17
49 18
49 21
49 23
49 24
49 27
49 28
49 29
49 30
49 31
49 32
49 34
49 35
49 36
49 37
49 38
49 39
49 40
49 42
49 50
49 51
49 52
49 53
49 55
49 56
49 58
49 59
49 60
49 61
49 63
49 64
49 66
49 72
49 73
49 75
50 3
50 6
50 9
50 10
50 12
50 14
50 16
50 17
50 20
50 21
50 23
50 25
50 26
50 29
50 30
50 32
50 34
50 37
50 38
50 39
50 41
50 42
50 43
50 44
50 45
50 46
50 48
50 49
50 54
50 55
50 57
50 59
50 60
50 61
50 62
50 63
50 64
50 67
50 68
50 69
50 72
50 73
50 75
51 1
51 2
51 3
51 4
51 5
51 6
51 7
51 9
51 13
51 14
51 16
51 17
51 18
51 19
51 20
51 21
51 22
51 24
51 25
51 26
51 27
51 28
51 36
51 37
51 38
51 39
51 40
51 44
51 45
51 47
51 49
51 54
51 55
51 57
51 58
51 60
51 63
51 64
51 65
51 66
51 68
51 69
51 70
51 71
51 72
51 73
51 75
52 1
52 3
52 4
52 5
52 7
52 8
52 9
52 11
52 12
52 13
52 14
52 15
52 16
52 17
52 18
52 19
52 20
52 22
52 24
52 26
52 28
52 31
52 32
52 33
52 34
52 35
52 36
52 37
52 38
52 39
52 41
52 44
52 45
52 46
52 49
52 54
52 56
52 57
52 59
52 60
52 61
52 63
52 65
52 66
52 67
52 68
52 70
52 71
52 72
52 73
52 75
53 1
53 3
53 4
53 5
53 8
53 9
53 10
53 12
53 13
53 15
53 16
53 17
53 19
53 21
53 23
53 25
53 26
53 28
53 29
53 30
53 31
53 32
53 33
53 34
53 35
53 39
53 40
53 42
53 46
53 48
53 49
53 57
53 58
53 59
53 60
53 61
53 63
53 64
53 65
53 66
53 68
53 71
53 73
53 74
53 75
54 2
54 3
54 5
54 7
54 10
54 11
54 12
54 18
54 19
54 21
54 25
54 27
54 29
54 31
54 34
54 35
54 38
54 39
54 41
54 42
54 44
54 45
54 47
54 48
54 50
54 51
54 52
54 55
54 56
54 59
54 60
54 61
54 64
54 65
54 66
54 67
54 68
54 71
54 73
54 74
54 75
55 1
55 2
55 5
55 10
55 11
55 15
55 16
55 17
55 19
55 20
55 23
55 24
55 25
55 26
55 30
55 31
55 32
55 33
55 36
55 40
55 41
55 45
55 46
55 47
55 49
55 50
55 51
55 54
55 56
55 57
55 58
55 60
55 61
55 63
55 64
55 65
55 66
55 68
55 70
55 71
55 72
55 73
55 74
56 1
56 2
56 5
56 6
56 7
56 8
56 9
56 10
56 11
56 12
56 14
56 15
56 16
56 18
56 19
56 20
56 25
56 27
56 28
56 32
56 34
56 37
56 38
56 39
56 40
56 41
56 43
56 45
56 46
56 48
56 49
56 52
56 54
56 55
56 58
56 59
56 60
56 61
56 66
56 69
56 71
56 72
56 73
56 74
57 4
57 5
57 7
57 9
57 10
57 11
57 13
57 15
57 18
57 21
57 22
57 23
57 26
57 29
57 30
57 31
57 32
57 33
57 36
57 37
57 42
57 43
57 44
57 46
57 47
57 48
57 50
57 51
57 52
57 53
57 55
57 58
57 59
57 60
57 62
57 63
57 64
57 65
57 66
57 69
57 72
57 73
57 74
57 75
58 2
58 3
58 4
58 5
58 6
58 7
58 8
58 9
58 11
58 12
58 14
58 15
58 16
58 17
58 20
58 22
58 23
58 24
58 28
58 30
58 31
58 33
58 37
58 40
58 41
58 42
58 43
58 44
58 46
58 48
58 49
58 51
58 53
58 55
58 56
58 57
58 59
58 60
58 61
58 64
58 68
58 69
58 70
58 71
58 73
58 75
59 1
59 3
59 4
59 6
59 7
59 8
59 11
59 12
59 15
59 17
59 18
59 19
59 21
59 25
59 27
59 28
59 32
59 34
59 35
59 38
59 39
59 40
59 41
59 44
59 45
59 46
59 47
59 49
59 50
59 52
59 53
59 54
59 56
59 57
59 58
59 60
59 61
59 62
59 63
59 64
59 65
59 66
59 67
59 69
59 70
59 71
59 72
59 73
59 74
60 1
60 2
60 3
60 6
60 9
60 10
60 11
60 12
60 15
60 17
60 18
60 19
60 20
60 21
60 22
60 23
60 24
60 25
60 26
60 27
60 30
60 32
60 33
60 34
60 35
60 37
60 38
60 39
60 40
60 41
60 42
60 43
60 46
60 48
60 49
60 50
60 51
60 52
60 53
60 54
60 55
60 56
60 57
60 58
60 59
60 61
60 62
60 63
60 64
60 65
60 66
60 67
60 69
60 70
60 71
60 74
60 75
61 1
61 3
61 4
61 5
61 6
61 7
61 11
61 14
61 15
61 16
61 17
61 18
61 19
61 20
61 21
61 22
61 25
61 26
61 27
61 30
61 32
61 33
61 34
61 35
61 36
61 37
61 38
61 39
61 42
61 43
61 45
61 46
61 47
61 48
61 49
61 50
61 52
61 53
61 54
61 55
61 56
61 58
61 59
61 60
61 64
61 67
61 70
61 71
61 73
61 74
61 75
62 1
62 2
62 3
62 4
62 5
62 7
62 9
62 11
62 12
62 14
62 15
62 16
62 18
62 20
62 27
62 28
62 29
62 31
62 32
62 33
62 37
62 38
62 42
62 43
62 44
62 45
62 46
62 48
62 50
62 57
62 59
62 60
62 63
62 64
62 65
62 69
62 71
62 72
62 75
63 2
63 4
63 5
63 6
63 7
63 8
63 12
63 15
63 18
63 19
63 21
63 23
63 24
63 26
63 27
63 30
63 31
63 32
63 35
63 36
63 37
63 38
63 39
63 40
63 42
63 43
63 44
63 45
63 48
63 49
63 50
63 51
63 52
63 53
63 55
63 57
63 59
63 60
63 62
63 65
63 67
63 68
63 69
63 70
63 73
64 1
64 3
64 4
64 7
64 8
64 9
64 13
64 14
64 15
64 16
64 17
64 19
64 20
64 22
64 27
64 28
64 30
64 31
64 34
64 35
64 37
64 38
64 39
64 42
64 43
64 45
64 49
64 50
64 51
64 53
64 54
64 55
64 57
64 58
64 59
64 60
64 61
64 62
64 65
64 66
64 67
64 68
64 70
64 71
64 72
64 73
64 74
64 75
65 2
65 5
65 7
65 8
65 9
65 12
65 14
65 16
65 17
65 18
65 19
65 20
65 22
65 25
65 26
65 27
65 28
65 29
65 30
65 31
65 34
65 35
65 38
65 39
65 40
65 42
65 44
65 46
65 48
65 51
65 52
65 53
65 54
65 55
65 57
65 59
65 60
65 62
65 63
65 64
65 67
65 68
65 70
65 71
65 73
66 2
66 4
66 7
66 8
66 9
66 11
66 12
66 13
66 14
66 15
66 17
66 18
66 19
66 20
66 21
66 22
66 23
66 25
66 26
66 27
66 29
66 35
66 37
66 38
66 40
66 41
66 42
66 43
66 44
66 49
66 51
66 52
66 53
66 54
66 55
66 56
66 57
66 59
66 60
66 64
66 69
66 70
66 73
66 74
66 75
67 1
67 3
67 4
67 5
67 6
67 7
67 8
67 9
67 10
67 16
67 17
67 19
67 21
67 22
67 23
67 26
67 28
67 33
67 35
67 37
67 38
67 39
67 40
67 41
67 42
67 44
67 45
67 47
67 50
67 52
67 54
67 59
67 60
67 61
67 63
67 64
67 65
67 68
67 73
67 74
67 75
68 1
68 2
68 3
68 4
68 6
68 11
68 12
68 16
68 17
68 18
68 22
68 24
68 25
68 26
68 27
68 28
68 29
68 31
68 33
68 35
68 36
68 39
68 40
68 42
68 43
68 44
68 45
68 46
68 47
68 50
68 51
68 52
68 53
68 54
68 55
68 58
68 63
68 64
68 65
68 67
69 2
69 3
69 4
69 7
69 8
69 10
69 12
69 13
69 14
69 17
69 18
69 19
69 20
69 21
69 23
69 24
69 25
69 26
69 27
69 28
69 29
69 30
69 31
69 32
69 35
69 36
69 37
69 38
69 39
69 40
69 43
69 44
69 45
69 46
69 47
69 50
69 51
69 56
69 57
69 58
69 59
69 60
69 62
69 63
69 66
69 70
69 71
69 74
70 1
70 3
70 4
70 5
70 7
70 8
70 9
70 10
70 11
70 12
70 13
70 15
70 16
70 17
70 18
70 19
70 21
70 23
70 24
70 27
70 29
70 32
70 33
70 34
70 37
70 38
70 40
70 41
70 42
70 44
70 45
70 47
70 48
70 51
70 52
70 55
70 58
70 59
70 60
70 61
70 63
70 64
70 65
70 66
70 69
70 71
70 72
70 73
70 74
70 75
71 3
71 4
71 5
71 6
71 8
71 10
71 11
71 13
71 15
71 16
71 18
71 21
71 22
71 23
71 24
71 26
71 27
71 28
71 29
71 31
71 34
71 35
71 36
71 38
71 39
71 42
71 43
71 44
71 46
71 47
71 48
71 51
71 52
71 53
71 54
71 55
71 56
71 58
71 59
71 60
71 61
71 62
71 64
71 65
71 69
71 70
71 72
71 74
72 1
72 4
72 5
72 6
72 7
72 8
72 9
72 10
72 12
72 15
72 16
72 18
72 19
72 20
72 21
72 23
72 27
72 28
72 29
72 30
72 31
72 32
72 35
72 36
72 37
72 38
72 43
72 45
72 46
72 49
72 50
72 51
72 52
72 55
72 56
72 57
72 59
72 62
72 64
72 70
72 71
72 73
72 75
73 1
73 2
73 3
73 4
73 6
73 7
73 8
73 9
73 10
73 11
73 12
73 13
73 14
73 16
73 19
73 21
73 23
73 24
73 26
73 32
73 33
73 34
73 36
73 37
73 38
73 39
73 40
73 41
73 42
73 43
73 44
73 46
73 48
73 49
73 50
73 51
73 52
73 53
73 54
73 55
73 56
73 57
73 58
73 59
73 61
73 63
73 64
73 65
73 66
73 67
73 70
73 72
73 74
74 2
74 5
74 8
74 10
74 12
74 14
74 17
74 18
74 20
74 22
74 24
74 25
74 27
74 28
74 29
74 33
74 34
74 35
74 36
74 37
74 40
74 41
74 42
74 45
74 48
74 53
74 54
74 55
74 56
74 57
74 59
74 60
74 61
74 64
74 66
74 67
74 69
74 70
74 71
74 73
75 1
75 5
75 7
75 8
75 9
75 11
75 13
75 15
75 18
75 20
75 22
75 24
75 25
75 26
75 27
75 29
75 30
75 31
75 33
75 35
75 36
75 37
75 38
75 39
75 40
75 41
75 43
75 45
75 47
75 49
75 50
75 51
75 52
75 53
75 54
75 57
75 58
75 60
75 61
75 62
75 64
75 66
75 67
75 70
75 72
