75
1 2
1 3
1 4
1 6
1 7
1 8
1 10
1 11
1 12
1 13
1 15
1 16
1 21
1 25
1 27
1 29
1 34
1 35
1 38
1 39
1 43
1 44
1 45
1 46
1 47
1 49
1 50
1 55
1 56
1 57
1 58
1 60
1 61
1 67
1 69
1 70
1 71
1 72
1 73
1 74
1 75
2 1
2 3
2 4
2 7
2 9
2 10
2 13
2 16
2 17
2 19
2 20
2 22
2 24
2 26
2 29
2 31
2 33
2 35
2 36
2 40
2 42
2 45
2 47
2 49
2 50
2 51
2 52
2 53
2 56
2 57
2 59
2 60
2 61
2 64
2 65
2 67
2 69
2 71
2 72
2 75
3 1
3 2
3 5
3 7
3 8
3 9
3 11
3 13
3 14
3 16
3 19
3 20
3 22
3 25
3 26
3 27
3 30
3 31
3 32
3 35
3 38
3 40
3 43
3 45
3 46
3 47
3 48
3 50
3 51
3 52
3 53
3 54
3 57
3 58
3 61
3 62
3 64
3 65
3 66
3 67
3 68
3 69
3 71
4 1
4 2
4 7
4 8
4 9
4 11
4 13
4 14
4 18
4 19
4 20
4 22
4 23
4 24
4 26
4 27
4 28
4 30
4 31
4 33
4 34
4 37
4 38
4 39
4 41
4 42
4 44
4 46
4 49
4 50
4 51
4 56
4 57
4 60
4 61
4 66
4 67
4 68
4 71
4 72
4 73
4 75
5 3
5 6
5 9
5 11
5 14
5 15
5 17
5 19
5 20
5 21
5 22
5 24
5 26
5 28
5 29
5 30
5 31
5 33
5 34
5 36
5 38
5 41
5 42
5 43
5 44
5 45
5 47
5 49
5 50
5 51
5 52
5 53
5 55
5 57
5 63
5 64
5 65
5 67
5 69
5 71
5 72
5 73
6 1
6 5
6 8
6 9
6 10
6 11
6 12
6 14
6 17
6 18
6 21
6 22
6 23
6 27
6 28
6 32
6 33
6 34
6 37
6 38
6 39
6 40
6 41
6 42
6 43
6 45
6 48
6 50
6 52
6 53
6 55
6 56
6 58
6 60
6 61
6 64
6 67
6 68
6 70
6 71
6 72
6 73
6 74
6 75
7 1
7 2
7 3
7 4
7 10
7 12
7 15
7 16
7 17
7 21
7 23
7 26
7 29
7 31
7 33
7 34
7 37
7 42
7 43
7 44
7 45
7 46
7 47
7 48
7 49
7 51
7 53
7 54
7 56
7 59
7 60
7 61
7 62
7 63
7 67
7 69
7 72
7 73
7 74
7 75
8 1
8 3
8 4
8 6
8 9
8 10
8 11
8 13
8 14
8 15
8 17
8 18
8 23
8 26
8 27
8 28
8 29
8 30
8 32
8 33
8 34
8 37
8 38
8 39
8 42
8 43
8 44
8 47
8 49
8 50
8 51
8 53
8 54
8 56
8 57
8 58
8 59
8 60
8 62
8 64
8 65
8 66
8 67
8 68
8 69
8 70
8 71
8 72
9 2
9 3
9 4
9 5
9 6
9 8
9 10
9 11
9 12
9 15
9 18
9 19
9 21
9 22
9 23
9 24
9 29
9 30
9 31
9 32
9 36
9 37
9 40
9 41
9 42
9 43
9 45
9 47
9 48
9 50
9 52
9 54
9 55
9 56
9 57
9 58
9 60
9 62
9 64
9 66
9 67
9 68
9 69
9 70
9 71
9 72
9 73
9 75
10 1
10 2
10 6
10 7
10 8
10 9
10 11
10 12
10 16
10 17
10 19
10 20
10 23
10 24
10 25
10 27
10 28
10 30
10 31
10 32
10 34
10 41
10 43
10 45
10 46
10 48
10 49
10 50
10 51
10 52
10 53
10 54
10 55
10 58
10 61
10 62
10 63
10 64
10 65
10 66
10 69
10 70
10 72
10 74
10 75
11 1
11 3
11 4
11 5
11 6
11 8
11 9
11 10
11 14
11 15
11 16
11 20
11 21
11 23
11 24
11 25
11 26
11 27
11 28
11 29
11 31
11 32
11 34
11 35
11 40
11 44
11 49
11 50
11 51
11 52
11 54
11 55
11 56
11 57
11 60
11 62
11 63
11 65
11 67
11 69
11 71
11 72
11 74
11 75
12 1
12 6
12 7
12 9
12 10
12 13
12 15
12 18
12 19
12 20
12 22
12 25
12 26
12 27
12 28
12 29
12 33
12 35
12 36
12 37
12 38
12 39
12 40
12 42
12 44
12 45
12 46
12 47
12 51
12 53
12 54
12 55
12 58
12 59
12 61
12 62
12 64
12 65
12 66
12 67
12 68
12 71
12 73
12 74
13 1
13 2
13 3
13 4
13 8
13 12
13 14
13 15
13 17
13 19
13 22
13 28
13 31
13 33
13 34
13 36
13 38
13 39
13 40
13 44
13 45
13 46
13 47
13 48
13 49
13 50
13 51
13 52
13 53
13 54
13 55
13 56
13 61
13 62
13 65
13 68
13 69
13 71
13 72
13 73
13 75
14 3
14 4
14 5
14 6
14 8
14 11
14 13
14 15
14 16
14 17
14 18
14 20
14 23
14 24
14 25
14 26
14 27
14 29
14 30
14 32
14 33
14 34
14 37
14 40
14 41
14 43
14 44
14 46
14 50
14 52
14 53
14 54
14 55
14 56
14 57
14 59
14 61
14 62
14 66
14 67
14 68
14 71
14 72
14 75
15 1
15 5
15 7
15 8
15 9
15 11
15 12
15 13
15 14
15 18
15 21
15 24
15 26
15 27
15 28
15 29
15 33
15 34
15 35
15 37
15 38
15 39
15 41
15 44
15 45
15 46
15 47
15 48
15 49
15 51
15 52
15 54
15 55
15 56
15 57
15 58
15 60
15 61
15 63
15 65
15 66
15 67
15 68
15 73
15 74
16 1
16 2
16 3
16 7
16 10
16 11
16 14
16 17
16 19
16 22
16 23
16 24
16 26
16 27
16 28
16 30
16 32
16 36
16 37
16 38
16 39
16 41
16 42
16 45
16 46
16 47
16 48
16 50
16 51
16 54
16 56
16 57
16 58
16 59
16 60
16 61
16 63
16 65
16 67
16 72
16 73
16 74
16 75
17 2
17 5
17 6
17 7
17 8
17 10
17 13
17 14
17 16
17 19
17 21
17 23
17 24
17 25
17 27
17 28
17 31
17 32
17 33
17 34
17 35
17 36
17 38
17 39
17 40
17 43
17 45
17 46
17 50
17 52
17 53
17 54
17 55
17 59
17 60
17 61
17 62
17 63
17 64
17 68
17 70
17 72
17 73
17 75
18 4
18 6
18 8
18 9
18 12
18 14
18 15
18 19
18 20
18 21
18 23
18 24
18 26
18 28
18 29
18 36
18 38
18 41
18 45
18 47
18 50
18 51
18 52
18 53
18 54
18 55
18 59
18 60
18 61
18 62
18 63
18 65
18 67
18 71
18 72
19 2
19 3
19 4
19 5
19 9
19 10
19 12
19 13
19 16
19 17
19 18
19 20
19 21
19 22
19 23
19 24
19 25
19 27
19 28
19 29
19 32
19 33
19 35
19 38
19 39
19 40
19 41
19 43
19 44
19 49
19 53
19 54
19 55
19 56
19 58
19 59
19 61
19 62
19 63
19 64
19 69
19 71
19 73
19 75
20 2
20 3
20 4
20 5
20 10
20 11
20 12
20 14
20 18
20 19
20 21
20 22
20 23
20 24
20 26
20 28
20 29
20 30
20 32
20 34
20 36
20 39
20 40
20 42
20 43
20 44
20 45
20 47
20 48
20 50
20 52
20 54
20 55
20 56
20 57
20 59
20 61
20 62
20 63
20 64
20 65
20 66
20 68
20 70
20 71
20 72
20 74
21 1
21 5
21 6
21 7
21 9
21 11
21 15
21 17
21 18
21 19
21 20
21 22
21 23
21 28
21 29
21 32
21 35
21 36
21 37
21 38
21 39
21 40
21 41
21 42
21 44
21 46
21 48
21 54
21 56
21 57
21 58
21 59
21 60
21 61
21 62
21 64
21 66
21 67
21 68
21 73
21 74
22 2
22 3
22 4
22 5
22 6
22 9
22 12
22 13
22 16
22 19
22 20
22 21
22 23
22 29
22 30
22 31
22 32
22 33
22 34
22 35
22 39
22 42
22 43
22 44
22 46
22 47
22 48
22 50
22 51
22 53
22 54
22 55
22 58
22 59
22 61
22 63
22 64
22 66
22 69
22 70
22 72
22 74
23 4
23 6
23 7
23 8
23 9
23 10
23 11
23 14
23 16
23 17
23 18
23 19
23 20
23 21
23 22
23 25
23 27
23 28
23 30
23 31
23 32
23 34
23 35
23 37
23 38
23 39
23 40
23 41
23 42
23 43
23 44
23 45
23 46
23 48
23 51
23 56
23 57
23 59
23 60
23 61
23 63
23 65
23 66
23 67
23 69
23 71
23 72
23 73
23 74
24 2
24 4
24 5
24 9
24 10
24 11
24 14
24 15
24 16
24 17
24 18
24 19
24 20
24 25
24 26
24 27
24 28
24 30
24 34
24 36
24 37
24 38
24 39
24 40
24 41
24 42
24 43
24 45
24 46
24 47
24 48
24 49
24 50
24 51
24 53
24 54
24 56
24 57
24 58
24 59
24 62
24 63
24 65
24 68
24 69
24 70
24 72
25 1
25 3
25 10
25 11
25 12
25 14
25 17
25 19
25 23
25 24
25 26
25 28
25 29
25 30
25 32
25 33
25 36
25 37
25 38
25 40
25 41
25 42
25 43
25 44
25 46
25 48
25 49
25 50
25 51
25 52
25 53
25 54
25 55
25 59
25 60
25 61
25 62
25 63
25 64
25 66
25 69
25 70
25 72
25 73
26 2
26 3
26 4
26 5
26 7
26 8
26 11
26 12
26 14
26 15
26 16
26 18
26 20
26 24
26 25
26 27
26 28
26 29
26 31
26 32
26 36
26 37
26 42
26 43
26 46
26 47
26 48
26 50
26 51
26 52
26 53
26 57
26 58
26 59
26 60
26 61
26 62
26 65
26 66
26 67
26 68
26 69
26 71
26 74
26 75
27 1
27 3
27 4
27 6
27 8
27 10
27 11
27 12
27 14
27 15
27 16
27 17
27 19
27 23
27 24
27 26
27 28
27 29
27 30
27 31
27 34
27 37
27 38
27 40
27 43
27 45
27 46
27 47
27 49
27 54
27 55
27 56
27 57
27 58
27 59
27 60
27 61
27 62
27 63
27 65
27 66
27 70
27 71
27 72
27 73
27 74
28 4
28 5
28 6
28 8
28 10
28 11
28 12
28 13
28 15
28 16
28 17
28 18
28 19
28 20
28 21
28 23
28 24
28 25
28 26
28 27
28 31
28 32
28 33
28 34
28 35
28 39
28 40
28 42
28 43
28 45
28 46
28 48
28 49
28 50
28 52
28 53
28 56
28 59
28 60
28 61
28 62
28 63
28 64
28 66
28 67
28 69
28 70
28 71
28 73
29 1
29 2
29 5
29 7
29 8
29 9
29 11
29 12
29 14
29 15
29 18
29 19
29 20
29 21
29 22
29 25
29 26
29 27
29 31
29 32
29 39
29 40
29 41
29 42
29 44
29 46
29 47
29 48
29 49
29 50
29 52
29 53
29 54
29 56
29 58
29 59
29 60
29 63
29 64
29 65
29 69
29 74
29 75
30 3
30 4
30 5
30 8
30 9
30 10
30 14
30 16
30 20
30 22
30 23
30 24
30 25
30 27
30 33
30 35
30 36
30 37
30 38
30 39
30 40
30 41
30 43
30 44
30 45
30 46
30 48
30 49
30 50
30 54
30 55
30 60
30 62
30 63
30 65
30 66
30 67
30 68
30 74
30 75
31 2
31 3
31 4
31 5
31 7
31 9
31 10
31 11
31 13
31 17
31 22
31 23
31 26
31 27
31 28
31 29
31 35
31 36
31 37
31 42
31 43
31 44
31 45
31 48
31 49
31 50
31 51
31 56
31 59
31 60
31 61
31 62
31 63
31 64
31 66
31 67
31 68
31 71
31 72
31 75
32 3
32 6
32 8
32 9
32 10
32 11
32 14
32 16
32 17
32 19
32 20
32 21
32 22
32 23
32 25
32 26
32 28
32 29
32 33
32 36
32 38
32 40
32 42
32 45
32 47
32 48
32 53
32 55
32 56
32 58
32 59
32 62
32 63
32 66
32 68
32 70
32 73
32 74
33 2
33 4
33 5
33 6
33 7
33 8
33 12
33 13
33 14
33 15
33 17
33 19
33 22
33 25
33 28
33 30
33 32
33 34
33 35
33 36
33 37
33 38
33 44
33 45
33 46
33 47
33 48
33 51
33 53
33 54
33 55
33 56
33 59
33 60
33 61
33 63
33 65
33 66
33 67
33 68
33 69
33 70
33 71
33 72
33 74
33 75
34 1
34 4
34 5
34 6
34 7
34 8
34 10
34 11
34 13
34 14
34 15
34 17
34 20
34 22
34 23
34 24
34 27
34 28
34 33
34 37
34 39
34 40
34 41
34 43
34 45
34 46
34 47
34 49
34 50
34 51
34 53
34 57
34 59
34 63
34 64
34 65
34 66
34 67
34 68
34 69
34 71
34 72
34 73
34 74
34 75
35 1
35 2
35 3
35 11
35 12
35 15
35 17
35 19
35 21
35 22
35 23
35 28
35 30
35 31
35 33
35 36
35 38
35 40
35 41
35 42
35 43
35 44
35 45
35 46
35 49
35 50
35 51
35 52
35 53
35 54
35 55
35 57
35 58
35 59
35 61
35 62
35 63
35 64
35 65
35 66
35 68
35 69
35 70
35 72
36 2
36 5
36 9
36 12
36 13
36 16
36 17
36 18
36 20
36 21
36 24
36 25
36 26
36 30
36 31
36 32
36 33
36 35
36 37
36 39
36 41
36 43
36 44
36 45
36 46
36 47
36 48
36 49
36 50
36 51
36 52
36 55
36 58
36 60
36 61
36 63
36 64
36 66
36 67
36 68
36 70
36 71
36 72
37 4
37 6
37 7
37 8
37 9
37 12
37 14
37 15
37 16
37 21
37 23
37 24
37 25
37 26
37 27
37 30
37 31
37 33
37 34
37 36
37 39
37 40
37 42
37 43
37 44
37 45
37 46
37 47
37 48
37 49
37 50
37 51
37 52
37 54
37 56
37 57
37 58
37 60
37 61
37 62
37 65
37 69
37 70
37 71
37 72
37 74
37 75
38 1
38 3
38 4
38 5
38 6
38 8
38 12
38 13
38 15
38 16
38 17
38 18
38 19
38 21
38 23
38 24
38 25
38 27
38 30
38 32
38 33
38 35
38 39
38 40
38 43
38 44
38 47
38 48
38 49
38 51
38 52
38 53
38 54
38 56
38 57
38 60
38 61
38 62
38 67
38 68
38 69
38 71
38 73
38 74
39 1
39 4
39 6
39 8
39 12
39 13
39 15
39 16
39 17
39 19
39 20
39 21
39 22
39 23
39 24
39 28
39 29
39 30
39 34
39 36
39 37
39 38
39 42
39 43
39 44
39 45
39 48
39 49
39 51
39 52
39 54
39 58
39 60
39 61
39 62
39 64
39 65
39 66
39 68
39 69
39 71
39 74
39 75
40 2
40 3
40 6
40 9
40 11
40 12
40 13
40 14
40 17
40 19
40 20
40 21
40 23
40 24
40 25
40 27
40 28
40 29
40 30
40 32
40 34
40 35
40 37
40 38
40 42
40 45
40 46
40 48
40 51
40 52
40 53
40 55
40 56
40 57
40 58
40 60
40 62
40 64
40 68
40 70
40 71
40 72
40 75
41 4
41 5
41 6
41 9
41 10
41 14
41 15
41 16
41 18
41 19
41 21
41 23
41 24
41 25
41 29
41 30
41 34
41 35
41 36
41 42
41 45
41 50
41 51
41 52
41 55
41 56
41 57
41 58
41 59
41 60
41 65
41 66
41 67
41 71
41 72
41 73
41 75
42 2
42 4
42 5
42 6
42 7
42 8
42 9
42 12
42 16
42 20
42 21
42 22
42 23
42 24
42 25
42 26
42 28
42 29
42 31
42 32
42 35
42 37
42 39
42 40
42 41
42 43
42 44
42 45
42 47
42 51
42 52
42 54
42 55
42 57
42 58
42 60
42 61
42 62
42 63
42 69
42 74
43 1
43 3
43 5
43 6
43 7
43 8
43 9
43 10
43 14
43 17
43 19
43 20
43 22
43 23
43 24
43 25
43 26
43 27
43 28
43 30
43 31
43 34
43 35
43 36
43 37
43 38
43 39
43 42
43 48
43 51
43 52
43 53
43 54
43 56
43 58
43 60
43 62
43 63
43 65
43 68
43 69
43 73
43 74
44 1
44 4
44 5
44 7
44 8
44 11
44 12
44 13
44 14
44 15
44 19
44 20
44 21
44 22
44 23
44 25
44 29
44 30
44 31
44 33
44 35
44 36
44 37
44 38
44 39
44 42
44 45
44 46
44 49
44 51
44 56
44 58
44 59
44 61
44 62
44 63
44 65
44 67
44 69
44 71
44 73
44 74
44 75
45 1
45 2
45 3
45 5
45 6
45 7
45 9
45 10
45 12
45 13
45 15
45 16
45 17
45 18
45 20
45 23
45 24
45 27
45 28
45 30
45 31
45 32
45 33
45 34
45 35
45 36
45 37
45 39
45 40
45 41
45 42
45 44
45 46
45 47
45 48
45 49
45 50
45 51
45 52
45 54
45 55
45 57
45 58
45 59
45 60
45 61
45 62
45 63
45 64
45 66
45 67
45 70
45 71
45 73
46 1
46 3
46 4
46 7
46 10
46 12
46 13
46 14
46 15
46 16
46 17
46 21
46 22
46 23
46 24
46 25
46 26
46 27
46 28
46 29
46 30
46 33
46 34
46 35
46 36
46 37
46 40
46 44
46 45
46 47
46 48
46 50
46 53
46 54
46 55
46 56
46 57
46 59
46 60
46 64
46 65
46 66
46 67
46 68
46 69
46 70
46 71
46 73
46 75
47 1
47 2
47 3
47 5
47 7
47 8
47 9
47 12
47 13
47 15
47 16
47 18
47 20
47 22
47 24
47 26
47 27
47 29
47 32
47 33
47 34
47 36
47 37
47 38
47 42
47 45
47 46
47 49
47 50
47 53
47 55
47 56
47 57
47 58
47 59
47 60
47 62
47 64
47 65
47 66
47 67
47 68
47 69
47 70
47 72
47 73
47 75
48 3
48 6
48 7
48 9
48 10
48 13
48 15
48 16
48 20
48 21
48 22
48 23
48 24
48 25
48 26
48 28
48 29
48 30
48 31
48 32
48 33
48 36
48 37
48 38
48 39
48 40
48 43
48 45
48 46
48 49
48 50
48 52
48 56
48 57
48 58
48 59
48 60
48 62
48 64
48 65
48 70
48 73
48 75
49 1
49 2
49 4
49 5
49 7
49 8
49 10
49 11
49 13
49 15
49 19
49 24
49 25
49 27
49 28
49 29
49 30
49 31
49 34
49 35
49 36
49 37
49 38
49 39
49 44
49 45
49 47
49 48
49 50
49 52
49 53
49 54
49 55
49 57
49 58
49 59
49 62
49 64
49 65
49 68
49 69
49 70
49 72
49 73
49 74
49 75
50 1
50 2
50 3
50 4
50 5
50 6
50 8
50 9
50 10
50 11
50 13
50 14
50 16
50 17
50 18
50 20
50 22
50 24
50 25
50 26
50 28
50 29
50 30
50 31
50 34
50 35
50 36
50 37
50 41
50 45
50 46
50 47
50 48
50 49
50 51
50 52
50 54
50 55
50 56
50 57
50 62
50 64
50 65
50 66
50 67
50 69
50 74
51 2
51 3
51 4
51 5
51 7
51 8
51 10
51 11
51 12
51 13
51 15
51 16
51 18
51 22
51 23
51 24
51 25
51 26
51 31
51 33
51 34
51 35
51 36
51 37
51 38
51 39
51 40
51 41
51 42
51 43
51 44
51 45
51 50
51 53
51 54
51 57
51 59
51 60
51 61
51 62
51 66
51 67
51 69
51 70
51 71
51 72
51 73
51 74
52 2
52 3
52 5
52 6
52 9
52 10
52 11
52 13
52 14
52 15
52 17
52 18
52 20
52 25
52 26
52 28
52 29
52 35
52 36
52 37
52 38
52 39
52 40
52 41
52 42
52 43
52 45
52 48
52 49
52 50
52 54
52 55
52 56
52 58
52 59
52 61
52 62
52 66
52 67
52 72
52 74
52 75
53 2
53 3
53 5
53 6
53 7
53 8
53 10
53 12
53 13
53 14
53 17
53 18
53 19
53 22
53 24
53 25
53 26
53 28
53 29
53 32
53 33
53 34
53 35
53 38
53 40
53 43
53 46
53 47
53 49
53 51
53 54
53 56
53 57
53 59
53 60
53 61
53 62
53 63
53 64
53 65
53 67
53 69
53 70
53 71
53 73
53 74
54 3
54 7
54 8
54 9
54 10
54 11
54 12
54 13
54 14
54 15
54 16
54 17
54 18
54 19
54 20
54 21
54 22
54 24
54 25
54 27
54 29
54 30
54 33
54 35
54 37
54 38
54 39
54 42
54 43
54 45
54 46
54 49
54 50
54 51
54 52
54 53
54 55
54 56
54 59
54 60
54 61
54 63
54 64
54 65
54 66
54 67
54 71
54 73
54 74
55 1
55 5
55 6
55 9
55 10
55 11
55 12
55 13
55 14
55 15
55 17
55 18
55 19
55 20
55 22
55 25
55 27
55 30
55 32
55 33
55 35
55 36
55 40
55 41
55 42
55 45
55 46
55 47
55 49
55 50
55 52
55 54
55 58
55 59
55 60
55 61
55 62
55 63
55 65
55 66
55 69
55 70
55 71
55 75
56 1
56 2
56 4
56 6
56 7
56 8
56 9
56 11
56 13
56 14
56 15
56 16
56 19
56 20
56 21
56 23
56 24
56 27
56 28
56 29
56 31
56 32
56 33
56 37
56 38
56 40
56 41
56 43
56 44
56 46
56 47
56 48
56 50
56 52
56 53
56 54
56 57
56 58
56 59
56 63
56 64
56 65
56 67
56 70
56 71
56 72
56 73
56 74
56 75
57 1
57 2
57 3
57 4
57 5
57 8
57 9
57 11
57 14
57 15
57 16
57 20
57 21
57 23
57 24
57 26
57 27
57 34
57 35
57 37
57 38
57 40
57 41
57 42
57 45
57 46
57 47
57 48
57 49
57 50
57 51
57 53
57 56
57 58
57 60
57 61
57 62
57 63
57 64
57 65
57 66
57 68
57 73
57 74
58 1
58 3
58 6
58 8
58 9
58 10
58 12
58 15
58 16
58 19
58 21
58 22
58 24
58 26
58 27
58 29
58 32
58 35
58 36
58 37
58 39
58 40
58 41
58 42
58 43
58 44
58 45
58 47
58 48
58 49
58 52
58 55
58 56
58 57
58 59
58 60
58 61
58 62
58 65
58 68
58 69
58 71
58 72
58 74
59 2
59 7
59 8
59 12
59 14
59 16
59 17
59 18
59 19
59 20
59 21
59 22
59 23
59 24
59 25
59 26
59 27
59 28
59 29
59 31
59 32
59 33
59 34
59 35
59 41
59 44
59 45
59 46
59 47
59 48
59 49
59 51
59 52
59 53
59 54
59 55
59 56
59 58
59 61
59 63
59 65
59 68
59 69
59 72
59 74
60 1
60 2
60 4
60 6
60 7
60 8
60 9
60 11
60 15
60 16
60 17
60 18
60 21
60 23
60 25
60 26
60 27
60 28
60 29
60 30
60 31
60 33
60 36
60 37
60 38
60 39
60 40
60 41
60 42
60 43
60 45
60 46
60 47
60 48
60 51
60 53
60 54
60 55
60 57
60 58
60 61
60 62
60 64
60 67
60 71
60 73
60 74
60 75
61 1
61 2
61 3
61 4
61 6
61 7
61 10
61 12
61 13
61 14
61 15
61 16
61 17
61 18
61 19
61 20
61 21
61 22
61 23
61 25
61 26
61 27
61 28
61 31
61 33
61 35
61 36
61 37
61 38
61 39
61 42
61 44
61 45
61 51
61 52
61 53
61 54
61 55
61 57
61 58
61 59
61 60
61 62
61 63
61 65
61 66
61 67
61 68
61 69
61 70
61 71
61 72
61 75
62 3
62 7
62 8
62 9
62 10
62 11
62 12
62 13
62 14
62 17
62 18
62 19
62 20
62 21
62 24
62 25
62 26
62 27
62 28
62 30
62 31
62 32
62 35
62 37
62 38
62 39
62 40
62 42
62 43
62 44
62 45
62 47
62 48
62 49
62 50
62 51
62 52
62 53
62 55
62 57
62 58
62 60
62 61
62 64
62 65
62 66
62 69
62 71
62 73
62 74
62 75
63 5
63 7
63 10
63 11
63 15
63 16
63 17
63 18
63 19
63 20
63 22
63 23
63 24
63 25
63 27
63 28
63 29
63 30
63 31
63 32
63 33
63 34
63 35
63 36
63 42
63 43
63 44
63 45
63 53
63 54
63 55
63 56
63 57
63 59
63 61
63 65
63 67
63 68
63 69
63 71
63 72
63 73
63 75
64 2
64 3
64 5
64 6
64 8
64 9
64 10
64 12
64 17
64 19
64 20
64 21
64 22
64 25
64 28
64 29
64 31
64 34
64 35
64 36
64 39
64 40
64 45
64 46
64 47
64 48
64 49
64 50
64 53
64 54
64 56
64 57
64 60
64 62
64 66
64 67
64 68
64 69
64 70
64 71
64 72
64 73
64 74
64 75
65 2
65 3
65 5
65 8
65 10
65 11
65 12
65 13
65 15
65 16
65 18
65 20
65 23
65 24
65 26
65 27
65 29
65 30
65 33
65 34
65 35
65 37
65 39
65 41
65 43
65 44
65 46
65 47
65 48
65 49
65 50
65 53
65 54
65 55
65 56
65 57
65 58
65 59
65 61
65 62
65 63
65 69
65 70
65 72
65 73
65 75
66 3
66 4
66 8
66 9
66 10
66 12
66 14
66 15
66 20
66 21
66 22
66 23
66 25
66 26
66 27
66 28
66 30
66 31
66 32
66 33
66 34
66 35
66 36
66 39
66 41
66 45
66 46
66 47
66 50
66 51
66 52
66 54
66 55
66 57
66 61
66 62
66 64
66 67
66 68
66 69
66 70
66 71
67 1
67 2
67 3
67 4
67 5
67 6
67 7
67 8
67 9
67 11
67 12
67 14
67 15
67 16
67 18
67 21
67 23
67 26
67 28
67 30
67 31
67 33
67 34
67 36
67 38
67 41
67 44
67 45
67 46
67 47
67 50
67 51
67 52
67 53
67 54
67 56
67 60
67 61
67 63
67 64
67 66
67 68
67 70
67 71
67 74
67 75
68 3
68 4
68 6
68 8
68 9
68 12
68 13
68 14
68 15
68 17
68 20
68 21
68 24
68 26
68 30
68 31
68 32
68 33
68 34
68 35
68 36
68 38
68 39
68 40
68 43
68 46
68 47
68 49
68 57
68 58
68 59
68 61
68 63
68 64
68 66
68 67
68 69
68 70
68 72
68 75
69 1
69 2
69 3
69 5
69 7
69 8
69 9
69 10
69 11
69 13
69 19
69 22
69 23
69 24
69 25
69 26
69 28
69 29
69 33
69 34
69 35
69 37
69 38
69 39
69 42
69 43
69 44
69 46
69 47
69 49
69 50
69 51
69 53
69 55
69 58
69 59
69 61
69 62
69 63
69 64
69 65
69 66
69 68
69 71
69 72
69 73
69 74
69 75
70 1
70 6
70 8
70 9
70 10
70 17
70 20
70 22
70 24
70 25
70 27
70 28
70 32
70 33
70 35
70 36
70 37
70 40
70 45
70 46
70 47
70 48
70 49
70 51
70 53
70 55
70 56
70 61
70 64
70 65
70 66
70 67
70 68
70 71
70 72
70 74
71 1
71 2
71 3
71 4
71 5
71 6
71 8
71 9
71 11
71 12
71 13
71 14
71 18
71 19
71 20
71 23
71 26
71 27
71 28
71 31
71 33
71 34
71 36
71 37
71 38
71 39
71 40
71 41
71 44
71 45
71 46
71 51
71 53
71 54
71 55
71 56
71 58
71 60
71 61
71 62
71 63
71 64
71 66
71 67
71 69
71 70
71 72
71 73
72 1
72 2
72 4
72 5
72 6
72 7
72 8
72 9
72 10
72 11
72 13
72 14
72 16
72 17
72 18
72 20
72 22
72 23
72 24
72 25
72 27
72 31
72 33
72 34
72 35
72 36
72 37
72 40
72 41
72 47
72 49
72 51
72 52
72 56
72 58
72 59
72 61
72 63
72 64
72 65
72 68
72 69
72 70
72 71
72 73
72 74
72 75
73 1
73 4
73 5
73 6
73 7
73 9
73 12
73 13
73 15
73 16
73 17
73 19
73 21
73 23
73 25
73 27
73 28
73 32
73 34
73 38
73 41
73 43
73 44
73 45
73 46
73 47
73 48
73 49
73 51
73 53
73 54
73 56
73 57
73 60
73 62
73 63
73 64
73 65
73 69
73 71
73 72
73 75
74 1
74 6
74 7
74 10
74 11
74 12
74 15
74 16
74 20
74 21
74 22
74 23
74 26
74 27
74 29
74 30
74 32
74 33
74 34
74 37
74 38
74 39
74 42
74 43
74 44
74 49
74 50
74 51
74 52
74 53
74 54
74 56
74 57
74 58
74 59
74 60
74 62
74 64
74 67
74 69
74 70
74 72
75 1
75 2
75 4
75 6
75 7
75 9
75 10
75 11
75 13
75 14
75 16
75 17
75 19
75 26
75 29
75 30
75 31
75 33
75 34
75 37
75 39
75 40
75 41
75 44
75 46
75 47
75 48
75 49
75 52
75 55
75 56
75 60
75 61
75 62
75 63
75 64
75 65
75 67
75 68
75 69
75 72
75 73
