75
1 2
1 3
1 5
1 7
1 9
1 10
1 12
1 13
1 15
1 16
1 19
1 20
1 21
1 25
1 28
1 29
1 31
1 32
1 33
1 35
1 38
1 39
1 40
1 41
1 42
1 44
1 45
1 46
1 49
1 53
1 54
1 58
1 59
1 65
1 66
1 69
1 71
1 72
1 74
1 75
2 1
2 3
2 5
2 6
2 7
2 10
2 12
2 13
2 14
2 15
2 16
2 22
2 23
2 26
2 28
2 33
2 34
2 35
2 36
2 37
2 40
2 41
2 42
2 44
2 46
2 47
2 51
2 52
2 54
2 55
2 56
2 61
2 62
2 63
2 65
2 68
2 69
2 70
2 71
2 72
2 73
2 74
2 75
3 1
3 2
3 4
3 5
3 6
3 7
3 8
3 10
3 12
3 14
3 15
3 16
3 18
3 19
3 20
3 21
3 23
3 24
3 25
3 26
3 27
3 30
3 32
3 35
3 36
3 37
3 38
3 39
3 40
3 41
3 43
3 44
3 45
3 48
3 49
3 52
3 53
3 54
3 56
3 57
3 58
3 63
3 64
3 65
3 66
3 71
3 74
4 3
4 5
4 6
4 13
4 14
4 15
4 17
4 22
4 24
4 25
4 26
4 29
4 30
4 32
4 33
4 34
4 35
4 39
4 40
4 41
4 42
4 43
4 44
4 45
4 48
4 49
4 50
4 51
4 52
4 53
4 54
4 55
4 57
4 58
4 59
4 60
4 61
4 62
4 64
4 66
4 67
4 68
4 70
4 71
4 72
4 73
4 74
4 75
5 1
5 2
5 3
5 4
5 7
5 10
5 12
5 14
5 15
5 17
5 18
5 19
5 21
5 22
5 25
5 26
5 27
5 29
5 30
5 31
5 32
5 33
5 34
5 35
5 36
5 37
5 38
5 39
5 40
5 42
5 43
5 45
5 46
5 47
5 48
5 49
5 51
5 52
5 53
5 54
5 55
5 56
5 61
5 64
5 65
5 66
5 68
5 69
5 70
5 73
5 75
6 2
6 3
6 4
6 7
6 8
6 9
6 10
6 11
6 12
6 13
6 15
6 16
6 19
6 20
6 21
6 24
6 27
6 28
6 29
6 30
6 31
6 35
6 39
6 40
6 42
6 43
6 44
6 45
6 50
6 51
6 53
6 54
6 55
6 57
6 59
6 61
6 64
6 69
6 70
6 71
6 72
6 75
7 1
7 2
7 3
7 5
7 6
7 9
7 14
7 15
7 16
7 17
7 19
7 20
7 24
7 26
7 27
7 29
7 31
7 32
7 33
7 34
7 36
7 38
7 40
7 47
7 48
7 52
7 53
7 54
7 56
7 57
7 58
7 59
7 60
7 61
7 62
7 63
7 65
7 66
7 67
7 68
7 70
7 71
7 72
7 73
7 74
7 75
8 3
8 6
8 9
8 12
8 13
8 15
8 20
8 21
8 22
8 24
8 26
8 30
8 31
8 34
8 35
8 36
8 38
8 40
8 41
8 44
8 45
8 47
8 48
8 50
8 53
8 54
8 55
8 56
8 57
8 58
8 59
8 63
8 65
8 66
8 67
8 69
8 70
8 71
8 72
8 74
8 75
9 1
9 6
9 7
9 8
9 10
9 12
9 14
9 15
9 16
9 17
9 21
9 22
9 27
9 28
9 29
9 30
9 31
9 32
9 33
9 34
9 35
9 36
9 40
9 42
9 43
9 44
9 46
9 48
9 49
9 50
9 51
9 52
9 53
9 56
9 57
9 58
9 59
9 60
9 63
9 65
9 66
9 67
9 69
9 70
9 72
10 1
10 2
10 3
10 5
10 6
10 9
10 13
10 17
10 18
10 22
10 23
10 24
10 25
10 26
10 29
10 30
10 31
10 32
10 33
10 34
10 40
10 41
10 42
10 43
10 44
10 46
10 48
10 49
10 50
10 51
10 52
10 53
10 55
10 57
10 58
10 59
10 60
10 62
10 63
10 65
10 69
10 72
10 73
10 75
11 6
11 13
11 14
11 15
11 16
11 17
11 22
11 25
11 29
11 31
11 33
11 34
11 35
11 36
11 37
11 39
11 41
11 43
11 44
11 46
11 47
11 50
11 52
11 53
11 56
11 57
11 58
11 59
11 60
11 65
11 70
11 72
11 73
11 74
12 1
12 2
12 3
12 5
12 6
12 8
12 9
12 14
12 15
12 16
12 20
12 21
12 22
12 24
12 25
12 26
12 28
12 29
12 31
12 33
12 34
12 36
12 37
12 38
12 39
12 44
12 47
12 50
12 52
12 53
12 54
12 57
12 58
12 59
12 62
12 63
12 69
12 70
12 71
12 73
12 74
12 75
13 1
13 2
13 4
13 6
13 8
13 10
13 11
13 14
13 15
13 16
13 17
13 19
13 20
13 22
13 23
13 24
13 25
13 26
13 27
13 28
13 31
13 32
13 33
13 35
13 36
13 37
13 38
13 39
13 41
13 44
13 46
13 48
13 49
13 51
13 53
13 56
13 59
13 62
13 64
13 66
13 67
13 68
13 70
13 74
14 2
14 3
14 4
14 5
14 7
14 9
14 11
14 12
14 13
14 16
14 17
14 18
14 19
14 20
14 21
14 22
14 23
14 25
14 28
14 29
14 31
14 32
14 33
14 34
14 35
14 36
14 38
14 39
14 42
14 43
14 44
14 45
14 46
14 53
14 54
14 55
14 56
14 57
14 62
14 64
14 65
14 68
14 69
14 70
14 72
14 75
15 1
15 2
15 3
15 4
15 5
15 6
15 7
15 8
15 9
15 11
15 12
15 13
15 18
15 19
15 20
15 21
15 22
15 24
15 33
15 34
15 38
15 39
15 40
15 41
15 42
15 44
15 45
15 46
15 47
15 49
15 54
15 55
15 56
15 59
15 60
15 62
15 63
15 64
15 67
15 68
15 69
15 70
15 72
15 73
16 1
16 2
16 3
16 6
16 7
16 9
16 11
16 12
16 13
16 14
16 17
16 19
16 24
16 25
16 26
16 27
16 30
16 31
16 33
16 36
16 37
16 38
16 39
16 40
16 41
16 43
16 44
16 46
16 47
16 48
16 50
16 52
16 54
16 56
16 57
16 61
16 62
16 66
16 68
16 69
16 70
16 72
16 75
17 4
17 5
17 7
17 9
17 10
17 11
17 13
17 14
17 16
17 19
17 20
17 22
17 23
17 24
17 25
17 26
17 27
17 30
17 31
17 33
17 37
17 38
17 41
17 42
17 43
17 44
17 45
17 46
17 48
17 53
17 54
17 56
17 57
17 58
17 59
17 60
17 62
17 64
17 65
17 66
17 67
17 68
17 69
17 70
17 72
17 73
17 74
18 3
18 5
18 10
18 14
18 15
18 22
18 25
18 26
18 28
18 29
18 30
18 33
18 43
18 44
18 46
18 47
18 48
18 49
18 51
18 53
18 54
18 55
18 57
18 59
18 60
18 62
18 63
18 66
18 68
18 69
18 70
18 71
18 72
18 73
18 74
18 75
19 1
19 3
19 5
19 6
19 7
19 13
19 14
19 15
19 16
19 17
19 23
19 24
19 25
19 27
19 28
19 29
19 31
19 32
19 33
19 34
19 35
19 37
19 38
19 41
19 43
19 45
19 48
19 51
19 52
19 53
19 56
19 57
19 60
19 62
19 63
19 64
19 65
19 66
19 67
19 69
19 72
19 73
19 75
20 1
20 3
20 6
20 7
20 8
20 12
20 13
20 14
20 15
20 17
20 22
20 23
20 24
20 27
20 28
20 29
20 30
20 32
20 34
20 35
20 36
20 37
20 38
20 40
20 41
20 43
20 44
20 46
20 50
20 54
20 56
20 57
20 65
20 66
20 68
20 71
20 72
20 74
20 75
21 1
21 3
21 5
21 6
21 8
21 9
21 12
21 14
21 15
21 22
21 23
21 24
21 25
21 29
21 32
21 34
21 38
21 39
21 40
21 41
21 42
21 43
21 45
21 46
21 49
21 50
21 52
21 56
21 57
21 59
21 60
21 61
21 62
21 64
21 65
21 69
21 70
21 71
21 72
21 73
21 74
21 75
22 2
22 4
22 5
22 8
22 9
22 10
22 11
22 12
22 13
22 14
22 15
22 17
22 18
22 20
22 21
22 23
22 24
22 25
22 26
22 27
22 28
22 30
22 31
22 32
22 33
22 34
22 36
22 38
22 39
22 40
22 41
22 43
22 44
22 45
22 46
22 47
22 48
22 49
22 50
22 51
22 54
22 55
22 56
22 57
22 58
22 59
22 60
22 61
22 64
22 65
22 67
22 68
22 69
22 70
22 71
22 74
23 2
23 3
23 10
23 13
23 14
23 17
23 19
23 20
23 21
23 22
23 24
23 25
23 28
23 29
23 30
23 31
23 32
23 33
23 34
23 35
23 37
23 38
23 39
23 41
23 44
23 47
23 50
23 51
23 55
23 56
23 57
23 59
23 61
23 63
23 65
23 66
23 67
23 68
23 70
23 71
23 75
24 3
24 4
24 6
24 7
24 8
24 10
24 12
24 13
24 15
24 16
24 17
24 19
24 20
24 21
24 22
24 23
24 25
24 28
24 29
24 30
24 31
24 32
24 34
24 36
24 37
24 40
24 44
24 45
24 47
24 48
24 51
24 55
24 56
24 57
24 63
24 64
24 65
24 66
24 67
24 68
24 71
24 73
24 74
24 75
25 1
25 3
25 4
25 5
25 10
25 11
25 12
25 13
25 14
25 16
25 17
25 18
25 19
25 21
25 22
25 23
25 24
25 27
25 28
25 30
25 33
25 34
25 35
25 38
25 39
25 40
25 41
25 42
25 43
25 44
25 45
25 46
25 51
25 52
25 53
25 56
25 57
25 58
25 59
25 61
25 63
25 65
25 66
25 69
25 70
25 71
25 72
25 74
25 75
26 2
26 3
26 4
26 5
26 7
26 8
26 10
26 12
26 13
26 16
26 17
26 18
26 22
26 29
26 33
26 35
26 38
26 39
26 41
26 42
26 43
26 44
26 45
26 49
26 50
26 52
26 53
26 54
26 55
26 57
26 58
26 59
26 60
26 61
26 62
26 64
26 71
26 72
26 73
26 74
26 75
27 3
27 5
27 6
27 7
27 9
27 13
27 16
27 17
27 19
27 20
27 22
27 25
27 28
27 29
27 31
27 33
27 35
27 37
27 38
27 40
27 41
27 42
27 43
27 44
27 45
27 46
27 47
27 48
27 51
27 52
27 53
27 57
27 59
27 60
27 62
27 64
27 65
27 66
27 67
27 69
27 71
27 72
27 73
27 74
27 75
28 1
28 2
28 6
28 9
28 12
28 13
28 14
28 18
28 19
28 20
28 22
28 23
28 24
28 25
28 27
28 29
28 31
28 32
28 33
28 34
28 35
28 36
28 37
28 38
28 39
28 40
28 43
28 45
28 46
28 47
28 49
28 51
28 52
28 53
28 54
28 58
28 59
28 60
28 61
28 62
28 64
28 67
28 70
28 72
28 73
28 75
29 1
29 4
29 5
29 6
29 7
29 9
29 10
29 11
29 12
29 14
29 18
29 19
29 20
29 21
29 23
29 24
29 26
29 27
29 28
29 31
29 32
29 33
29 34
29 37
29 38
29 41
29 43
29 44
29 46
29 47
29 48
29 49
29 50
29 53
29 54
29 55
29 57
29 58
29 59
29 60
29 63
29 64
29 65
29 66
29 67
29 70
29 71
29 72
29 73
29 74
30 3
30 4
30 5
30 6
30 8
30 9
30 10
30 16
30 17
30 18
30 20
30 22
30 23
30 24
30 25
30 31
30 32
30 33
30 34
30 37
30 38
30 41
30 45
30 46
30 47
30 48
30 49
30 51
30 52
30 54
30 58
30 60
30 61
30 64
30 65
30 67
30 71
30 74
31 1
31 5
31 6
31 7
31 8
31 9
31 10
31 11
31 12
31 13
31 14
31 16
31 17
31 19
31 22
31 23
31 24
31 27
31 28
31 29
31 30
31 33
31 34
31 35
31 37
31 39
31 40
31 45
31 47
31 48
31 49
31 51
31 52
31 54
31 56
31 58
31 59
31 60
31 61
31 63
31 68
31 70
31 71
31 72
32 1
32 3
32 4
32 5
32 7
32 9
32 10
32 13
32 14
32 19
32 20
32 21
32 22
32 23
32 24
32 28
32 29
32 30
32 36
32 37
32 38
32 39
32 40
32 42
32 46
32 48
32 50
32 51
32 56
32 58
32 60
32 61
32 63
32 66
32 67
32 69
32 74
33 1
33 2
33 4
33 5
33 7
33 9
33 10
33 11
33 12
33 13
33 14
33 15
33 16
33 17
33 18
33 19
33 22
33 23
33 25
33 26
33 27
33 28
33 29
33 30
33 31
33 35
33 36
33 37
33 38
33 39
33 40
33 41
33 44
33 45
33 46
33 47
33 49
33 51
33 52
33 54
33 57
33 58
33 59
33 63
33 64
33 65
33 67
33 68
33 69
33 70
33 71
34 2
34 4
34 5
34 7
34 8
34 9
34 10
34 11
34 12
34 14
34 15
34 19
34 20
34 21
34 22
34 23
34 24
34 25
34 28
34 29
34 30
34 31
34 35
34 36
34 39
34 40
34 42
34 45
34 47
34 49
34 50
34 51
34 52
34 54
34 56
34 57
34 58
34 59
34 60
34 61
34 62
34 63
34 68
34 71
34 73
34 75
35 1
35 2
35 3
35 4
35 5
35 6
35 8
35 9
35 11
35 13
35 14
35 19
35 20
35 23
35 25
35 26
35 27
35 28
35 31
35 33
35 34
35 38
35 39
35 40
35 41
35 42
35 44
35 45
35 48
35 50
35 51
35 52
35 57
35 58
35 61
35 62
35 63
35 64
35 67
35 68
35 69
35 70
35 72
35 73
35 74
36 2
36 3
36 5
36 7
36 8
36 9
36 11
36 12
36 13
36 14
36 16
36 20
36 22
36 24
36 28
36 32
36 33
36 34
36 38
36 39
36 40
36 43
36 44
36 46
36 47
36 48
36 50
36 53
36 54
36 56
36 57
36 63
36 64
36 65
36 66
36 69
36 72
36 73
36 74
37 2
37 3
37 5
37 11
37 12
37 13
37 16
37 17
37 19
37 20
37 23
37 24
37 27
37 28
37 29
37 30
37 31
37 32
37 33
37 38
37 39
37 40
37 41
37 43
37 44
37 46
37 47
37 48
37 49
37 50
37 51
37 52
37 53
37 54
37 56
37 57
37 61
37 62
37 63
37 64
37 66
37 67
37 69
37 70
37 71
37 72
37 75
38 1
38 3
38 5
38 7
38 8
38 12
38 13
38 14
38 15
38 16
38 17
38 19
38 20
38 21
38 22
38 23
38 25
38 26
38 27
38 28
38 29
38 30
38 32
38 33
38 35
38 36
38 37
38 40
38 41
38 42
38 43
38 46
38 47
38 48
38 50
38 51
38 52
38 54
38 55
38 56
38 58
38 60
38 62
38 64
38 66
38 67
38 68
38 69
38 70
38 71
38 72
38 75
39 1
39 3
39 4
39 5
39 6
39 11
39 12
39 13
39 14
39 15
39 16
39 21
39 22
39 23
39 25
39 26
39 28
39 31
39 32
39 33
39 34
39 35
39 36
39 37
39 43
39 44
39 52
39 54
39 55
39 57
39 58
39 59
39 60
39 62
39 63
39 64
39 65
39 67
39 70
39 72
40 1
40 2
40 3
40 4
40 5
40 6
40 7
40 8
40 9
40 10
40 15
40 16
40 20
40 21
40 22
40 24
40 25
40 27
40 28
40 31
40 32
40 33
40 34
40 35
40 36
40 37
40 38
40 41
40 45
40 46
40 48
40 51
40 52
40 53
40 55
40 56
40 57
40 58
40 60
40 61
40 62
40 63
40 64
40 66
40 67
40 68
40 70
40 72
40 75
41 1
41 2
41 3
41 4
41 8
41 10
41 11
41 13
41 15
41 16
41 17
41 19
41 20
41 21
41 22
41 23
41 25
41 26
41 27
41 29
41 30
41 33
41 35
41 37
41 38
41 40
41 42
41 43
41 44
41 45
41 46
41 50
41 53
41 56
41 57
41 58
41 59
41 61
41 63
41 65
41 67
41 68
41 70
41 71
41 74
41 75
42 1
42 2
42 4
42 5
42 6
42 9
42 10
42 14
42 15
42 17
42 21
42 25
42 26
42 27
42 32
42 34
42 35
42 38
42 41
42 43
42 44
42 47
42 48
42 49
42 50
42 51
42 52
42 53
42 54
42 56
42 58
42 59
42 60
42 61
42 62
42 63
42 68
42 69
42 70
42 71
42 72
42 73
42 74
43 3
43 4
43 5
43 6
43 9
43 10
43 11
43 14
43 16
43 17
43 18
43 19
43 20
43 21
43 22
43 25
43 26
43 27
43 28
43 29
43 36
43 37
43 38
43 39
43 41
43 42
43 45
43 47
43 48
43 49
43 50
43 51
43 52
43 53
43 54
43 55
43 56
43 59
43 61
43 62
43 63
43 67
43 70
43 71
43 73
43 74
44 1
44 2
44 3
44 4
44 6
44 8
44 9
44 10
44 11
44 12
44 13
44 14
44 15
44 16
44 17
44 18
44 20
44 22
44 23
44 24
44 25
44 26
44 27
44 29
44 33
44 35
44 36
44 37
44 39
44 41
44 42
44 45
44 46
44 48
44 49
44 50
44 51
44 52
44 53
44 55
44 56
44 58
44 59
44 63
44 67
44 69
44 71
44 73
44 74
45 1
45 3
45 4
45 5
45 6
45 8
45 14
45 15
45 17
45 19
45 21
45 22
45 24
45 25
45 26
45 27
45 28
45 30
45 31
45 33
45 34
45 35
45 40
45 41
45 43
45 44
45 48
45 49
45 51
45 52
45 54
45 55
45 56
45 57
45 58
45 60
45 61
45 63
45 64
45 67
45 68
45 70
45 71
45 72
45 73
45 74
46 1
46 2
46 5
46 9
46 10
46 11
46 13
46 14
46 15
46 16
46 17
46 18
46 20
46 21
46 22
46 25
46 27
46 28
46 29
46 30
46 32
46 33
46 36
46 37
46 38
46 40
46 41
46 44
46 47
46 48
46 50
46 51
46 52
46 53
46 54
46 55
46 56
46 57
46 58
46 59
46 60
46 61
46 62
46 63
46 65
46 68
46 69
46 70
46 73
46 75
47 2
47 5
47 7
47 8
47 11
47 12
47 15
47 16
47 18
47 22
47 23
47 24
47 27
47 28
47 29
47 30
47 31
47 33
47 34
47 36
47 37
47 38
47 42
47 43
47 46
47 48
47 50
47 51
47 53
47 54
47 55
47 58
47 60
47 61
47 63
47 64
47 68
47 69
47 70
47 72
47 73
47 74
48 3
48 4
48 5
48 7
48 8
48 9
48 10
48 13
48 16
48 17
48 18
48 19
48 22
48 24
48 27
48 29
48 30
48 31
48 32
48 35
48 36
48 37
48 38
48 40
48 42
48 43
48 44
48 45
48 46
48 47
48 49
48 52
48 53
48 54
48 55
48 56
48 57
48 58
48 62
48 63
48 64
48 65
48 66
48 69
48 72
48 73
48 74
49 1
49 3
49 4
49 5
49 9
49 10
49 13
49 15
49 18
49 21
49 22
49 26
49 28
49 29
49 30
49 31
49 33
49 34
49 37
49 42
49 43
49 44
49 45
49 48
49 50
49 51
49 56
49 57
49 59
49 61
49 62
49 63
49 64
49 65
49 66
49 67
49 70
49 72
49 75
50 4
50 6
50 8
50 9
50 10
50 11
50 12
50 16
50 20
50 21
50 22
50 23
50 26
50 29
50 32
50 34
50 35
50 36
50 37
50 38
50 41
50 42
50 43
50 44
50 46
50 47
50 49
50 51
50 55
50 56
50 60
50 61
50 62
50 63
50 65
50 66
50 67
50 68
50 70
50 71
50 72
50 74
50 75
51 2
51 4
51 5
51 6
51 9
51 10
51 13
51 18
51 19
51 22
51 23
51 24
51 25
51 27
51 28
51 30
51 31
51 32
51 33
51 34
51 35
51 37
51 38
51 40
51 42
51 43
51 44
51 45
51 46
51 47
51 49
51 50
51 52
51 53
51 56
51 58
51 59
51 60
51 61
51 62
51 64
51 65
51 66
51 67
51 70
51 71
51 72
51 73
51 74
52 2
52 3
52 4
52 5
52 7
52 9
52 10
52 11
52 12
52 16
52 19
52 21
52 25
52 26
52 27
52 28
52 30
52 31
52 33
52 34
52 35
52 37
52 38
52 39
52 40
52 42
52 43
52 44
52 45
52 46
52 48
52 51
52 54
52 58
52 59
52 63
52 64
52 65
52 66
52 67
52 68
52 72
52 73
52 74
53 1
53 3
53 4
53 5
53 6
53 7
53 8
53 9
53 10
53 11
53 12
53 13
53 14
53 17
53 18
53 19
53 25
53 26
53 27
53 28
53 29
53 36
53 37
53 40
53 41
53 42
53 43
53 44
53 46
53 47
53 48
53 51
53 54
53 55
53 57
53 58
53 60
53 65
53 67
53 68
53 71
53 72
54 1
54 2
54 3
54 4
54 5
54 6
54 7
54 8
54 12
54 14
54 15
54 16
54 17
54 18
54 20
54 22
54 26
54 28
54 29
54 30
54 31
54 33
54 34
54 36
54 37
54 38
54 39
54 42
54 43
54 45
54 46
54 47
54 48
54 52
54 53
54 55
54 57
54 60
54 62
54 63
54 65
54 66
54 68
54 69
54 70
54 72
54 73
54 74
54 75
55 2
55 4
55 5
55 6
55 8
55 10
55 14
55 15
55 18
55 22
55 23
55 24
55 26
55 29
55 38
55 39
55 40
55 43
55 44
55 45
55 46
55 47
55 48
55 50
55 53
55 54
55 56
55 59
55 63
55 64
55 66
55 67
55 68
55 69
55 71
55 73
55 74
55 75
56 2
56 3
56 5
56 7
56 8
56 9
56 11
56 13
56 14
56 15
56 16
56 17
56 19
56 20
56 21
56 22
56 23
56 24
56 25
56 31
56 32
56 34
56 36
56 37
56 38
56 40
56 41
56 42
56 43
56 44
56 45
56 46
56 48
56 49
56 50
56 51
56 55
56 57
56 59
56 63
56 64
56 65
56 66
56 67
56 68
56 69
56 72
56 73
56 75
57 3
57 4
57 6
57 7
57 8
57 9
57 10
57 11
57 12
57 14
57 16
57 17
57 18
57 19
57 20
57 21
57 22
57 23
57 24
57 25
57 26
57 27
57 29
57 33
57 34
57 35
57 36
57 37
57 39
57 40
57 41
57 45
57 46
57 48
57 49
57 53
57 54
57 56
57 58
57 61
57 64
57 65
57 66
57 67
57 69
57 71
57 72
57 73
57 74
58 1
58 3
58 4
58 7
58 8
58 9
58 10
58 11
58 12
58 17
58 22
58 25
58 26
58 28
58 29
58 30
58 31
58 32
58 33
58 34
58 35
58 38
58 39
58 40
58 41
58 42
58 44
58 45
58 46
58 47
58 48
58 51
58 52
58 53
58 57
58 59
58 60
58 61
58 62
58 63
58 65
58 66
58 67
58 68
58 69
58 72
58 75
59 1
59 4
59 6
59 7
59 8
59 9
59 10
59 11
59 12
59 13
59 15
59 17
59 18
59 21
59 22
59 23
59 25
59 26
59 27
59 28
59 29
59 31
59 33
59 34
59 39
59 41
59 42
59 43
59 44
59 46
59 49
59 51
59 52
59 55
59 56
59 58
59 63
59 64
59 65
59 69
59 70
59 73
59 75
60 4
60 7
60 9
60 10
60 11
60 15
60 17
60 18
60 19
60 21
60 22
60 26
60 27
60 28
60 29
60 30
60 31
60 32
60 34
60 38
60 39
60 40
60 42
60 45
60 46
60 47
60 50
60 51
60 53
60 54
60 58
60 61
60 62
60 63
60 65
60 66
60 69
60 70
60 71
60 73
60 74
60 75
61 2
61 4
61 5
61 6
61 7
61 16
61 21
61 22
61 23
61 25
61 26
61 28
61 30
61 31
61 32
61 34
61 35
61 37
61 40
61 41
61 42
61 43
61 45
61 46
61 47
61 49
61 50
61 51
61 57
61 58
61 60
61 62
61 64
61 65
61 66
61 70
61 71
61 72
61 74
62 2
62 4
62 7
62 10
62 12
62 13
62 14
62 15
62 16
62 17
62 18
62 19
62 21
62 26
62 27
62 28
62 34
62 35
62 37
62 38
62 39
62 40
62 42
62 43
62 46
62 48
62 49
62 50
62 51
62 54
62 58
62 60
62 61
62 64
62 65
62 66
62 71
62 73
62 74
62 75
63 2
63 3
63 7
63 8
63 9
63 10
63 12
63 15
63 18
63 19
63 23
63 24
63 25
63 29
63 31
63 32
63 33
63 34
63 35
63 36
63 37
63 39
63 40
63 41
63 42
63 43
63 44
63 45
63 46
63 47
63 48
63 49
63 50
63 52
63 54
63 55
63 56
63 58
63 59
63 60
63 64
63 65
63 67
63 69
63 70
63 71
63 73
63 75
64 3
64 4
64 5
64 6
64 13
64 14
64 15
64 17
64 19
64 21
64 22
64 24
64 26
64 27
64 28
64 29
64 30
64 33
64 35
64 36
64 37
64 38
64 39
64 40
64 45
64 47
64 48
64 49
64 51
64 52
64 55
64 56
64 57
64 59
64 61
64 62
64 63
64 65
64 66
64 67
64 68
64 70
64 73
64 74
64 75
65 1
65 2
65 3
65 5
65 7
65 8
65 9
65 10
65 11
65 14
65 17
65 19
65 20
65 21
65 22
65 23
65 24
65 25
65 27
65 29
65 30
65 33
65 36
65 39
65 41
65 46
65 48
65 49
65 50
65 51
65 52
65 53
65 54
65 56
65 57
65 58
65 59
65 60
65 61
65 62
65 63
65 64
65 66
65 67
65 68
65 73
65 74
65 75
66 1
66 3
66 4
66 5
66 7
66 8
66 9
66 13
66 16
66 17
66 18
66 19
66 20
66 23
66 24
66 25
66 27
66 29
66 32
66 36
66 37
66 38
66 40
66 48
66 49
66 50
66 51
66 52
66 54
66 55
66 56
66 57
66 58
66 60
66 61
66 62
66 64
66 65
66 67
66 69
66 70
66 71
66 74
66 75
67 4
67 7
67 8
67 9
67 13
67 15
67 17
67 19
67 22
67 23
67 24
67 27
67 28
67 29
67 30
67 32
67 33
67 35
67 37
67 38
67 39
67 40
67 41
67 43
67 44
67 45
67 49
67 50
67 51
67 52
67 53
67 55
67 56
67 57
67 58
67 63
67 64
67 65
67 66
67 69
67 70
67 71
67 72
67 73
67 75
68 2
68 4
68 5
68 7
68 13
68 14
68 15
68 16
68 17
68 18
68 20
68 22
68 23
68 24
68 31
68 33
68 34
68 35
68 38
68 40
68 41
68 42
68 45
68 46
68 47
68 50
68 52
68 53
68 54
68 55
68 56
68 58
68 64
68 65
68 69
68 72
68 73
68 75
69 1
69 2
69 5
69 6
69 8
69 9
69 10
69 12
69 14
69 15
69 16
69 17
69 18
69 19
69 21
69 22
69 25
69 27
69 32
69 33
69 35
69 36
69 37
69 38
69 42
69 44
69 46
69 47
69 48
69 54
69 55
69 56
69 57
69 58
69 59
69 60
69 63
69 66
69 67
69 68
69 71
69 72
69 73
69 75
70 2
70 4
70 5
70 6
70 7
70 8
70 9
70 11
70 12
70 13
70 14
70 15
70 16
70 17
70 18
70 21
70 22
70 23
70 25
70 28
70 29
70 31
70 33
70 35
70 37
70 38
70 39
70 40
70 41
70 42
70 43
70 45
70 46
70 47
70 49
70 50
70 51
70 54
70 59
70 60
70 61
70 63
70 64
70 66
70 67
70 71
70 72
70 73
71 1
71 2
71 3
71 4
71 6
71 7
71 8
71 12
71 18
71 20
71 21
71 22
71 23
71 24
71 25
71 26
71 27
71 29
71 30
71 31
71 33
71 34
71 37
71 38
71 41
71 42
71 43
71 44
71 45
71 50
71 51
71 53
71 55
71 57
71 60
71 61
71 62
71 63
71 66
71 67
71 69
71 70
71 73
72 1
72 2
72 4
72 6
72 7
72 8
72 9
72 10
72 11
72 14
72 15
72 16
72 17
72 18
72 19
72 20
72 21
72 25
72 26
72 27
72 28
72 29
72 31
72 35
72 36
72 37
72 38
72 39
72 40
72 42
72 45
72 47
72 48
72 49
72 50
72 51
72 52
72 53
72 54
72 56
72 57
72 58
72 61
72 67
72 68
72 69
72 70
72 73
72 74
73 2
73 4
73 5
73 7
73 10
73 11
73 12
73 15
73 17
73 18
73 19
73 21
73 24
73 26
73 27
73 28
73 29
73 34
73 35
73 36
73 42
73 43
73 44
73 45
73 46
73 47
73 48
73 51
73 52
73 54
73 55
73 56
73 57
73 59
73 60
73 62
73 63
73 64
73 65
73 67
73 68
73 69
73 70
73 71
73 72
73 74
73 75
74 1
74 2
74 3
74 4
74 7
74 8
74 11
74 12
74 13
74 17
74 18
74 20
74 21
74 22
74 24
74 25
74 26
74 27
74 29
74 30
74 32
74 35
74 36
74 41
74 42
74 43
74 44
74 45
74 47
74 48
74 50
74 51
74 52
74 54
74 55
74 57
74 60
74 61
74 62
74 64
74 65
74 66
74 72
74 73
75 1
75 2
75 4
75 5
75 6
75 7
75 8
75 10
75 12
75 14
75 16
75 18
75 19
75 20
75 21
75 23
75 24
75 25
75 26
75 27
75 28
75 34
75 37
75 38
75 40
75 41
75 46
75 49
75 50
75 54
75 55
75 56
75 58
75 59
75 60
75 62
75 63
75 64
75 65
75 66
75 67
75 68
75 69
75 73
