75
1 3
1 4
1 7
1 8
1 10
1 11
1 12
1 14
1 16
1 18
1 19
1 21
1 23
1 24
1 25
1 26
1 28
1 30
1 31
1 32
1 35
1 36
1 37
1 41
1 43
1 44
1 46
1 47
1 49
1 51
1 52
1 54
1 56
1 58
1 61
1 62
1 65
1 66
1 68
1 72
1 75
2 3
2 6
2 7
2 9
2 11
2 12
2 13
2 14
2 17
2 19
2 20
2 21
2 22
2 23
2 24
2 25
2 29
2 30
2 31
2 35
2 37
2 40
2 44
2 47
2 51
2 53
2 54
2 55
2 56
2 57
2 58
2 59
2 61
2 62
2 63
2 64
2 66
2 67
2 68
2 69
2 71
2 72
2 73
2 74
2 75
3 1
3 2
3 4
3 6
3 7
3 8
3 13
3 15
3 17
3 20
3 21
3 24
3 25
3 26
3 28
3 34
3 36
3 40
3 42
3 44
3 45
3 47
3 55
3 56
3 58
3 60
3 61
3 62
3 65
3 67
3 69
3 70
3 72
4 1
4 3
4 11
4 12
4 13
4 18
4 23
4 24
4 28
4 31
4 32
4 33
4 36
4 37
4 38
4 41
4 42
4 43
4 44
4 45
4 46
4 48
4 49
4 50
4 53
4 55
4 56
4 57
4 58
4 59
4 62
4 63
4 65
4 67
4 70
4 73
4 75
5 9
5 10
5 11
5 18
5 20
5 21
5 22
5 24
5 25
5 27
5 28
5 29
5 30
5 31
5 33
5 34
5 35
5 37
5 38
5 43
5 44
5 45
5 46
5 50
5 53
5 54
5 55
5 56
5 57
5 58
5 60
5 61
5 62
5 63
5 65
5 66
5 69
5 70
5 72
5 75
6 2
6 3
6 7
6 8
6 9
6 10
6 11
6 14
6 15
6 16
6 19
6 21
6 26
6 28
6 29
6 30
6 31
6 34
6 36
6 37
6 41
6 42
6 43
6 47
6 48
6 50
6 55
6 56
6 57
6 60
6 61
6 62
6 64
6 65
6 68
6 69
6 71
6 72
6 74
7 1
7 2
7 3
7 6
7 8
7 9
7 10
7 11
7 13
7 15
7 16
7 17
7 18
7 19
7 20
7 21
7 24
7 26
7 27
7 28
7 32
7 33
7 34
7 38
7 40
7 41
7 43
7 44
7 45
7 46
7 47
7 48
7 49
7 53
7 55
7 57
7 59
7 60
7 61
7 62
7 66
7 70
7 71
7 73
8 1
8 3
8 6
8 7
8 9
8 10
8 11
8 12
8 15
8 18
8 20
8 23
8 26
8 27
8 28
8 29
8 30
8 31
8 36
8 39
8 40
8 41
8 43
8 44
8 46
8 48
8 50
8 51
8 53
8 54
8 57
8 60
8 61
8 63
8 64
8 65
8 67
8 68
8 71
8 74
9 2
9 5
9 6
9 7
9 8
9 10
9 11
9 12
9 13
9 16
9 17
9 19
9 20
9 22
9 23
9 28
9 29
9 31
9 35
9 36
9 37
9 38
9 39
9 40
9 41
9 42
9 43
9 44
9 45
9 49
9 50
9 51
9 52
9 53
9 56
9 58
9 59
9 60
9 62
9 63
9 66
9 68
9 69
9 71
9 72
9 73
9 74
10 1
10 5
10 6
10 7
10 8
10 9
10 11
10 12
10 13
10 15
10 16
10 17
10 18
10 20
10 21
10 24
10 25
10 26
10 27
10 28
10 29
10 31
10 32
10 34
10 35
10 40
10 44
10 49
10 51
10 52
10 53
10 54
10 57
10 60
10 61
10 62
10 63
10 66
10 68
10 71
10 72
10 73
10 75
11 1
11 2
11 4
11 5
11 6
11 7
11 8
11 9
11 10
11 12
11 13
11 14
11 17
11 18
11 19
11 21
11 22
11 23
11 27
11 28
11 30
11 31
11 33
11 34
11 36
11 37
11 38
11 42
11 47
11 50
11 51
11 53
11 54
11 56
11 57
11 59
11 66
11 68
11 69
11 70
11 71
11 72
11 73
11 75
12 1
12 2
12 4
12 8
12 9
12 10
12 11
12 13
12 15
12 16
12 18
12 19
12 20
12 22
12 24
12 26
12 27
12 28
12 31
12 33
12 35
12 36
12 37
12 38
12 39
12 40
12 42
12 44
12 47
12 48
12 50
12 51
12 52
12 56
12 57
12 58
12 59
12 61
12 63
12 64
12 66
12 67
12 68
12 69
12 70
12 73
12 75
13 2
13 3
13 4
13 7
13 9
13 10
13 11
13 12
13 14
13 15
13 16
13 17
13 18
13 21
13 23
13 24
13 25
13 26
13 28
13 29
13 31
13 33
13 34
13 35
13 36
13 38
13 39
13 40
13 45
13 47
13 49
13 51
13 53
13 55
13 56
13 57
13 58
13 59
13 60
13 62
13 63
13 65
13 66
13 67
13 68
13 69
13 70
13 71
13 73
13 74
14 1
14 2
14 6
14 11
14 13
14 15
14 16
14 17
14 18
14 19
14 21
14 23
14 24
14 25
14 26
14 27
14 28
14 30
14 33
14 34
14 35
14 36
14 40
14 41
14 42
14 43
14 44
14 46
14 47
14 48
14 49
14 50
14 51
14 52
14 53
14 55
14 56
14 57
14 58
14 59
14 62
14 64
14 66
14 67
14 68
14 69
14 73
14 74
14 75
15 3
15 6
15 7
15 8
15 10
15 12
15 13
15 14
15 17
15 19
15 21
15 23
15 24
15 25
15 28
15 29
15 30
15 31
15 32
15 33
15 34
15 35
15 37
15 38
15 39
15 41
15 44
15 45
15 46
15 49
15 50
15 52
15 53
15 54
15 55
15 56
15 58
15 59
15 60
15 61
15 62
15 63
15 65
15 66
15 68
15 69
15 70
15 72
15 73
15 74
16 1
16 6
16 7
16 9
16 10
16 12
16 13
16 14
16 17
16 18
16 19
16 20
16 21
16 23
16 24
16 25
16 27
16 28
16 29
16 30
16 32
16 33
16 36
16 37
16 43
16 44
16 45
16 46
16 52
16 54
16 55
16 56
16 57
16 60
16 61
16 64
16 67
16 69
16 72
16 73
16 74
16 75
17 2
17 3
17 7
17 9
17 10
17 11
17 13
17 14
17 15
17 16
17 19
17 21
17 22
17 23
17 24
17 25
17 26
17 27
17 29
17 30
17 32
17 33
17 34
17 36
17 39
17 41
17 44
17 48
17 49
17 50
17 51
17 52
17 55
17 56
17 57
17 58
17 59
17 60
17 63
17 64
17 65
17 67
17 69
17 71
17 72
17 73
17 74
18 1
18 4
18 5
18 7
18 8
18 10
18 11
18 12
18 13
18 14
18 16
18 19
18 20
18 21
18 23
18 24
18 25
18 26
18 28
18 29
18 33
18 34
18 35
18 36
18 37
18 38
18 40
18 42
18 43
18 46
18 47
18 51
18 53
18 54
18 55
18 56
18 60
18 61
18 64
18 66
18 69
18 72
18 75
19 1
19 2
19 6
19 7
19 9
19 11
19 12
19 14
19 15
19 16
19 17
19 18
19 20
19 21
19 22
19 23
19 24
19 25
19 27
19 31
19 34
19 35
19 37
19 39
19 42
19 43
19 44
19 46
19 48
19 51
19 53
19 54
19 55
19 56
19 59
19 62
19 63
19 64
19 66
19 68
19 71
19 72
19 73
19 74
19 75
20 2
20 3
20 5
20 7
20 8
20 9
20 10
20 12
20 16
20 18
20 19
20 21
20 22
20 23
20 25
20 28
20 30
20 32
20 33
20 34
20 36
20 37
20 40
20 43
20 45
20 46
20 47
20 52
20 54
20 56
20 57
20 60
20 61
20 63
20 64
20 65
20 68
20 69
20 70
20 73
20 75
21 1
21 2
21 3
21 5
21 6
21 7
21 10
21 11
21 13
21 14
21 15
21 16
21 17
21 18
21 19
21 20
21 22
21 23
21 26
21 27
21 29
21 30
21 31
21 35
21 36
21 38
21 41
21 43
21 44
21 45
21 48
21 49
21 52
21 53
21 54
21 55
21 56
21 57
21 58
21 59
21 64
21 73
21 74
22 2
22 5
22 9
22 11
22 12
22 17
22 19
22 20
22 21
22 23
22 24
22 26
22 29
22 30
22 31
22 32
22 36
22 37
22 38
22 39
22 40
22 41
22 42
22 44
22 47
22 49
22 52
22 53
22 54
22 56
22 57
22 60
22 61
22 62
22 63
22 64
22 66
22 67
22 69
22 70
22 71
22 73
22 75
23 1
23 2
23 4
23 8
23 9
23 11
23 13
23 14
23 15
23 16
23 17
23 18
23 19
23 20
23 21
23 22
23 24
23 26
23 27
23 28
23 29
23 34
23 35
23 36
23 37
23 38
23 39
23 42
23 43
23 45
23 46
23 47
23 48
23 50
23 53
23 55
23 57
23 58
23 59
23 62
23 65
23 66
23 68
23 70
23 72
23 73
23 74
23 75
24 1
24 2
24 3
24 4
24 5
24 7
24 10
24 12
24 13
24 14
24 15
24 16
24 17
24 18
24 19
24 22
24 23
24 25
24 26
24 27
24 28
24 31
24 32
24 35
24 38
24 39
24 41
24 42
24 43
24 46
24 47
24 48
24 50
24 51
24 52
24 53
24 54
24 55
24 56
24 59
24 61
24 62
24 63
24 64
24 66
24 68
24 70
24 72
24 74
24 75
25 1
25 2
25 3
25 5
25 10
25 13
25 14
25 15
25 16
25 17
25 18
25 19
25 20
25 24
25 26
25 27
25 28
25 29
25 31
25 32
25 35
25 36
25 37
25 38
25 40
25 41
25 42
25 44
25 51
25 52
25 53
25 54
25 55
25 57
25 58
25 59
25 60
25 61
25 62
25 63
25 65
25 66
25 69
25 70
25 71
25 72
25 74
25 75
26 1
26 3
26 6
26 7
26 8
26 10
26 12
26 13
26 14
26 17
26 18
26 21
26 22
26 23
26 24
26 25
26 27
26 28
26 29
26 30
26 33
26 37
26 40
26 42
26 46
26 47
26 50
26 53
26 54
26 55
26 58
26 59
26 60
26 61
26 62
26 65
26 66
26 67
26 68
26 73
26 74
26 75
27 5
27 7
27 8
27 10
27 11
27 12
27 14
27 16
27 17
27 19
27 21
27 23
27 24
27 25
27 26
27 28
27 29
27 30
27 31
27 33
27 34
27 35
27 37
27 39
27 40
27 41
27 43
27 44
27 45
27 46
27 47
27 49
27 50
27 53
27 54
27 55
27 59
27 61
27 63
27 64
27 65
27 66
27 67
27 68
27 70
27 71
27 72
27 73
27 74
28 1
28 3
28 4
28 5
28 6
28 7
28 8
28 9
28 10
28 11
28 12
28 13
28 14
28 15
28 16
28 18
28 20
28 23
28 24
28 25
28 26
28 27
28 29
28 31
28 32
28 33
28 34
28 35
28 36
28 37
28 39
28 40
28 41
28 42
28 44
28 45
28 46
28 47
28 48
28 50
28 53
28 57
28 60
28 61
28 62
28 63
28 67
28 68
28 71
28 72
28 75
29 2
29 5
29 6
29 8
29 9
29 10
29 13
29 15
29 16
29 17
29 18
29 21
29 22
29 23
29 25
29 26
29 27
29 28
29 32
29 34
29 35
29 38
29 39
29 40
29 41
29 43
29 44
29 48
29 50
29 53
29 54
29 55
29 56
29 58
29 60
29 61
29 65
29 66
29 67
29 68
29 70
29 74
29 75
30 1
30 2
30 5
30 6
30 8
30 11
30 14
30 15
30 16
30 17
30 20
30 21
30 22
30 26
30 27
30 32
30 34
30 35
30 36
30 37
30 38
30 40
30 41
30 43
30 45
30 47
30 49
30 50
30 51
30 52
30 54
30 55
30 57
30 58
30 60
30 61
30 62
30 65
30 70
30 71
30 72
30 74
30 75
31 1
31 2
31 4
31 5
31 6
31 8
31 9
31 10
31 11
31 12
31 13
31 15
31 19
31 21
31 22
31 24
31 25
31 27
31 28
31 34
31 37
31 38
31 40
31 41
31 42
31 43
31 44
31 46
31 48
31 51
31 52
31 55
31 56
31 59
31 60
31 61
31 63
31 65
31 66
31 67
31 68
31 74
31 75
32 1
32 4
32 7
32 10
32 15
32 16
32 17
32 20
32 22
32 24
32 25
32 28
32 29
32 30
32 35
32 36
32 43
32 45
32 48
32 50
32 51
32 52
32 54
32 55
32 57
32 58
32 59
32 60
32 61
32 64
32 65
32 66
32 67
32 68
32 69
32 70
32 72
32 73
32 74
32 75
33 4
33 5
33 7
33 11
33 12
33 13
33 14
33 15
33 16
33 17
33 18
33 20
33 26
33 27
33 28
33 35
33 36
33 37
33 38
33 39
33 40
33 43
33 44
33 47
33 48
33 49
33 52
33 54
33 56
33 57
33 58
33 59
33 60
33 61
33 62
33 63
33 66
33 67
33 68
33 69
33 70
33 72
33 73
33 75
34 3
34 5
34 6
34 7
34 10
34 11
34 13
34 14
34 15
34 17
34 18
34 19
34 20
34 23
34 27
34 28
34 29
34 30
34 31
34 35
34 37
34 38
34 39
34 40
34 41
34 42
34 45
34 46
34 47
34 48
34 49
34 50
34 52
34 54
34 55
34 56
34 58
34 60
34 61
34 62
34 63
34 64
34 65
34 67
34 69
34 73
35 1
35 2
35 5
35 9
35 10
35 12
35 13
35 14
35 15
35 18
35 19
35 21
35 23
35 24
35 25
35 27
35 28
35 29
35 30
35 32
35 33
35 34
35 36
35 40
35 41
35 44
35 48
35 50
35 51
35 52
35 56
35 58
35 60
35 61
35 62
35 63
35 65
35 67
35 69
35 71
35 73
35 74
35 75
36 1
36 3
36 4
36 6
36 8
36 9
36 11
36 12
36 13
36 14
36 16
36 17
36 18
36 20
36 21
36 22
36 23
36 25
36 28
36 30
36 32
36 33
36 35
36 38
36 40
36 41
36 45
36 46
36 47
36 49
36 50
36 51
36 52
36 53
36 54
36 56
36 57
36 61
36 62
36 63
36 67
36 68
36 70
36 71
36 72
36 73
36 74
36 75
37 1
37 2
37 4
37 5
37 6
37 9
37 11
37 12
37 15
37 16
37 18
37 19
37 20
37 22
37 23
37 25
37 26
37 27
37 28
37 30
37 31
37 33
37 34
37 38
37 39
37 42
37 43
37 44
37 46
37 48
37 49
37 50
37 51
37 52
37 54
37 55
37 56
37 57
37 58
37 62
37 63
37 64
37 65
37 66
37 67
37 71
37 72
37 73
37 74
37 75
38 4
38 5
38 7
38 9
38 11
38 12
38 13
38 15
38 18
38 21
38 22
38 23
38 24
38 25
38 29
38 30
38 31
38 33
38 34
38 36
38 37
38 39
38 40
38 41
38 42
38 45
38 47
38 48
38 54
38 55
38 56
38 57
38 59
38 60
38 61
38 62
38 64
38 65
38 66
38 67
38 68
38 69
38 70
38 72
38 73
38 75
39 8
39 9
39 12
39 13
39 15
39 17
39 19
39 22
39 23
39 24
39 27
39 28
39 29
39 33
39 34
39 37
39 38
39 40
39 42
39 44
39 46
39 47
39 49
39 51
39 52
39 53
39 54
39 57
39 60
39 61
39 62
39 66
39 67
39 68
39 69
39 70
39 71
39 73
39 74
40 2
40 3
40 7
40 8
40 9
40 10
40 12
40 13
40 14
40 18
40 20
40 22
40 25
40 26
40 27
40 28
40 29
40 30
40 31
40 33
40 34
40 35
40 36
40 38
40 39
40 41
40 44
40 46
40 48
40 49
40 50
40 53
40 57
40 58
40 59
40 60
40 61
40 63
40 64
40 67
40 71
40 74
40 75
41 1
41 4
41 6
41 7
41 8
41 9
41 14
41 15
41 17
41 21
41 22
41 24
41 25
41 27
41 28
41 29
41 30
41 31
41 34
41 35
41 36
41 38
41 40
41 42
41 44
41 45
41 48
41 49
41 50
41 52
41 53
41 55
41 59
41 60
41 62
41 66
41 67
41 69
42 3
42 4
42 6
42 9
42 11
42 12
42 14
42 18
42 19
42 22
42 23
42 24
42 25
42 26
42 28
42 31
42 34
42 37
42 38
42 39
42 41
42 43
42 44
42 45
42 46
42 48
42 49
42 51
42 53
42 54
42 57
42 58
42 59
42 60
42 63
42 65
42 66
42 67
42 68
42 72
42 75
43 1
43 4
43 5
43 6
43 7
43 8
43 9
43 14
43 16
43 18
43 19
43 20
43 21
43 23
43 24
43 27
43 29
43 30
43 31
43 32
43 33
43 37
43 42
43 44
43 46
43 49
43 51
43 53
43 55
43 56
43 57
43 59
43 60
43 62
43 63
43 64
43 66
43 68
43 69
43 72
43 73
43 75
44 1
44 2
44 3
44 4
44 5
44 7
44 8
44 9
44 10
44 12
44 14
44 15
44 16
44 17
44 19
44 21
44 22
44 25
44 27
44 28
44 29
44 31
44 33
44 35
44 37
44 39
44 40
44 41
44 42
44 43
44 46
44 48
44 49
44 51
44 53
44 55
44 58
44 59
44 60
44 61
44 62
44 63
44 67
44 69
44 71
44 72
44 73
44 75
45 3
45 4
45 5
45 7
45 9
45 13
45 15
45 16
45 20
45 21
45 23
45 27
45 28
45 30
45 32
45 34
45 36
45 38
45 41
45 42
45 49
45 50
45 53
45 55
45 57
45 59
45 60
45 61
45 64
45 65
45 66
45 68
45 70
45 71
45 73
45 74
45 75
46 1
46 4
46 5
46 7
46 8
46 14
46 15
46 16
46 18
46 19
46 20
46 23
46 24
46 26
46 27
46 28
46 31
46 34
46 36
46 37
46 39
46 40
46 42
46 43
46 44
46 47
46 48
46 49
46 53
46 54
46 55
46 56
46 59
46 60
46 62
46 63
46 66
46 68
46 70
46 71
46 72
46 73
46 74
47 1
47 2
47 3
47 6
47 7
47 11
47 12
47 13
47 14
47 18
47 20
47 22
47 23
47 24
47 26
47 27
47 28
47 30
47 33
47 34
47 36
47 38
47 39
47 46
47 49
47 51
47 53
47 56
47 60
47 62
47 63
47 64
47 65
47 66
47 67
47 71
47 72
47 73
47 75
48 4
48 6
48 7
48 8
48 12
48 14
48 17
48 19
48 21
48 23
48 24
48 28
48 29
48 31
48 32
48 33
48 34
48 35
48 37
48 38
48 40
48 41
48 42
48 44
48 46
48 49
48 50
48 51
48 52
48 54
48 57
48 58
48 59
48 64
48 65
48 67
48 68
48 69
48 71
48 72
48 73
48 75
49 1
49 4
49 7
49 9
49 10
49 13
49 14
49 15
49 17
49 21
49 22
49 27
49 30
49 33
49 34
49 36
49 37
49 39
49 40
49 41
49 42
49 43
49 44
49 45
49 46
49 47
49 48
49 51
49 53
49 58
49 60
49 62
49 64
49 65
49 67
49 69
49 70
49 71
49 72
49 74
49 75
50 4
50 5
50 6
50 8
50 9
50 11
50 12
50 14
50 15
50 17
50 23
50 24
50 26
50 27
50 28
50 29
50 30
50 32
50 34
50 35
50 36
50 37
50 40
50 41
50 45
50 48
50 51
50 52
50 55
50 56
50 58
50 59
50 60
50 61
50 62
50 64
50 67
50 68
50 69
50 70
50 72
50 74
50 75
51 1
51 2
51 8
51 9
51 10
51 11
51 12
51 13
51 14
51 17
51 18
51 19
51 24
51 25
51 30
51 31
51 32
51 35
51 36
51 37
51 39
51 42
51 43
51 44
51 47
51 48
51 49
51 50
51 52
51 54
51 55
51 57
51 60
51 62
51 65
51 66
51 67
51 68
51 69
51 70
51 71
51 75
52 1
52 9
52 10
52 12
52 14
52 15
52 16
52 17
52 20
52 21
52 22
52 24
52 25
52 30
52 31
52 32
52 33
52 34
52 35
52 36
52 37
52 39
52 41
52 48
52 50
52 51
52 53
52 55
52 58
52 59
52 62
52 63
52 64
52 66
52 68
52 69
52 70
52 74
53 2
53 4
53 5
53 7
53 8
53 9
53 10
53 11
53 13
53 14
53 15
53 18
53 19
53 21
53 22
53 23
53 24
53 25
53 26
53 27
53 28
53 29
53 36
53 39
53 40
53 41
53 42
53 43
53 44
53 45
53 46
53 47
53 49
53 52
53 54
53 55
53 56
53 58
53 59
53 60
53 61
53 63
53 68
53 70
53 71
53 72
53 74
53 75
54 1
54 2
54 5
54 8
54 10
54 11
54 15
54 16
54 18
54 19
54 20
54 21
54 22
54 24
54 25
54 26
54 27
54 29
54 30
54 32
54 33
54 34
54 36
54 37
54 38
54 39
54 42
54 46
54 48
54 51
54 53
54 57
54 58
54 59
54 62
54 63
54 64
54 65
54 67
54 68
54 70
54 71
54 72
54 74
54 75
55 2
55 3
55 4
55 5
55 6
55 7
55 13
55 14
55 15
55 16
55 17
55 18
55 19
55 21
55 23
55 24
55 25
55 26
55 27
55 29
55 30
55 31
55 32
55 34
55 37
55 38
55 41
55 43
55 44
55 45
55 46
55 50
55 51
55 52
55 53
55 57
55 58
55 59
55 60
55 64
55 66
55 67
55 68
55 69
55 70
55 72
55 73
55 75
56 1
56 2
56 3
56 4
56 5
56 6
56 9
56 11
56 12
56 13
56 14
56 15
56 16
56 17
56 18
56 19
56 20
56 21
56 22
56 24
56 29
56 31
56 33
56 34
56 35
56 36
56 37
56 38
56 43
56 46
56 47
56 50
56 53
56 57
56 59
56 61
56 62
56 63
56 64
56 66
56 67
56 68
56 71
56 72
56 73
56 74
56 75
57 2
57 4
57 5
57 6
57 7
57 8
57 10
57 11
57 12
57 13
57 14
57 16
57 17
57 20
57 21
57 22
57 23
57 25
57 28
57 30
57 32
57 33
57 36
57 37
57 38
57 39
57 40
57 42
57 43
57 45
57 48
57 51
57 54
57 55
57 56
57 61
57 62
57 65
57 66
57 68
57 69
57 70
57 71
57 72
57 75
58 1
58 2
58 3
58 4
58 5
58 9
58 12
58 13
58 14
58 15
58 17
58 21
58 23
58 25
58 26
58 29
58 30
58 32
58 33
58 34
58 35
58 37
58 40
58 42
58 44
58 48
58 49
58 50
58 52
58 53
58 54
58 55
58 60
58 61
58 62
58 63
58 64
58 65
58 66
58 67
58 68
58 70
58 71
58 72
59 2
59 4
59 7
59 9
59 11
59 12
59 13
59 14
59 15
59 17
59 19
59 21
59 23
59 24
59 25
59 26
59 27
59 31
59 32
59 33
59 38
59 40
59 41
59 42
59 43
59 44
59 45
59 46
59 48
59 50
59 52
59 53
59 54
59 55
59 56
59 60
59 61
59 62
59 63
59 66
59 67
59 68
59 71
59 72
59 73
59 74
59 75
60 3
60 5
60 6
60 7
60 8
60 9
60 10
60 13
60 15
60 16
60 17
60 18
60 20
60 22
60 25
60 26
60 28
60 29
60 30
60 31
60 32
60 33
60 34
60 35
60 38
60 39
60 40
60 41
60 42
60 43
60 44
60 45
60 46
60 47
60 49
60 50
60 51
60 53
60 55
60 58
60 59
60 61
60 62
60 63
60 66
60 67
60 68
60 69
60 71
60 72
60 74
61 1
61 2
61 3
61 5
61 6
61 7
61 8
61 10
61 12
61 15
61 16
61 18
61 20
61 22
61 24
61 25
61 26
61 27
61 28
61 29
61 30
61 31
61 32
61 33
61 34
61 35
61 36
61 38
61 39
61 40
61 44
61 45
61 50
61 53
61 56
61 57
61 58
61 59
61 60
61 62
61 67
61 68
61 70
61 72
61 73
61 74
62 1
62 2
62 3
62 4
62 5
62 6
62 7
62 9
62 10
62 13
62 14
62 15
62 19
62 22
62 23
62 24
62 25
62 26
62 28
62 30
62 33
62 34
62 35
62 36
62 37
62 38
62 39
62 41
62 43
62 44
62 46
62 47
62 49
62 50
62 51
62 52
62 54
62 56
62 57
62 58
62 59
62 60
62 61
62 63
62 64
62 65
62 66
62 67
62 68
62 69
62 71
62 72
62 73
63 2
63 4
63 5
63 8
63 9
63 10
63 12
63 13
63 15
63 17
63 19
63 20
63 22
63 24
63 25
63 27
63 28
63 31
63 33
63 34
63 35
63 36
63 37
63 40
63 42
63 43
63 44
63 46
63 47
63 52
63 53
63 54
63 56
63 58
63 59
63 60
63 62
63 65
63 66
63 68
63 72
63 73
63 74
63 75
64 2
64 6
64 8
64 12
64 14
64 16
64 17
64 18
64 19
64 20
64 21
64 22
64 24
64 27
64 32
64 34
64 37
64 38
64 40
64 43
64 45
64 47
64 48
64 49
64 50
64 52
64 54
64 55
64 56
64 58
64 62
64 65
64 66
64 68
64 69
64 72
64 73
64 74
65 1
65 3
65 4
65 5
65 6
65 8
65 13
65 15
65 17
65 20
65 23
65 25
65 26
65 27
65 29
65 30
65 31
65 32
65 34
65 35
65 37
65 38
65 42
65 45
65 47
65 48
65 49
65 51
65 54
65 57
65 58
65 62
65 63
65 64
65 66
65 68
65 69
65 70
66 1
66 2
66 5
66 7
66 9
66 10
66 11
66 12
66 13
66 14
66 15
66 18
66 19
66 22
66 23
66 24
66 25
66 26
66 27
66 29
66 31
66 32
66 33
66 37
66 38
66 39
66 41
66 42
66 43
66 45
66 46
66 47
66 51
66 52
66 55
66 56
66 57
66 58
66 59
66 60
66 62
66 63
66 64
66 65
66 67
66 68
66 69
66 70
66 71
66 72
66 75
67 2
67 3
67 4
67 8
67 12
67 13
67 14
67 16
67 17
67 22
67 26
67 27
67 28
67 29
67 31
67 32
67 33
67 34
67 35
67 36
67 37
67 38
67 39
67 40
67 41
67 42
67 44
67 47
67 48
67 49
67 50
67 51
67 54
67 55
67 56
67 58
67 59
67 60
67 61
67 62
67 66
67 68
67 69
67 71
67 74
68 1
68 2
68 6
68 8
68 9
68 10
68 11
68 12
68 13
68 14
68 15
68 19
68 20
68 23
68 24
68 26
68 27
68 28
68 29
68 31
68 32
68 33
68 36
68 38
68 39
68 42
68 43
68 45
68 46
68 48
68 50
68 51
68 52
68 53
68 54
68 55
68 56
68 57
68 58
68 59
68 60
68 61
68 62
68 63
68 64
68 65
68 66
68 67
68 70
68 72
68 74
68 75
69 2
69 3
69 5
69 6
69 9
69 11
69 12
69 13
69 14
69 15
69 16
69 17
69 18
69 20
69 22
69 25
69 32
69 33
69 34
69 35
69 38
69 39
69 41
69 43
69 44
69 48
69 49
69 50
69 51
69 52
69 55
69 57
69 60
69 62
69 64
69 65
69 66
69 67
69 71
69 73
69 75
70 3
70 4
70 5
70 7
70 11
70 12
70 13
70 15
70 20
70 22
70 23
70 24
70 25
70 27
70 29
70 30
70 32
70 33
70 36
70 38
70 39
70 45
70 46
70 49
70 50
70 51
70 52
70 53
70 54
70 55
70 57
70 58
70 61
70 65
70 66
70 68
70 72
71 2
71 6
71 7
71 8
71 9
71 10
71 11
71 13
71 17
71 19
71 22
71 25
71 27
71 28
71 30
71 35
71 36
71 37
71 39
71 40
71 44
71 45
71 46
71 47
71 48
71 49
71 51
71 53
71 54
71 56
71 57
71 58
71 59
71 60
71 62
71 66
71 67
71 69
71 72
71 73
71 75
72 1
72 2
72 3
72 5
72 6
72 9
72 10
72 11
72 15
72 16
72 17
72 18
72 19
72 23
72 24
72 25
72 27
72 28
72 30
72 32
72 33
72 36
72 37
72 38
72 42
72 43
72 44
72 46
72 47
72 48
72 49
72 50
72 53
72 54
72 55
72 56
72 57
72 58
72 59
72 60
72 61
72 62
72 63
72 64
72 66
72 68
72 70
72 71
72 74
72 75
73 2
73 4
73 7
73 9
73 10
73 11
73 12
73 13
73 14
73 15
73 16
73 17
73 19
73 20
73 21
73 22
73 23
73 26
73 27
73 32
73 33
73 34
73 35
73 36
73 37
73 38
73 39
73 43
73 44
73 45
73 46
73 47
73 48
73 55
73 56
73 59
73 61
73 62
73 63
73 64
73 69
73 71
73 74
74 2
74 6
74 8
74 9
74 13
74 14
74 15
74 16
74 17
74 19
74 21
74 23
74 24
74 25
74 26
74 27
74 29
74 30
74 31
74 32
74 35
74 36
74 37
74 39
74 40
74 45
74 46
74 49
74 50
74 52
74 53
74 54
74 56
74 59
74 60
74 61
74 63
74 64
74 67
74 68
74 72
74 73
75 1
75 2
75 4
75 5
75 10
75 11
75 12
75 14
75 16
75 18
75 19
75 20
75 22
75 23
75 24
75 25
75 26
75 28
75 29
75 30
75 31
75 32
75 33
75 35
75 36
75 37
75 38
75 40
75 42
75 43
75 44
75 45
75 47
75 48
75 49
75 50
75 51
75 53
75 54
75 55
75 56
75 57
75 59
75 63
75 66
75 68
75 69
75 71
75 72
