75
1 3
1 7
1 8
1 9
1 10
1 11
1 13
1 15
1 16
1 17
1 18
1 21
1 22
1 24
1 25
1 27
1 30
1 34
1 35
1 37
1 41
1 42
1 45
1 46
1 47
1 49
1 52
1 54
1 56
1 63
1 66
1 67
1 68
1 70
1 74
1 75
2 4
2 6
2 7
2 10
2 13
2 14
2 20
2 25
2 27
2 29
2 31
2 34
2 35
2 39
2 41
2 47
2 52
2 53
2 55
2 58
2 59
2 64
2 65
2 67
2 69
3 1
3 4
3 7
3 12
3 14
3 15
3 19
3 21
3 29
3 30
3 31
3 32
3 35
3 37
3 39
3 45
3 46
3 47
3 48
3 49
3 50
3 52
3 53
3 57
3 58
3 59
3 60
3 61
3 64
3 66
3 68
3 72
3 75
4 2
4 3
4 5
4 8
4 9
4 10
4 15
4 16
4 19
4 23
4 24
4 27
4 28
4 29
4 30
4 33
4 38
4 42
4 43
4 45
4 47
4 50
4 55
4 56
4 58
4 62
4 63
4 64
4 66
4 67
4 68
4 70
4 72
4 73
5 4
5 6
5 13
5 16
5 17
5 18
5 19
5 23
5 24
5 27
5 30
5 31
5 32
5 36
5 37
5 38
5 39
5 40
5 41
5 43
5 45
5 51
5 52
5 54
5 55
5 57
5 58
5 62
5 64
5 65
5 66
5 70
5 72
5 73
6 2
6 5
6 8
6 10
6 11
6 13
6 15
6 17
6 22
6 24
6 27
6 31
6 32
6 34
6 35
6 38
6 39
6 41
6 42
6 45
6 53
6 54
6 56
6 57
6 60
6 61
6 62
6 63
6 66
6 67
6 69
6 74
7 1
7 2
7 3
7 8
7 12
7 16
7 18
7 19
7 22
7 25
7 27
7 31
7 32
7 33
7 35
7 36
7 38
7 39
7 40
7 42
7 46
7 47
7 48
7 52
7 53
7 54
7 55
7 57
7 58
7 64
7 67
7 70
7 72
7 73
8 1
8 4
8 6
8 7
8 9
8 10
8 11
8 13
8 15
8 19
8 21
8 23
8 24
8 27
8 28
8 30
8 33
8 34
8 36
8 37
8 39
8 42
8 43
8 45
8 49
8 51
8 52
8 53
8 55
8 57
8 58
8 60
8 63
8 64
8 65
8 67
8 68
8 69
8 72
8 74
8 75
9 1
9 4
9 8
9 12
9 14
9 20
9 22
9 26
9 27
9 30
9 32
9 34
9 35
9 37
9 40
9 46
9 49
9 50
9 53
9 55
9 59
9 60
9 61
9 62
9 63
9 68
9 69
9 70
9 75
10 1
10 2
10 4
10 6
10 8
10 12
10 17
10 21
10 30
10 33
10 36
10 41
10 46
10 47
10 49
10 51
10 55
10 58
10 60
10 61
10 64
10 65
10 66
10 67
10 68
10 71
10 72
10 75
11 1
11 6
11 8
11 16
11 19
11 20
11 22
11 26
11 27
11 31
11 32
11 33
11 35
11 36
11 39
11 40
11 43
11 44
11 46
11 47
11 48
11 50
11 51
11 56
11 57
11 60
11 62
11 64
11 65
11 66
11 67
11 68
11 69
11 71
11 75
12 3
12 7
12 9
12 10
12 13
12 14
12 19
12 25
12 26
12 27
12 28
12 32
12 33
12 34
12 36
12 38
12 39
12 43
12 44
12 45
12 46
12 47
12 48
12 53
12 57
12 58
12 59
12 63
12 66
12 68
12 71
12 72
12 73
13 1
13 2
13 5
13 6
13 8
13 12
13 15
13 18
13 19
13 24
13 30
13 33
13 35
13 36
13 41
13 43
13 44
13 45
13 53
13 55
13 57
13 59
13 60
13 61
13 62
13 65
13 66
13 71
13 73
14 2
14 3
14 9
14 12
14 16
14 19
14 20
14 22
14 23
14 26
14 28
14 31
14 32
14 33
14 34
14 36
14 38
14 40
14 44
14 50
14 60
14 61
14 62
14 65
14 66
14 67
14 68
14 69
14 71
14 73
15 1
15 3
15 4
15 6
15 8
15 13
15 16
15 17
15 19
15 20
15 21
15 24
15 25
15 28
15 29
15 30
15 31
15 35
15 37
15 41
15 42
15 45
15 49
15 52
15 59
15 64
15 73
15 74
16 1
16 4
16 5
16 7
16 11
16 14
16 15
16 17
16 18
16 22
16 24
16 25
16 28
16 31
16 32
16 33
16 37
16 38
16 41
16 42
16 43
16 44
16 46
16 48
16 50
16 52
16 58
16 65
16 66
16 72
16 73
16 74
17 1
17 5
17 6
17 10
17 15
17 16
17 18
17 20
17 28
17 32
17 33
17 34
17 41
17 43
17 44
17 50
17 56
17 57
17 59
17 63
17 64
17 66
17 68
17 69
17 70
17 71
17 72
17 74
18 1
18 5
18 7
18 13
18 16
18 17
18 20
18 21
18 22
18 23
18 24
18 25
18 26
18 33
18 35
18 37
18 38
18 39
18 40
18 41
18 43
18 44
18 52
18 56
18 57
18 64
18 66
18 67
18 68
18 73
18 74
18 75
19 3
19 4
19 5
19 7
19 8
19 11
19 12
19 13
19 14
19 15
19 21
19 25
19 26
19 29
19 31
19 32
19 34
19 42
19 45
19 47
19 48
19 53
19 54
19 57
19 62
19 65
19 66
19 68
19 71
19 72
19 75
20 2
20 9
20 11
20 14
20 15
20 17
20 18
20 23
20 27
20 34
20 44
20 48
20 49
20 52
20 53
20 54
20 55
20 59
20 62
20 64
20 65
20 68
20 71
20 73
21 1
21 3
21 8
21 10
21 15
21 18
21 19
21 26
21 28
21 29
21 30
21 33
21 36
21 37
21 38
21 40
21 41
21 42
21 47
21 50
21 51
21 52
21 54
21 57
21 62
21 65
21 66
21 68
21 71
22 1
22 6
22 7
22 9
22 11
22 14
22 16
22 18
22 23
22 24
22 29
22 30
22 31
22 33
22 34
22 35
22 37
22 42
22 44
22 51
22 52
22 54
22 61
22 65
22 66
22 67
22 69
22 70
22 72
22 73
22 75
23 4
23 5
23 8
23 14
23 18
23 20
23 22
23 25
23 30
23 33
23 34
23 35
23 36
23 38
23 39
23 42
23 45
23 46
23 51
23 52
23 57
23 61
23 62
23 63
23 65
23 71
23 73
23 75
24 1
24 4
24 5
24 6
24 8
24 13
24 15
24 16
24 18
24 22
24 27
24 28
24 29
24 37
24 38
24 43
24 44
24 45
24 46
24 49
24 51
24 52
24 54
24 58
24 61
24 68
24 70
24 73
24 74
24 75
25 1
25 2
25 7
25 12
25 15
25 16
25 18
25 19
25 23
25 29
25 31
25 33
25 34
25 36
25 37
25 39
25 40
25 41
25 44
25 48
25 50
25 55
25 58
25 59
25 61
25 62
25 64
25 65
25 66
25 68
25 69
25 71
25 72
25 73
25 75
26 9
26 11
26 12
26 14
26 18
26 19
26 21
26 35
26 37
26 43
26 45
26 47
26 48
26 51
26 53
26 55
26 58
26 59
26 67
26 69
26 70
26 74
27 1
27 2
27 4
27 5
27 6
27 7
27 8
27 9
27 11
27 12
27 20
27 24
27 32
27 33
27 34
27 36
27 37
27 39
27 40
27 43
27 44
27 47
27 50
27 52
27 53
27 54
27 56
27 57
27 58
27 60
27 62
27 63
27 65
27 66
27 67
27 71
27 74
28 4
28 8
28 12
28 14
28 15
28 16
28 17
28 21
28 24
28 29
28 33
28 34
28 35
28 37
28 38
28 43
28 45
28 46
28 48
28 49
28 51
28 52
28 53
28 54
28 59
28 60
28 66
28 68
28 72
28 73
28 75
29 2
29 3
29 4
29 15
29 19
29 21
29 22
29 24
29 25
29 28
29 36
29 37
29 38
29 43
29 47
29 52
29 53
29 55
29 58
29 59
29 62
29 64
29 65
29 66
29 67
29 68
29 70
29 72
29 73
30 1
30 3
30 4
30 5
30 8
30 9
30 10
30 13
30 15
30 21
30 22
30 23
30 31
30 35
30 36
30 39
30 41
30 49
30 50
30 51
30 52
30 57
30 62
30 63
30 65
30 66
30 68
30 69
30 71
30 75
31 2
31 3
31 5
31 6
31 7
31 11
31 14
31 15
31 16
31 19
31 22
31 25
31 30
31 32
31 36
31 39
31 40
31 43
31 45
31 48
31 50
31 54
31 55
31 57
31 58
31 60
31 61
31 62
31 66
31 67
31 68
31 70
31 71
31 72
31 75
32 3
32 5
32 6
32 7
32 9
32 11
32 12
32 14
32 16
32 17
32 19
32 27
32 31
32 33
32 36
32 48
32 49
32 50
32 51
32 54
32 55
32 57
32 58
32 60
32 63
32 66
32 74
33 4
33 7
33 8
33 10
33 11
33 12
33 13
33 14
33 16
33 17
33 18
33 21
33 22
33 23
33 25
33 27
33 28
33 32
33 35
33 41
33 43
33 45
33 47
33 48
33 49
33 53
33 56
33 57
33 59
33 60
33 63
33 71
33 72
33 74
34 1
34 2
34 6
34 8
34 9
34 12
34 14
34 17
34 19
34 20
34 22
34 23
34 25
34 27
34 28
34 35
34 41
34 44
34 52
34 54
34 55
34 57
34 58
34 59
34 62
34 65
34 67
34 70
34 74
35 1
35 2
35 3
35 6
35 7
35 9
35 11
35 13
35 15
35 18
35 22
35 23
35 26
35 28
35 30
35 33
35 34
35 37
35 38
35 43
35 44
35 51
35 52
35 56
35 60
35 62
35 67
35 73
35 75
36 5
36 7
36 8
36 10
36 11
36 12
36 13
36 14
36 21
36 23
36 25
36 27
36 29
36 30
36 31
36 32
36 44
36 45
36 46
36 48
36 51
36 52
36 53
36 55
36 60
36 61
36 64
36 70
36 72
36 73
36 75
37 1
37 3
37 5
37 8
37 9
37 15
37 16
37 18
37 21
37 22
37 24
37 25
37 26
37 27
37 28
37 29
37 35
37 41
37 42
37 47
37 48
37 49
37 50
37 52
37 56
37 57
37 58
37 61
37 63
37 68
37 70
37 73
37 74
37 75
38 4
38 5
38 6
38 7
38 12
38 14
38 16
38 18
38 21
38 23
38 24
38 28
38 29
38 35
38 43
38 49
38 54
38 55
38 56
38 58
38 59
38 63
38 64
38 72
38 74
39 2
39 3
39 5
39 6
39 7
39 8
39 11
39 12
39 18
39 23
39 25
39 27
39 30
39 31
39 40
39 43
39 46
39 48
39 50
39 52
39 58
39 60
39 61
39 62
39 69
39 70
39 73
39 75
40 5
40 7
40 9
40 11
40 14
40 18
40 21
40 25
40 27
40 31
40 39
40 42
40 43
40 44
40 45
40 47
40 49
40 50
40 54
40 55
40 58
40 59
40 66
40 68
40 69
40 73
40 74
41 1
41 2
41 5
41 6
41 10
41 13
41 15
41 16
41 17
41 18
41 21
41 25
41 30
41 33
41 34
41 37
41 42
41 43
41 44
41 45
41 48
41 55
41 62
41 64
41 65
41 67
41 68
41 70
41 72
41 73
42 1
42 4
42 6
42 7
42 8
42 15
42 16
42 19
42 21
42 22
42 23
42 37
42 40
42 41
42 43
42 47
42 49
42 53
42 60
42 61
42 62
42 65
43 4
43 5
43 8
43 11
43 12
43 13
43 16
43 17
43 18
43 24
43 26
43 27
43 28
43 29
43 31
43 33
43 35
43 38
43 39
43 40
43 41
43 42
43 48
43 55
43 57
43 58
43 59
43 61
43 62
43 65
44 11
44 12
44 13
44 14
44 16
44 17
44 18
44 20
44 22
44 24
44 25
44 27
44 34
44 35
44 36
44 40
44 41
44 45
44 46
44 47
44 49
44 50
44 52
44 53
44 54
44 55
44 56
44 60
44 62
44 65
44 67
44 68
44 73
45 1
45 3
45 4
45 5
45 6
45 8
45 12
45 13
45 15
45 19
45 23
45 24
45 26
45 28
45 31
45 33
45 36
45 40
45 41
45 44
45 47
45 48
45 57
45 60
45 61
45 62
45 65
45 72
45 73
45 74
45 75
46 1
46 3
46 7
46 9
46 10
46 11
46 12
46 16
46 23
46 24
46 28
46 36
46 39
46 44
46 48
46 54
46 60
46 63
46 65
46 68
46 72
47 1
47 2
47 3
47 4
47 7
47 10
47 11
47 12
47 19
47 21
47 26
47 27
47 29
47 33
47 37
47 40
47 42
47 44
47 45
47 48
47 49
47 53
47 56
47 57
47 62
47 69
47 72
47 74
48 3
48 7
48 11
48 12
48 16
48 19
48 20
48 25
48 26
48 28
48 31
48 32
48 33
48 36
48 37
48 39
48 41
48 43
48 45
48 46
48 47
48 49
48 51
48 52
48 53
48 56
48 57
48 60
48 62
48 66
48 70
48 74
49 1
49 3
49 8
49 9
49 10
49 15
49 20
49 24
49 28
49 30
49 32
49 33
49 37
49 38
49 40
49 42
49 44
49 47
49 48
49 54
49 57
49 60
49 64
49 65
49 66
49 67
49 68
49 69
49 72
50 3
50 4
50 9
50 11
50 14
50 16
50 17
50 21
50 25
50 27
50 30
50 31
50 32
50 37
50 39
50 40
50 44
50 51
50 56
50 57
50 58
50 59
50 60
50 61
50 65
50 66
50 67
50 69
50 70
50 75
51 5
51 8
51 10
51 11
51 21
51 22
51 23
51 24
51 26
51 28
51 30
51 32
51 35
51 36
51 48
51 50
51 52
51 54
51 62
51 64
51 65
51 66
51 67
51 72
51 74
52 1
52 2
52 3
52 5
52 7
52 8
52 15
52 16
52 18
52 20
52 21
52 22
52 23
52 24
52 27
52 28
52 29
52 30
52 34
52 35
52 36
52 37
52 39
52 44
52 48
52 51
52 53
52 54
52 55
52 60
52 62
52 66
52 67
52 69
52 73
52 75
53 2
53 3
53 6
53 7
53 8
53 9
53 12
53 13
53 19
53 20
53 26
53 27
53 28
53 29
53 33
53 36
53 42
53 44
53 47
53 48
53 52
53 64
53 66
53 67
53 68
53 69
53 70
53 72
53 73
53 74
54 1
54 5
54 6
54 7
54 19
54 20
54 21
54 22
54 24
54 27
54 28
54 31
54 32
54 34
54 38
54 40
54 44
54 46
54 49
54 51
54 52
54 60
54 65
54 71
54 72
55 2
55 4
55 5
55 7
55 8
55 9
55 10
55 13
55 20
55 25
55 26
55 29
55 31
55 32
55 34
55 36
55 38
55 40
55 41
55 43
55 44
55 52
55 56
55 57
55 59
55 62
55 65
55 69
55 72
55 73
56 1
56 4
56 6
56 11
56 17
56 18
56 27
56 33
56 35
56 37
56 38
56 44
56 47
56 48
56 50
56 55
56 57
56 60
56 65
56 68
56 69
56 72
57 3
57 5
57 6
57 7
57 8
57 11
57 12
57 13
57 17
57 18
57 19
57 21
57 23
57 27
57 30
57 31
57 32
57 33
57 34
57 37
57 43
57 45
57 47
57 48
57 49
57 50
57 55
57 56
57 58
57 59
57 60
57 61
57 65
57 67
57 69
57 71
57 72
57 74
57 75
58 2
58 3
58 4
58 5
58 7
58 8
58 10
58 12
58 16
58 24
58 25
58 26
58 27
58 29
58 31
58 32
58 34
58 37
58 38
58 39
58 40
58 43
58 50
58 57
58 61
58 68
58 69
58 71
58 72
58 73
58 74
59 2
59 3
59 9
59 12
59 13
59 15
59 17
59 20
59 25
59 26
59 28
59 29
59 33
59 34
59 38
59 40
59 43
59 50
59 55
59 57
59 66
59 69
59 71
59 72
59 73
59 74
60 3
60 6
60 8
60 9
60 10
60 11
60 13
60 14
60 27
60 28
60 31
60 32
60 33
60 35
60 36
60 39
60 42
60 44
60 45
60 46
60 48
60 49
60 50
60 52
60 54
60 56
60 57
60 61
60 63
60 65
60 71
61 3
61 6
61 9
61 10
61 13
61 14
61 22
61 23
61 24
61 25
61 31
61 36
61 37
61 39
61 42
61 43
61 45
61 50
61 57
61 58
61 60
61 62
61 64
61 67
61 70
61 71
61 73
61 75
62 4
62 5
62 6
62 9
62 11
62 13
62 14
62 19
62 20
62 21
62 23
62 25
62 27
62 29
62 30
62 31
62 34
62 35
62 39
62 41
62 42
62 43
62 44
62 45
62 47
62 48
62 51
62 52
62 55
62 61
62 63
62 65
62 68
62 69
62 70
62 74
63 1
63 4
63 6
63 8
63 9
63 12
63 17
63 23
63 27
63 30
63 32
63 33
63 37
63 38
63 46
63 60
63 62
63 70
63 71
63 73
63 74
63 75
64 2
64 3
64 4
64 5
64 7
64 8
64 10
64 11
64 15
64 17
64 18
64 20
64 25
64 29
64 36
64 38
64 41
64 49
64 51
64 53
64 61
64 69
64 72
65 2
65 5
65 8
65 10
65 11
65 13
65 14
65 16
65 19
65 20
65 21
65 22
65 23
65 25
65 27
65 29
65 30
65 34
65 41
65 42
65 43
65 44
65 45
65 46
65 49
65 50
65 51
65 54
65 55
65 56
65 57
65 60
65 62
65 67
65 68
65 70
65 72
66 1
66 3
66 4
66 5
66 6
66 10
66 11
66 12
66 13
66 14
66 16
66 17
66 18
66 19
66 21
66 22
66 25
66 27
66 28
66 29
66 30
66 31
66 32
66 40
66 48
66 49
66 50
66 51
66 52
66 53
66 59
66 71
66 73
66 74
67 1
67 2
67 4
67 6
67 7
67 8
67 10
67 11
67 14
67 18
67 22
67 26
67 27
67 29
67 31
67 34
67 35
67 41
67 44
67 49
67 50
67 51
67 52
67 53
67 57
67 61
67 65
67 68
67 69
67 70
67 71
67 73
68 1
68 3
68 4
68 8
68 9
68 10
68 11
68 12
68 14
68 17
68 18
68 19
68 20
68 21
68 24
68 25
68 28
68 29
68 30
68 31
68 37
68 40
68 41
68 44
68 46
68 49
68 53
68 56
68 58
68 62
68 65
68 67
68 73
68 74
68 75
69 2
69 6
69 8
69 9
69 11
69 14
69 17
69 22
69 25
69 26
69 30
69 39
69 40
69 47
69 49
69 50
69 52
69 53
69 55
69 56
69 57
69 58
69 59
69 62
69 64
69 67
69 70
69 71
69 73
70 1
70 4
70 5
70 7
70 9
70 17
70 22
70 24
70 26
70 29
70 31
70 34
70 36
70 37
70 39
70 41
70 48
70 50
70 53
70 61
70 62
70 63
70 65
70 67
70 69
70 74
71 10
71 11
71 12
71 13
71 14
71 17
71 19
71 20
71 21
71 23
71 25
71 27
71 30
71 31
71 33
71 54
71 57
71 58
71 59
71 60
71 61
71 63
71 66
71 67
71 69
71 72
71 74
71 75
72 3
72 4
72 5
72 7
72 8
72 10
72 12
72 16
72 17
72 19
72 22
72 25
72 28
72 29
72 31
72 33
72 36
72 38
72 41
72 45
72 46
72 47
72 49
72 51
72 53
72 54
72 55
72 56
72 57
72 58
72 59
72 64
72 65
72 71
72 74
72 75
73 4
73 5
73 7
73 12
73 13
73 14
73 15
73 16
73 18
73 20
73 22
73 23
73 24
73 25
73 28
73 29
73 35
73 36
73 37
73 39
73 40
73 41
73 44
73 45
73 52
73 53
73 55
73 58
73 59
73 61
73 63
73 66
73 67
73 68
73 69
73 74
74 1
74 6
74 8
74 15
74 16
74 17
74 18
74 24
74 26
74 27
74 32
74 33
74 34
74 37
74 38
74 40
74 45
74 47
74 48
74 51
74 53
74 57
74 58
74 59
74 62
74 63
74 66
74 68
74 70
74 71
74 72
74 73
75 1
75 3
75 8
75 9
75 10
75 11
75 18
75 19
75 22
75 23
75 24
75 25
75 28
75 30
75 31
75 35
75 36
75 37
75 39
75 45
75 50
75 52
75 57
75 61
75 63
75 68
75 71
75 72
