75
1 5
1 8
1 15
1 17
1 20
1 24
1 26
1 30
1 33
1 34
1 35
1 37
1 40
1 42
1 46
1 47
1 48
1 52
1 58
1 61
1 62
1 63
1 64
1 70
1 73
2 5
2 7
2 8
2 9
2 10
2 11
2 15
2 19
2 24
2 25
2 27
2 28
2 29
2 31
2 33
2 34
2 36
2 41
2 44
2 47
2 52
2 53
2 54
2 57
2 59
2 60
2 62
2 64
2 67
2 68
2 69
2 70
2 71
2 73
2 74
3 7
3 12
3 13
3 15
3 24
3 26
3 28
3 31
3 32
3 33
3 36
3 38
3 40
3 42
3 44
3 45
3 46
3 47
3 48
3 51
3 52
3 54
3 62
3 64
3 65
3 66
3 71
3 74
4 5
4 6
4 9
4 11
4 14
4 20
4 21
4 22
4 25
4 27
4 29
4 32
4 36
4 37
4 41
4 45
4 46
4 49
4 52
4 58
4 60
4 62
4 65
4 71
4 72
4 74
4 75
5 1
5 2
5 4
5 7
5 9
5 13
5 14
5 15
5 16
5 18
5 19
5 20
5 27
5 29
5 37
5 40
5 41
5 43
5 45
5 50
5 52
5 53
5 55
5 57
5 58
5 63
5 71
5 72
5 74
5 75
6 4
6 10
6 11
6 13
6 16
6 18
6 19
6 23
6 28
6 34
6 35
6 36
6 37
6 40
6 41
6 42
6 44
6 50
6 53
6 55
6 57
6 59
6 60
6 62
6 63
6 68
6 69
6 73
6 74
7 2
7 3
7 5
7 8
7 10
7 12
7 16
7 17
7 18
7 24
7 34
7 36
7 37
7 42
7 47
7 50
7 51
7 52
7 54
7 55
7 61
7 65
7 66
7 68
7 69
7 72
7 73
7 75
8 1
8 2
8 7
8 10
8 11
8 13
8 14
8 17
8 18
8 19
8 20
8 21
8 22
8 25
8 26
8 28
8 29
8 30
8 32
8 33
8 34
8 35
8 41
8 44
8 48
8 50
8 51
8 54
8 62
8 68
8 70
8 71
8 72
8 73
8 74
9 2
9 4
9 5
9 10
9 15
9 22
9 23
9 27
9 29
9 31
9 33
9 35
9 38
9 41
9 44
9 47
9 50
9 53
9 54
9 55
9 56
9 57
9 60
9 61
9 63
9 65
9 66
9 70
9 75
10 2
10 6
10 7
10 8
10 9
10 11
10 14
10 19
10 23
10 25
10 31
10 32
10 36
10 37
10 38
10 40
10 41
10 42
10 45
10 51
10 52
10 56
10 61
10 62
10 67
10 72
11 2
11 4
11 6
11 8
11 10
11 13
11 16
11 19
11 24
11 25
11 28
11 41
11 44
11 45
11 46
11 47
11 48
11 51
11 54
11 55
11 56
11 60
11 61
11 64
11 66
11 70
11 71
11 72
12 3
12 7
12 13
12 14
12 15
12 16
12 20
12 22
12 30
12 31
12 33
12 34
12 37
12 38
12 40
12 44
12 46
12 48
12 49
12 50
12 53
12 57
12 59
12 60
12 61
12 65
12 66
12 67
12 68
12 75
13 3
13 5
13 6
13 8
13 11
13 12
13 20
13 26
13 28
13 30
13 37
13 39
13 40
13 41
13 42
13 46
13 49
13 58
13 59
13 66
13 67
13 70
13 71
13 72
13 73
14 4
14 5
14 8
14 10
14 12
14 18
14 19
14 22
14 24
14 25
14 28
14 33
14 35
14 38
14 41
14 42
14 43
14 47
14 49
14 52
14 55
14 57
14 58
14 59
14 61
14 63
14 69
14 71
14 73
15 1
15 2
15 3
15 5
15 9
15 12
15 16
15 21
15 23
15 24
15 26
15 28
15 30
15 31
15 32
15 34
15 36
15 38
15 40
15 42
15 47
15 49
15 53
15 55
15 56
15 63
15 65
15 67
15 75
16 5
16 6
16 7
16 11
16 12
16 15
16 17
16 19
16 23
16 27
16 29
16 34
16 35
16 37
16 40
16 45
16 50
16 52
16 53
16 54
16 55
16 57
16 60
16 62
16 65
16 67
16 68
16 75
17 1
17 7
17 8
17 16
17 20
17 24
17 29
17 33
17 35
17 36
17 42
17 43
17 49
17 51
17 52
17 53
17 55
17 56
17 60
17 65
17 66
17 67
17 70
17 73
18 5
18 6
18 7
18 8
18 14
18 19
18 25
18 30
18 33
18 36
18 38
18 42
18 43
18 49
18 51
18 55
18 57
18 59
18 60
18 63
18 64
18 66
18 68
18 74
18 75
19 2
19 5
19 6
19 8
19 10
19 11
19 14
19 16
19 18
19 22
19 23
19 25
19 38
19 43
19 46
19 48
19 49
19 51
19 54
19 56
19 59
19 60
19 61
19 64
19 65
19 72
20 1
20 4
20 5
20 8
20 12
20 13
20 17
20 21
20 22
20 23
20 24
20 34
20 36
20 40
20 41
20 43
20 44
20 45
20 46
20 47
20 51
20 52
20 53
20 54
20 57
20 66
20 67
20 68
20 69
20 71
20 73
20 74
21 4
21 8
21 15
21 20
21 23
21 25
21 26
21 33
21 40
21 42
21 45
21 46
21 49
21 50
21 52
21 54
21 55
21 58
21 59
21 62
21 65
21 72
21 74
21 75
22 4
22 8
22 9
22 12
22 14
22 19
22 20
22 24
22 25
22 26
22 27
22 31
22 33
22 39
22 43
22 44
22 46
22 50
22 53
22 55
22 56
22 59
22 60
22 62
22 63
22 65
22 68
22 71
22 75
23 6
23 9
23 10
23 15
23 16
23 19
23 20
23 21
23 27
23 36
23 38
23 41
23 45
23 46
23 54
23 62
23 66
23 67
23 68
23 71
23 73
23 74
24 1
24 2
24 3
24 7
24 11
24 14
24 15
24 17
24 20
24 22
24 25
24 27
24 28
24 30
24 31
24 35
24 37
24 40
24 42
24 43
24 46
24 52
24 53
24 56
24 57
24 60
24 62
24 69
24 71
24 72
24 73
25 2
25 4
25 8
25 10
25 11
25 14
25 18
25 19
25 21
25 22
25 24
25 26
25 27
25 29
25 31
25 32
25 36
25 38
25 41
25 45
25 47
25 51
25 52
25 53
25 55
25 56
25 57
25 63
25 64
25 66
25 69
25 72
25 75
26 1
26 3
26 8
26 13
26 15
26 21
26 22
26 25
26 28
26 31
26 33
26 37
26 38
26 42
26 45
26 49
26 51
26 53
26 54
26 55
26 56
26 59
26 60
26 62
26 69
26 73
26 74
26 75
27 2
27 4
27 5
27 9
27 16
27 22
27 23
27 24
27 25
27 30
27 31
27 34
27 36
27 38
27 40
27 43
27 44
27 50
27 56
27 58
27 60
27 61
27 62
27 64
27 65
27 67
27 69
27 71
27 72
27 75
28 2
28 3
28 6
28 8
28 11
28 13
28 14
28 15
28 24
28 26
28 29
28 30
28 32
28 38
28 40
28 41
28 46
28 47
28 48
28 50
28 53
28 56
28 58
28 59
28 61
28 74
29 2
29 4
29 5
29 8
29 9
29 16
29 17
29 25
29 28
29 32
29 39
29 41
29 42
29 47
29 50
29 51
29 52
29 53
29 55
29 57
29 58
29 67
29 68
29 71
29 74
29 75
30 1
30 8
30 12
30 13
30 15
30 18
30 24
30 27
30 28
30 35
30 39
30 40
30 43
30 47
30 48
30 49
30 52
30 55
30 56
30 63
30 64
30 65
30 69
30 71
31 2
31 3
31 9
31 10
31 12
31 15
31 22
31 24
31 25
31 26
31 27
31 35
31 37
31 41
31 42
31 45
31 50
31 53
31 54
31 55
31 57
31 59
31 61
31 62
31 63
31 66
31 68
31 74
32 3
32 4
32 8
32 10
32 15
32 25
32 28
32 29
32 34
32 35
32 39
32 46
32 47
32 48
32 50
32 53
32 54
32 55
32 56
32 57
32 62
32 64
32 65
32 67
32 71
32 72
32 74
32 75
33 1
33 2
33 3
33 8
33 9
33 12
33 14
33 17
33 18
33 21
33 22
33 26
33 34
33 38
33 40
33 43
33 44
33 47
33 48
33 51
33 52
33 57
33 58
33 59
33 60
33 64
33 66
33 69
33 72
33 75
34 1
34 2
34 6
34 7
34 8
34 12
34 15
34 16
34 20
34 27
34 32
34 33
34 35
34 37
34 42
34 44
34 49
34 53
34 54
34 55
34 56
34 58
34 59
34 60
34 64
34 66
34 67
34 68
34 69
34 72
34 75
35 1
35 6
35 8
35 9
35 14
35 16
35 17
35 24
35 30
35 31
35 32
35 34
35 36
35 37
35 41
35 42
35 43
35 44
35 45
35 46
35 54
35 56
35 59
35 66
35 68
35 69
35 70
35 71
35 75
36 2
36 3
36 4
36 6
36 7
36 10
36 15
36 17
36 18
36 20
36 23
36 25
36 27
36 35
36 39
36 40
36 41
36 42
36 49
36 51
36 52
36 53
36 55
36 57
36 59
36 62
36 63
36 64
36 65
36 67
36 70
36 71
36 72
36 73
36 75
37 1
37 4
37 5
37 6
37 7
37 10
37 12
37 13
37 16
37 24
37 26
37 31
37 34
37 35
37 38
37 39
37 40
37 41
37 43
37 44
37 45
37 49
37 51
37 54
37 56
37 61
37 63
37 64
37 70
38 3
38 9
38 10
38 12
38 14
38 15
38 18
38 19
38 23
38 25
38 26
38 27
38 28
38 33
38 37
38 39
38 44
38 45
38 46
38 47
38 51
38 52
38 53
38 57
38 58
38 60
38 61
38 63
38 65
38 70
38 75
39 13
39 22
39 29
39 30
39 32
39 36
39 37
39 38
39 42
39 47
39 50
39 51
39 52
39 55
39 56
39 64
39 66
39 74
40 1
40 3
40 5
40 6
40 10
40 12
40 13
40 15
40 16
40 20
40 21
40 24
40 27
40 28
40 30
40 33
40 36
40 37
40 41
40 46
40 56
40 67
40 71
40 72
41 2
41 4
41 5
41 6
41 8
41 9
41 10
41 11
41 13
41 14
41 20
41 23
41 25
41 28
41 29
41 31
41 35
41 36
41 37
41 40
41 44
41 45
41 47
41 48
41 52
41 57
41 58
41 59
41 62
41 63
41 64
41 66
41 68
41 70
41 73
41 75
42 1
42 3
42 6
42 7
42 10
42 13
42 14
42 15
42 17
42 18
42 21
42 24
42 26
42 29
42 31
42 34
42 35
42 36
42 39
42 43
42 44
42 46
42 47
42 48
42 49
42 50
42 52
42 53
42 57
42 58
42 59
42 64
42 70
42 72
42 75
43 5
43 14
43 17
43 18
43 19
43 20
43 22
43 24
43 27
43 30
43 33
43 35
43 37
43 42
43 46
43 50
43 52
43 57
43 59
43 61
43 62
43 63
43 65
43 68
43 71
43 72
44 2
44 3
44 6
44 8
44 9
44 11
44 12
44 20
44 22
44 27
44 33
44 34
44 35
44 37
44 38
44 41
44 42
44 46
44 47
44 48
44 49
44 50
44 51
44 53
44 54
44 55
44 59
44 64
44 71
44 72
45 3
45 4
45 5
45 10
45 11
45 16
45 20
45 21
45 23
45 25
45 26
45 31
45 35
45 37
45 38
45 41
45 46
45 48
45 49
45 52
45 54
45 59
45 60
45 62
45 63
45 66
45 70
45 74
46 1
46 3
46 4
46 11
46 12
46 13
46 19
46 20
46 21
46 22
46 23
46 24
46 28
46 32
46 35
46 38
46 40
46 42
46 43
46 44
46 45
46 49
46 50
46 55
46 61
46 62
46 63
46 64
46 66
46 67
46 69
46 70
47 1
47 2
47 3
47 7
47 9
47 11
47 14
47 15
47 20
47 25
47 28
47 29
47 30
47 32
47 33
47 38
47 39
47 41
47 42
47 44
47 48
47 49
47 50
47 51
47 55
47 56
47 59
47 60
47 62
47 63
47 64
47 66
47 67
47 69
47 70
47 71
47 72
48 1
48 3
48 8
48 11
48 12
48 19
48 28
48 30
48 32
48 33
48 41
48 42
48 44
48 45
48 47
48 56
48 58
48 59
48 60
48 65
48 66
48 71
48 73
48 75
49 4
49 12
49 13
49 14
49 15
49 17
49 18
49 19
49 21
49 26
49 30
49 34
49 36
49 37
49 42
49 44
49 45
49 46
49 47
49 69
49 70
49 72
49 75
50 5
50 6
50 7
50 8
50 9
50 12
50 16
50 21
50 22
50 27
50 28
50 29
50 31
50 32
50 39
50 42
50 43
50 44
50 46
50 47
50 54
50 58
50 60
50 65
50 69
50 72
50 73
50 74
50 75
51 3
51 7
51 8
51 10
51 11
51 17
51 18
51 19
51 20
51 25
51 26
51 29
51 33
51 36
51 37
51 38
51 39
51 44
51 47
51 53
51 56
51 58
51 60
51 61
51 65
51 67
51 68
51 70
51 71
52 1
52 2
52 3
52 4
52 5
52 7
52 10
52 14
52 16
52 17
52 20
52 21
52 24
52 25
52 29
52 30
52 33
52 36
52 38
52 39
52 41
52 42
52 43
52 45
52 55
52 56
52 60
52 63
52 64
52 65
52 66
52 67
53 2
53 5
53 6
53 9
53 12
53 15
53 16
53 17
53 20
53 22
53 24
53 25
53 26
53 28
53 29
53 31
53 32
53 34
53 36
53 38
53 42
53 44
53 51
53 54
53 58
53 60
53 62
53 63
53 68
53 70
53 71
54 2
54 3
54 7
54 8
54 9
54 11
54 16
54 19
54 20
54 21
54 23
54 26
54 31
54 32
54 34
54 35
54 37
54 44
54 45
54 50
54 53
54 55
54 56
54 65
54 67
54 70
54 71
54 72
55 5
55 6
55 7
55 9
55 11
55 14
55 15
55 16
55 17
55 18
55 21
55 22
55 25
55 26
55 29
55 30
55 31
55 32
55 34
55 36
55 39
55 44
55 46
55 47
55 52
55 54
55 59
55 64
55 65
55 73
55 74
56 9
56 10
56 11
56 15
56 17
56 19
56 22
56 24
56 25
56 26
56 27
56 28
56 30
56 32
56 34
56 35
56 37
56 39
56 40
56 47
56 48
56 51
56 52
56 54
56 57
56 59
56 60
56 64
56 66
56 67
56 68
57 2
57 5
57 6
57 9
57 12
57 14
57 16
57 18
57 20
57 24
57 25
57 29
57 31
57 32
57 33
57 36
57 38
57 41
57 42
57 43
57 56
57 59
57 63
57 65
57 67
57 69
57 72
57 73
57 74
58 1
58 4
58 5
58 13
58 14
58 21
58 27
58 28
58 29
58 33
58 34
58 38
58 41
58 42
58 48
58 50
58 51
58 53
58 62
58 65
58 67
58 68
58 70
58 72
58 75
59 2
59 6
59 12
59 13
59 14
59 18
59 19
59 21
59 22
59 26
59 28
59 31
59 33
59 34
59 35
59 36
59 41
59 42
59 43
59 44
59 45
59 47
59 48
59 55
59 56
59 57
59 64
59 66
59 75
60 2
60 4
60 6
60 9
60 11
60 12
60 16
60 17
60 18
60 19
60 22
60 24
60 26
60 27
60 33
60 34
60 38
60 45
60 47
60 48
60 50
60 51
60 52
60 53
60 56
60 61
60 63
60 65
60 69
60 70
60 73
61 1
61 7
61 9
61 10
61 11
61 12
61 14
61 19
61 27
61 28
61 31
61 37
61 38
61 43
61 46
61 51
61 60
61 63
61 66
61 67
61 70
61 71
62 1
62 2
62 3
62 4
62 6
62 8
62 10
62 16
62 21
62 22
62 23
62 24
62 26
62 27
62 31
62 32
62 36
62 41
62 43
62 45
62 46
62 47
62 53
62 58
62 65
62 68
62 69
62 72
62 73
63 1
63 5
63 6
63 9
63 14
63 15
63 18
63 22
63 25
63 30
63 31
63 36
63 37
63 38
63 41
63 43
63 45
63 46
63 47
63 52
63 53
63 57
63 60
63 61
63 64
63 65
63 66
63 67
63 68
63 71
63 72
63 75
64 1
64 2
64 3
64 11
64 18
64 19
64 25
64 27
64 30
64 32
64 33
64 34
64 36
64 37
64 39
64 41
64 42
64 44
64 46
64 47
64 52
64 55
64 56
64 59
64 63
64 66
64 67
64 68
64 69
64 71
64 73
65 3
65 4
65 7
65 9
65 12
65 15
65 16
65 17
65 19
65 21
65 22
65 27
65 30
65 32
65 36
65 38
65 43
65 48
65 50
65 51
65 52
65 54
65 55
65 57
65 58
65 60
65 62
65 63
65 69
65 70
65 73
65 75
66 3
66 7
66 9
66 11
66 12
66 13
66 17
66 18
66 20
66 23
66 25
66 31
66 33
66 34
66 35
66 39
66 41
66 45
66 46
66 47
66 48
66 52
66 56
66 59
66 61
66 63
66 64
66 68
66 71
66 73
67 2
67 10
67 12
67 13
67 15
67 16
67 17
67 20
67 23
67 27
67 29
67 32
67 34
67 36
67 40
67 46
67 47
67 51
67 52
67 54
67 56
67 57
67 58
67 61
67 63
67 64
67 68
67 74
67 75
68 2
68 6
68 7
68 8
68 12
68 16
68 18
68 20
68 22
68 23
68 29
68 31
68 34
68 35
68 41
68 43
68 51
68 53
68 56
68 58
68 62
68 63
68 64
68 66
68 67
69 2
69 6
69 7
69 14
69 20
69 24
69 25
69 26
69 27
69 30
69 33
69 34
69 35
69 46
69 47
69 49
69 50
69 57
69 60
69 62
69 64
69 65
69 70
70 1
70 2
70 8
70 9
70 11
70 13
70 17
70 35
70 36
70 37
70 38
70 41
70 42
70 45
70 46
70 47
70 49
70 51
70 53
70 54
70 58
70 60
70 61
70 65
70 69
70 71
70 72
70 73
70 74
70 75
71 2
71 3
71 4
71 5
71 8
71 11
71 13
71 14
71 20
71 22
71 23
71 24
71 27
71 29
71 30
71 32
71 35
71 36
71 40
71 43
71 44
71 47
71 48
71 51
71 53
71 54
71 61
71 63
71 64
71 66
71 70
72 4
72 5
72 7
72 8
72 10
72 11
72 13
72 19
72 21
72 24
72 25
72 27
72 32
72 33
72 34
72 36
72 40
72 42
72 43
72 44
72 47
72 49
72 50
72 54
72 57
72 58
72 62
72 63
72 70
73 1
73 2
73 6
73 7
73 8
73 13
73 14
73 17
73 20
73 23
73 24
73 26
73 36
73 41
73 48
73 50
73 55
73 57
73 60
73 62
73 64
73 65
73 66
73 70
73 74
73 75
74 2
74 3
74 4
74 5
74 6
74 8
74 18
74 20
74 21
74 23
74 26
74 28
74 29
74 31
74 32
74 39
74 45
74 50
74 55
74 57
74 67
74 70
74 73
75 4
75 5
75 7
75 9
75 12
75 15
75 16
75 18
75 21
75 22
75 25
75 26
75 27
75 29
75 32
75 33
75 34
75 35
75 36
75 38
75 41
75 42
75 48
75 49
75 50
75 58
75 59
75 63
75 65
75 67
75 70
75 73
