75
1 2
1 3
1 5
1 8
1 10
1 12
1 13
1 14
1 16
1 19
1 20
1 22
1 24
1 25
1 27
1 28
1 30
1 31
1 35
1 42
1 43
1 44
1 45
1 48
1 51
1 52
1 53
1 56
1 57
1 59
1 60
1 61
1 62
1 64
1 65
1 67
1 68
1 69
1 70
1 71
1 72
1 73
1 74
1 75
2 1
2 4
2 5
2 7
2 8
2 9
2 13
2 17
2 18
2 19
2 20
2 21
2 23
2 24
2 28
2 30
2 31
2 33
2 35
2 38
2 40
2 41
2 42
2 43
2 46
2 47
2 48
2 50
2 56
2 59
2 60
2 64
2 66
2 67
2 68
2 72
2 73
2 75
3 1
3 6
3 8
3 10
3 12
3 15
3 16
3 17
3 18
3 19
3 20
3 21
3 25
3 27
3 28
3 29
3 30
3 31
3 32
3 33
3 34
3 35
3 39
3 40
3 41
3 44
3 48
3 49
3 51
3 53
3 54
3 56
3 59
3 64
3 68
3 69
3 70
3 71
3 73
3 74
3 75
4 2
4 5
4 6
4 8
4 9
4 11
4 12
4 13
4 16
4 18
4 20
4 21
4 23
4 24
4 25
4 26
4 31
4 32
4 33
4 34
4 37
4 38
4 39
4 40
4 41
4 42
4 44
4 45
4 49
4 50
4 51
4 53
4 54
4 58
4 59
4 60
4 61
4 65
4 66
4 67
4 68
4 69
4 70
4 71
4 74
5 1
5 2
5 4
5 6
5 7
5 9
5 11
5 12
5 18
5 19
5 20
5 21
5 22
5 26
5 28
5 33
5 35
5 37
5 42
5 43
5 45
5 46
5 47
5 49
5 50
5 53
5 55
5 56
5 61
5 64
5 66
5 67
5 68
5 71
5 72
5 73
5 74
6 3
6 4
6 5
6 7
6 8
6 10
6 11
6 16
6 17
6 22
6 23
6 24
6 25
6 27
6 28
6 31
6 32
6 34
6 39
6 40
6 41
6 42
6 44
6 48
6 49
6 50
6 52
6 54
6 58
6 59
6 61
6 62
6 63
6 66
6 67
6 68
6 69
6 70
6 71
6 72
6 74
6 75
7 2
7 5
7 6
7 8
7 9
7 10
7 12
7 15
7 17
7 19
7 20
7 22
7 23
7 24
7 25
7 26
7 27
7 28
7 30
7 32
7 33
7 35
7 37
7 39
7 43
7 44
7 45
7 46
7 47
7 48
7 49
7 51
7 54
7 56
7 57
7 58
7 62
7 63
7 64
7 66
7 67
7 68
7 70
7 71
7 72
7 73
7 74
7 75
8 1
8 2
8 3
8 4
8 6
8 7
8 9
8 10
8 11
8 12
8 14
8 17
8 18
8 19
8 20
8 21
8 22
8 25
8 26
8 28
8 29
8 30
8 33
8 34
8 35
8 36
8 39
8 41
8 47
8 48
8 50
8 51
8 58
8 59
8 60
8 61
8 62
8 64
8 66
8 67
8 68
9 2
9 4
9 5
9 7
9 8
9 11
9 12
9 13
9 16
9 17
9 22
9 25
9 28
9 30
9 31
9 32
9 34
9 36
9 37
9 42
9 43
9 44
9 46
9 48
9 50
9 52
9 53
9 57
9 60
9 61
9 62
9 65
9 68
9 69
9 70
9 71
9 72
9 74
9 75
10 1
10 3
10 6
10 7
10 8
10 11
10 12
10 13
10 16
10 17
10 19
10 21
10 23
10 24
10 25
10 27
10 28
10 32
10 33
10 36
10 37
10 38
10 39
10 41
10 43
10 45
10 49
10 53
10 54
10 56
10 58
10 59
10 60
10 62
10 63
10 64
10 68
10 69
10 70
10 71
10 74
10 75
11 4
11 5
11 6
11 8
11 9
11 10
11 12
11 19
11 20
11 21
11 23
11 24
11 26
11 28
11 30
11 33
11 34
11 35
11 37
11 41
11 44
11 45
11 46
11 48
11 54
11 56
11 58
11 59
11 63
11 65
11 68
11 69
11 73
11 75
12 1
12 3
12 4
12 5
12 7
12 8
12 9
12 10
12 11
12 15
12 16
12 17
12 18
12 19
12 20
12 22
12 23
12 24
12 26
12 28
12 29
12 30
12 31
12 32
12 33
12 34
12 37
12 38
12 39
12 41
12 42
12 44
12 45
12 48
12 49
12 53
12 55
12 58
12 61
12 62
12 63
12 64
12 65
12 68
12 70
12 71
12 72
12 73
13 1
13 2
13 4
13 9
13 10
13 17
13 18
13 21
13 23
13 25
13 27
13 31
13 33
13 36
13 37
13 45
13 47
13 49
13 51
13 53
13 56
13 60
13 61
13 62
13 63
13 64
13 65
13 70
13 71
13 72
13 73
14 1
14 8
14 15
14 16
14 17
14 18
14 19
14 21
14 23
14 24
14 25
14 27
14 28
14 30
14 32
14 33
14 34
14 35
14 38
14 41
14 43
14 45
14 46
14 48
14 54
14 55
14 56
14 57
14 58
14 59
14 61
14 63
14 64
14 65
14 66
14 68
14 70
14 74
15 3
15 7
15 12
15 14
15 16
15 20
15 22
15 25
15 29
15 30
15 32
15 33
15 35
15 37
15 38
15 39
15 40
15 41
15 43
15 45
15 46
15 47
15 48
15 49
15 51
15 54
15 55
15 56
15 57
15 58
15 59
15 60
15 61
15 62
15 65
15 69
15 70
15 75
16 1
16 3
16 4
16 6
16 9
16 10
16 12
16 14
16 15
16 17
16 18
16 19
16 21
16 23
16 24
16 28
16 29
16 30
16 31
16 32
16 34
16 36
16 38
16 39
16 43
16 44
16 45
16 46
16 47
16 48
16 51
16 52
16 54
16 55
16 56
16 58
16 59
16 62
16 64
16 66
16 67
16 68
16 70
16 75
17 2
17 3
17 6
17 7
17 8
17 9
17 10
17 12
17 13
17 14
17 16
17 18
17 19
17 22
17 23
17 24
17 25
17 26
17 28
17 29
17 30
17 34
17 35
17 37
17 38
17 40
17 43
17 44
17 46
17 47
17 48
17 49
17 50
17 51
17 52
17 53
17 55
17 56
17 57
17 58
17 59
17 60
17 61
17 62
17 63
17 64
17 65
17 66
17 67
17 68
17 69
17 70
17 71
17 73
17 75
18 2
18 3
18 4
18 5
18 8
18 12
18 13
18 14
18 16
18 17
18 19
18 20
18 21
18 22
18 25
18 26
18 27
18 28
18 29
18 30
18 32
18 34
18 36
18 37
18 40
18 41
18 42
18 43
18 44
18 45
18 46
18 47
18 49
18 50
18 52
18 53
18 54
18 56
18 57
18 60
18 61
18 62
18 63
18 67
18 68
18 72
18 73
18 74
18 75
19 1
19 2
19 3
19 5
19 7
19 8
19 10
19 11
19 12
19 14
19 16
19 17
19 18
19 20
19 21
19 23
19 24
19 27
19 28
19 32
19 33
19 34
19 36
19 37
19 40
19 41
19 43
19 46
19 47
19 48
19 49
19 50
19 56
19 57
19 58
19 59
19 60
19 63
19 65
19 67
19 68
19 69
19 70
19 71
19 72
19 73
19 75
20 1
20 2
20 3
20 4
20 5
20 7
20 8
20 11
20 12
20 15
20 18
20 19
20 21
20 22
20 24
20 25
20 26
20 27
20 28
20 29
20 33
20 34
20 36
20 37
20 39
20 40
20 41
20 42
20 43
20 45
20 46
20 47
20 48
20 52
20 53
20 55
20 57
20 58
20 59
20 60
20 61
20 63
20 65
20 67
20 70
20 71
20 72
20 73
20 75
21 2
21 3
21 4
21 5
21 8
21 10
21 11
21 13
21 14
21 16
21 18
21 19
21 20
21 22
21 26
21 28
21 29
21 31
21 32
21 34
21 35
21 36
21 37
21 39
21 41
21 42
21 43
21 44
21 45
21 46
21 47
21 55
21 56
21 57
21 58
21 60
21 61
21 62
21 63
21 64
21 65
21 66
21 67
21 68
21 69
21 71
21 72
21 73
21 74
21 75
22 1
22 5
22 6
22 7
22 8
22 9
22 12
22 15
22 17
22 18
22 20
22 21
22 25
22 29
22 30
22 31
22 34
22 35
22 37
22 42
22 43
22 44
22 45
22 46
22 48
22 49
22 50
22 52
22 55
22 57
22 58
22 60
22 62
22 63
22 65
22 66
22 70
22 71
22 72
22 73
22 74
23 2
23 4
23 6
23 7
23 10
23 11
23 12
23 13
23 14
23 16
23 17
23 19
23 24
23 29
23 31
23 32
23 33
23 34
23 35
23 37
23 39
23 40
23 41
23 42
23 46
23 47
23 48
23 50
23 51
23 52
23 53
23 57
23 60
23 61
23 62
23 65
23 67
23 68
23 69
23 71
23 73
23 74
24 1
24 2
24 4
24 6
24 7
24 10
24 11
24 12
24 14
24 16
24 17
24 19
24 20
24 23
24 25
24 27
24 29
24 34
24 38
24 40
24 42
24 44
24 45
24 48
24 53
24 58
24 60
24 61
24 64
24 65
24 66
24 68
24 71
24 73
25 1
25 3
25 4
25 6
25 7
25 8
25 9
25 10
25 13
25 14
25 15
25 17
25 18
25 20
25 22
25 24
25 27
25 29
25 30
25 32
25 33
25 36
25 38
25 41
25 46
25 47
25 48
25 50
25 52
25 53
25 54
25 55
25 57
25 58
25 63
25 64
25 67
25 69
25 70
25 71
25 73
25 75
26 4
26 5
26 7
26 8
26 11
26 12
26 17
26 18
26 20
26 21
26 27
26 28
26 29
26 33
26 34
26 35
26 38
26 39
26 40
26 41
26 42
26 43
26 44
26 45
26 46
26 47
26 48
26 49
26 50
26 51
26 52
26 55
26 56
26 58
26 59
26 60
26 61
26 62
26 63
26 65
26 66
26 68
26 70
26 71
26 72
26 73
26 74
27 1
27 3
27 6
27 7
27 10
27 13
27 14
27 18
27 19
27 20
27 24
27 25
27 26
27 28
27 29
27 31
27 33
27 34
27 35
27 36
27 38
27 41
27 42
27 44
27 45
27 47
27 50
27 52
27 53
27 55
27 56
27 57
27 59
27 60
27 63
27 64
27 67
27 68
27 69
27 70
27 72
27 75
28 1
28 2
28 3
28 5
28 6
28 7
28 8
28 9
28 10
28 11
28 12
28 14
28 16
28 17
28 18
28 19
28 20
28 21
28 26
28 27
28 29
28 30
28 33
28 34
28 35
28 38
28 41
28 44
28 45
28 47
28 48
28 51
28 54
28 55
28 57
28 62
28 63
28 64
28 65
28 66
28 67
28 68
28 69
28 71
29 3
29 8
29 12
29 15
29 16
29 17
29 18
29 20
29 21
29 22
29 23
29 24
29 25
29 26
29 27
29 28
29 32
29 33
29 34
29 35
29 36
29 37
29 38
29 40
29 41
29 47
29 49
29 51
29 55
29 59
29 60
29 61
29 63
29 64
29 66
29 68
29 69
29 71
29 73
29 74
29 75
30 1
30 2
30 3
30 7
30 8
30 9
30 11
30 12
30 14
30 15
30 16
30 17
30 18
30 22
30 25
30 28
30 31
30 32
30 33
30 35
30 37
30 42
30 43
30 45
30 46
30 47
30 49
30 51
30 52
30 53
30 54
30 57
30 58
30 64
30 65
30 69
30 70
30 72
30 73
31 1
31 2
31 3
31 4
31 6
31 9
31 12
31 13
31 16
31 21
31 22
31 23
31 27
31 30
31 32
31 34
31 35
31 36
31 37
31 40
31 41
31 42
31 46
31 47
31 48
31 49
31 50
31 53
31 56
31 58
31 59
31 60
31 61
31 62
31 63
31 65
31 67
31 69
31 70
31 72
31 73
32 3
32 4
32 6
32 7
32 9
32 10
32 12
32 14
32 15
32 16
32 18
32 19
32 21
32 23
32 25
32 29
32 30
32 31
32 33
32 34
32 35
32 36
32 39
32 40
32 41
32 42
32 44
32 49
32 50
32 51
32 52
32 53
32 54
32 55
32 56
32 58
32 59
32 62
32 63
32 65
32 66
32 67
32 68
32 69
32 71
32 74
33 2
33 3
33 4
33 5
33 7
33 8
33 10
33 11
33 12
33 13
33 14
33 15
33 19
33 20
33 23
33 25
33 26
33 27
33 28
33 29
33 30
33 32
33 34
33 37
33 38
33 39
33 41
33 43
33 45
33 46
33 47
33 48
33 49
33 50
33 51
33 52
33 54
33 56
33 60
33 62
33 63
33 64
33 67
33 69
33 70
33 71
33 72
33 75
34 3
34 4
34 6
34 8
34 9
34 11
34 12
34 14
34 16
34 17
34 18
34 19
34 20
34 21
34 22
34 23
34 24
34 26
34 27
34 28
34 29
34 31
34 32
34 33
34 38
34 41
34 42
34 46
34 47
34 50
34 51
34 52
34 53
34 55
34 56
34 57
34 58
34 60
34 61
34 62
34 63
34 64
34 66
34 68
34 70
34 71
34 72
34 73
34 75
35 1
35 2
35 3
35 5
35 7
35 8
35 11
35 14
35 15
35 17
35 21
35 22
35 23
35 26
35 27
35 28
35 29
35 30
35 31
35 32
35 36
35 37
35 38
35 40
35 41
35 42
35 43
35 45
35 46
35 47
35 48
35 51
35 52
35 53
35 56
35 57
35 60
35 61
35 62
35 65
35 66
35 67
35 68
35 70
35 72
35 73
35 74
35 75
36 8
36 9
36 10
36 13
36 16
36 18
36 19
36 20
36 21
36 25
36 27
36 29
36 31
36 32
36 35
36 38
36 39
36 40
36 41
36 43
36 45
36 46
36 47
36 50
36 51
36 52
36 53
36 54
36 56
36 59
36 61
36 63
36 64
36 65
36 66
36 67
36 68
36 69
36 72
36 73
36 74
36 75
37 4
37 5
37 7
37 9
37 10
37 11
37 12
37 13
37 15
37 17
37 18
37 19
37 20
37 21
37 22
37 23
37 29
37 30
37 31
37 33
37 35
37 40
37 43
37 44
37 45
37 47
37 49
37 50
37 52
37 54
37 55
37 56
37 61
37 63
37 67
37 68
37 69
37 70
37 71
37 74
37 75
38 2
38 4
38 10
38 12
38 14
38 15
38 16
38 17
38 24
38 25
38 26
38 27
38 28
38 29
38 33
38 34
38 35
38 36
38 39
38 40
38 41
38 44
38 45
38 47
38 48
38 51
38 52
38 53
38 54
38 59
38 61
38 64
38 65
38 66
38 67
38 68
38 70
38 71
38 72
38 73
38 74
39 3
39 4
39 6
39 7
39 8
39 10
39 12
39 15
39 16
39 20
39 21
39 23
39 26
39 32
39 33
39 36
39 38
39 40
39 42
39 43
39 44
39 45
39 46
39 47
39 48
39 50
39 51
39 54
39 56
39 57
39 58
39 60
39 61
39 62
39 63
39 66
39 71
39 72
39 74
39 75
40 2
40 3
40 4
40 6
40 15
40 17
40 18
40 19
40 20
40 23
40 24
40 26
40 29
40 31
40 32
40 35
40 36
40 37
40 38
40 39
40 42
40 43
40 44
40 45
40 46
40 47
40 48
40 49
40 51
40 54
40 55
40 58
40 59
40 60
40 62
40 63
40 67
40 68
40 70
40 72
40 73
40 74
41 2
41 3
41 4
41 6
41 8
41 10
41 11
41 12
41 14
41 15
41 18
41 19
41 20
41 21
41 23
41 25
41 26
41 27
41 28
41 29
41 31
41 32
41 33
41 34
41 35
41 36
41 38
41 42
41 43
41 45
41 47
41 48
41 54
41 55
41 56
41 57
41 58
41 59
41 60
41 61
41 64
41 65
41 67
41 69
41 70
41 73
41 75
42 1
42 2
42 4
42 5
42 6
42 9
42 12
42 18
42 20
42 21
42 22
42 23
42 24
42 26
42 27
42 30
42 31
42 32
42 34
42 35
42 39
42 40
42 41
42 43
42 45
42 46
42 47
42 48
42 52
42 54
42 57
42 60
42 61
42 62
42 63
42 64
42 65
42 66
42 67
42 68
42 72
42 74
42 75
43 1
43 2
43 5
43 7
43 9
43 10
43 14
43 15
43 16
43 17
43 18
43 19
43 20
43 21
43 22
43 26
43 30
43 33
43 35
43 36
43 37
43 39
43 40
43 41
43 42
43 44
43 45
43 47
43 48
43 51
43 54
43 55
43 56
43 60
43 61
43 62
43 64
43 67
43 68
43 70
43 71
43 72
43 73
43 74
43 75
44 1
44 3
44 4
44 6
44 7
44 9
44 11
44 12
44 16
44 17
44 18
44 21
44 22
44 24
44 26
44 27
44 28
44 32
44 37
44 38
44 39
44 40
44 43
44 47
44 49
44 51
44 54
44 57
44 58
44 62
44 63
44 64
44 66
44 68
44 72
44 75
45 1
45 4
45 5
45 7
45 10
45 11
45 12
45 13
45 14
45 15
45 16
45 18
45 20
45 21
45 22
45 24
45 26
45 27
45 28
45 30
45 33
45 35
45 36
45 37
45 38
45 39
45 40
45 41
45 42
45 43
45 47
45 48
45 49
45 51
45 52
45 53
45 56
45 58
45 60
45 61
45 63
45 65
45 66
45 68
45 69
45 74
45 75
46 2
46 5
46 7
46 9
46 11
46 14
46 15
46 16
46 17
46 18
46 19
46 20
46 21
46 22
46 23
46 25
46 26
46 30
46 31
46 33
46 34
46 35
46 36
46 39
46 40
46 42
46 47
46 48
46 49
46 50
46 51
46 54
46 56
46 57
46 63
46 65
46 66
46 68
46 69
46 70
46 71
46 72
46 73
46 74
46 75
47 2
47 5
47 7
47 8
47 13
47 15
47 16
47 17
47 18
47 19
47 20
47 21
47 23
47 25
47 26
47 27
47 28
47 29
47 30
47 31
47 33
47 34
47 35
47 36
47 37
47 38
47 39
47 40
47 41
47 42
47 43
47 44
47 45
47 46
47 48
47 49
47 52
47 54
47 56
47 57
47 59
47 60
47 61
47 62
47 66
47 68
47 69
47 70
47 71
47 73
47 75
48 1
48 2
48 3
48 6
48 7
48 8
48 9
48 11
48 12
48 14
48 15
48 16
48 17
48 19
48 20
48 22
48 23
48 24
48 25
48 26
48 28
48 31
48 33
48 35
48 38
48 39
48 40
48 41
48 42
48 43
48 45
48 46
48 47
48 53
48 54
48 55
48 56
48 57
48 64
48 65
48 67
48 68
48 69
48 70
48 71
48 72
48 73
48 74
49 3
49 4
49 5
49 6
49 7
49 10
49 12
49 13
49 15
49 17
49 18
49 19
49 22
49 26
49 29
49 30
49 31
49 32
49 33
49 37
49 40
49 44
49 45
49 46
49 47
49 50
49 52
49 53
49 54
49 55
49 56
49 57
49 58
49 59
49 60
49 63
49 64
49 65
49 66
49 67
49 68
49 69
49 70
49 71
49 72
49 73
49 74
49 75
50 2
50 4
50 5
50 6
50 8
50 9
50 17
50 18
50 19
50 22
50 23
50 25
50 26
50 27
50 31
50 32
50 33
50 34
50 36
50 37
50 39
50 46
50 49
50 57
50 60
50 61
50 62
50 63
50 67
50 69
50 72
50 75
51 1
51 3
51 4
51 7
51 8
51 13
51 15
51 16
51 17
51 23
51 26
51 28
51 29
51 30
51 32
51 33
51 34
51 35
51 36
51 38
51 39
51 40
51 43
51 44
51 45
51 46
51 55
51 56
51 57
51 60
51 61
51 66
51 72
51 73
51 74
51 75
52 1
52 6
52 9
52 16
52 17
52 18
52 20
52 22
52 23
52 25
52 26
52 27
52 30
52 32
52 33
52 34
52 35
52 36
52 37
52 38
52 42
52 45
52 47
52 49
52 53
52 57
52 58
52 60
52 61
52 65
52 66
52 69
52 72
52 73
52 74
52 75
53 1
53 3
53 4
53 5
53 9
53 10
53 12
53 13
53 17
53 18
53 20
53 23
53 24
53 25
53 27
53 30
53 31
53 32
53 34
53 35
53 36
53 38
53 45
53 48
53 49
53 52
53 54
53 55
53 56
53 58
53 59
53 62
53 63
53 66
53 67
53 69
53 70
53 71
53 72
53 73
53 74
54 3
54 4
54 6
54 7
54 10
54 11
54 14
54 15
54 16
54 18
54 25
54 28
54 30
54 32
54 33
54 36
54 37
54 38
54 39
54 40
54 41
54 42
54 43
54 44
54 46
54 47
54 48
54 49
54 53
54 55
54 56
54 60
54 62
54 63
54 64
54 65
54 68
54 71
54 72
54 73
54 75
55 5
55 12
55 14
55 15
55 16
55 17
55 20
55 21
55 22
55 25
55 26
55 27
55 28
55 29
55 32
55 34
55 37
55 40
55 41
55 43
55 48
55 49
55 51
55 53
55 54
55 57
55 59
55 60
55 61
55 63
55 66
55 67
55 71
55 72
55 74
55 75
56 1
56 2
56 3
56 5
56 7
56 10
56 11
56 13
56 14
56 15
56 16
56 17
56 18
56 19
56 21
56 26
56 27
56 31
56 32
56 33
56 34
56 35
56 36
56 37
56 39
56 41
56 43
56 45
56 46
56 47
56 48
56 49
56 51
56 53
56 54
56 57
56 59
56 60
56 62
56 63
56 64
56 65
56 68
56 70
56 73
56 75
57 1
57 7
57 9
57 14
57 15
57 17
57 18
57 19
57 20
57 21
57 22
57 23
57 25
57 27
57 28
57 30
57 34
57 35
57 39
57 41
57 42
57 44
57 46
57 47
57 48
57 49
57 50
57 51
57 52
57 55
57 56
57 58
57 59
57 60
57 61
57 62
57 63
57 64
57 65
57 70
57 71
57 72
57 73
57 74
57 75
58 4
58 6
58 7
58 8
58 10
58 11
58 12
58 14
58 15
58 16
58 17
58 19
58 20
58 21
58 22
58 24
58 25
58 26
58 30
58 31
58 32
58 34
58 39
58 40
58 41
58 44
58 45
58 49
58 52
58 53
58 57
58 59
58 60
58 61
58 62
58 63
58 65
58 66
58 68
58 69
58 70
58 72
58 75
59 1
59 2
59 3
59 4
59 6
59 8
59 10
59 11
59 14
59 15
59 16
59 17
59 19
59 20
59 26
59 27
59 29
59 31
59 32
59 36
59 38
59 40
59 41
59 47
59 49
59 53
59 55
59 56
59 57
59 58
59 60
59 67
59 68
59 69
59 71
59 72
59 73
59 74
59 75
60 1
60 2
60 4
60 8
60 9
60 10
60 13
60 15
60 17
60 18
60 19
60 20
60 21
60 22
60 23
60 24
60 26
60 27
60 29
60 31
60 33
60 34
60 35
60 39
60 40
60 41
60 42
60 43
60 45
60 47
60 49
60 50
60 51
60 52
60 54
60 55
60 56
60 57
60 58
60 59
60 62
60 63
60 65
60 66
60 68
60 71
60 72
60 73
60 74
60 75
61 1
61 4
61 5
61 6
61 8
61 9
61 12
61 13
61 14
61 15
61 17
61 18
61 20
61 21
61 23
61 24
61 26
61 29
61 31
61 34
61 35
61 36
61 37
61 38
61 39
61 41
61 42
61 43
61 45
61 47
61 50
61 51
61 52
61 55
61 57
61 58
61 63
61 65
61 68
61 69
61 70
61 71
61 72
61 73
61 74
62 1
62 6
62 7
62 8
62 9
62 10
62 12
62 13
62 15
62 16
62 17
62 18
62 21
62 22
62 23
62 26
62 28
62 31
62 32
62 33
62 34
62 35
62 39
62 40
62 42
62 43
62 44
62 47
62 50
62 53
62 54
62 56
62 57
62 58
62 60
62 65
62 68
62 69
62 70
62 72
62 74
63 6
63 7
63 10
63 11
63 12
63 13
63 14
63 17
63 18
63 19
63 20
63 21
63 22
63 25
63 26
63 27
63 28
63 29
63 31
63 32
63 33
63 34
63 36
63 37
63 39
63 40
63 42
63 44
63 45
63 46
63 49
63 50
63 53
63 54
63 55
63 56
63 57
63 58
63 60
63 61
63 64
63 65
63 67
63 70
63 73
63 74
63 75
64 1
64 2
64 3
64 5
64 7
64 8
64 10
64 12
64 13
64 14
64 16
64 17
64 21
64 24
64 25
64 27
64 28
64 29
64 30
64 33
64 34
64 36
64 38
64 41
64 42
64 43
64 44
64 48
64 49
64 54
64 56
64 57
64 63
64 66
64 67
64 69
64 71
64 72
64 73
65 1
65 4
65 9
65 11
65 12
65 13
65 14
65 15
65 17
65 19
65 20
65 21
65 22
65 23
65 24
65 26
65 28
65 30
65 31
65 32
65 35
65 36
65 38
65 41
65 42
65 45
65 46
65 48
65 49
65 52
65 54
65 56
65 57
65 58
65 60
65 61
65 62
65 63
65 71
65 72
65 73
65 75
66 2
66 4
66 5
66 6
66 7
66 8
66 14
66 16
66 17
66 21
66 22
66 24
66 26
66 28
66 29
66 32
66 34
66 35
66 36
66 38
66 39
66 42
66 44
66 45
66 46
66 47
66 49
66 51
66 52
66 53
66 55
66 58
66 60
66 64
66 68
66 71
66 72
66 75
67 1
67 2
67 4
67 5
67 6
67 7
67 8
67 16
67 17
67 18
67 19
67 20
67 21
67 23
67 25
67 27
67 28
67 31
67 32
67 33
67 35
67 36
67 37
67 38
67 40
67 41
67 42
67 43
67 48
67 49
67 50
67 53
67 55
67 59
67 63
67 64
67 68
67 69
67 70
67 72
67 73
67 74
67 75
68 1
68 2
68 3
68 4
68 5
68 6
68 7
68 8
68 9
68 10
68 11
68 12
68 14
68 16
68 17
68 18
68 19
68 21
68 23
68 24
68 26
68 27
68 28
68 29
68 32
68 34
68 35
68 36
68 37
68 38
68 40
68 42
68 43
68 44
68 45
68 46
68 47
68 48
68 49
68 54
68 56
68 58
68 59
68 60
68 61
68 62
68 66
68 67
68 69
68 71
68 72
68 73
68 75
69 1
69 3
69 4
69 6
69 9
69 10
69 11
69 15
69 17
69 19
69 21
69 23
69 25
69 27
69 28
69 29
69 30
69 31
69 32
69 33
69 36
69 37
69 41
69 45
69 46
69 47
69 48
69 49
69 50
69 52
69 53
69 58
69 59
69 61
69 62
69 64
69 67
69 68
69 70
69 72
69 74
69 75
70 1
70 3
70 4
70 6
70 7
70 9
70 10
70 12
70 13
70 14
70 15
70 16
70 17
70 19
70 20
70 22
70 25
70 26
70 27
70 30
70 31
70 33
70 34
70 35
70 37
70 38
70 40
70 41
70 43
70 46
70 47
70 48
70 49
70 53
70 56
70 57
70 58
70 61
70 62
70 63
70 67
70 69
70 72
71 1
71 3
71 4
71 5
71 6
71 7
71 9
71 10
71 12
71 13
71 17
71 19
71 20
71 21
71 22
71 23
71 24
71 25
71 26
71 28
71 29
71 32
71 33
71 34
71 37
71 38
71 39
71 43
71 46
71 47
71 48
71 49
71 53
71 54
71 55
71 57
71 59
71 60
71 61
71 64
71 65
71 66
71 68
71 73
71 74
71 75
72 1
72 2
72 5
72 6
72 7
72 9
72 12
72 13
72 18
72 19
72 20
72 21
72 22
72 26
72 27
72 30
72 31
72 33
72 34
72 35
72 36
72 38
72 39
72 40
72 42
72 43
72 44
72 46
72 48
72 49
72 50
72 51
72 52
72 53
72 54
72 55
72 57
72 58
72 59
72 60
72 61
72 62
72 64
72 65
72 66
72 67
72 68
72 69
72 70
72 74
72 75
73 1
73 2
73 3
73 5
73 7
73 11
73 12
73 13
73 17
73 18
73 19
73 20
73 21
73 22
73 23
73 24
73 25
73 26
73 29
73 30
73 31
73 34
73 35
73 36
73 38
73 40
73 41
73 43
73 46
73 47
73 48
73 49
73 51
73 52
73 53
73 54
73 56
73 57
73 59
73 60
73 61
73 63
73 64
73 65
73 67
73 68
73 71
73 74
73 75
74 1
74 3
74 4
74 5
74 6
74 7
74 9
74 10
74 14
74 18
74 21
74 22
74 23
74 26
74 29
74 32
74 35
74 36
74 37
74 38
74 39
74 40
74 42
74 43
74 45
74 46
74 48
74 49
74 51
74 52
74 53
74 55
74 57
74 59
74 60
74 61
74 62
74 63
74 67
74 69
74 71
74 72
74 73
75 1
75 2
75 3
75 6
75 7
75 9
75 10
75 11
75 15
75 16
75 17
75 18
75 19
75 20
75 21
75 25
75 27
75 29
75 33
75 34
75 35
75 36
75 37
75 39
75 41
75 42
75 43
75 44
75 45
75 46
75 47
75 49
75 50
75 51
75 52
75 54
75 55
75 56
75 57
75 58
75 59
75 60
75 63
75 65
75 66
75 67
75 68
75 69
75 71
75 72
75 73
