75
1 2
1 3
1 13
1 20
1 21
1 23
1 24
1 26
1 27
1 29
1 32
1 33
1 35
1 38
1 39
1 46
1 48
1 49
1 52
1 55
1 58
1 66
1 67
1 73
1 74
2 1
2 5
2 7
2 8
2 11
2 12
2 14
2 21
2 24
2 25
2 26
2 27
2 28
2 31
2 34
2 36
2 37
2 47
2 52
2 57
2 58
2 60
2 61
2 63
2 65
2 66
2 68
2 70
2 72
2 74
3 1
3 4
3 5
3 7
3 11
3 13
3 14
3 16
3 17
3 18
3 19
3 24
3 25
3 28
3 30
3 32
3 33
3 35
3 36
3 40
3 43
3 46
3 47
3 49
3 51
3 53
3 54
3 55
3 56
3 57
3 58
3 59
3 62
3 63
3 64
3 66
3 67
3 68
3 69
3 71
3 74
4 3
4 5
4 11
4 13
4 15
4 17
4 18
4 19
4 20
4 21
4 26
4 27
4 29
4 30
4 31
4 38
4 40
4 41
4 51
4 54
4 56
4 57
4 58
4 66
4 69
4 70
5 2
5 3
5 4
5 6
5 8
5 9
5 12
5 17
5 19
5 21
5 25
5 28
5 31
5 38
5 41
5 42
5 43
5 44
5 46
5 47
5 49
5 51
5 52
5 54
5 58
5 60
5 62
5 63
5 64
5 67
5 69
5 71
6 5
6 11
6 12
6 13
6 14
6 16
6 19
6 20
6 21
6 24
6 27
6 28
6 35
6 36
6 37
6 40
6 43
6 45
6 49
6 51
6 55
6 57
6 59
6 60
6 62
6 65
6 70
6 72
6 75
7 2
7 3
7 8
7 10
7 13
7 14
7 16
7 19
7 20
7 22
7 23
7 24
7 28
7 29
7 30
7 31
7 34
7 36
7 40
7 42
7 43
7 45
7 53
7 55
7 56
7 60
7 61
7 62
7 65
7 66
7 68
7 69
7 72
7 74
7 75
8 2
8 5
8 7
8 13
8 14
8 17
8 21
8 22
8 25
8 26
8 30
8 31
8 33
8 38
8 42
8 43
8 44
8 46
8 49
8 52
8 53
8 60
8 61
8 62
8 70
8 71
8 74
9 5
9 10
9 11
9 12
9 15
9 16
9 18
9 20
9 24
9 26
9 27
9 29
9 34
9 35
9 43
9 44
9 46
9 53
9 54
9 55
9 56
9 60
9 61
9 63
9 65
9 66
9 69
9 71
9 72
9 73
10 7
10 9
10 12
10 14
10 16
10 24
10 25
10 28
10 32
10 38
10 39
10 40
10 42
10 44
10 45
10 47
10 49
10 52
10 57
10 61
10 62
10 65
10 67
10 68
11 2
11 3
11 4
11 6
11 9
11 14
11 17
11 27
11 31
11 33
11 36
11 41
11 42
11 43
11 45
11 52
11 53
11 55
11 59
11 60
11 68
11 71
12 2
12 5
12 6
12 9
12 10
12 16
12 18
12 20
12 29
12 30
12 31
12 37
12 40
12 41
12 42
12 44
12 45
12 46
12 47
12 55
12 56
12 57
12 61
12 62
12 63
12 68
12 69
12 70
12 71
12 73
12 75
13 1
13 3
13 4
13 6
13 7
13 8
13 20
13 21
13 22
13 23
13 24
13 29
13 30
13 31
13 36
13 38
13 41
13 44
13 46
13 47
13 48
13 50
13 52
13 53
13 56
13 59
13 62
13 66
13 67
13 73
14 2
14 3
14 6
14 7
14 8
14 10
14 11
14 18
14 22
14 23
14 24
14 25
14 26
14 28
14 29
14 30
14 31
14 33
14 35
14 37
14 38
14 41
14 42
14 43
14 49
14 55
14 58
14 59
14 61
14 63
14 66
14 67
14 68
14 70
14 71
14 74
14 75
15 4
15 9
15 22
15 24
15 25
15 30
15 33
15 34
15 36
15 37
15 41
15 42
15 43
15 44
15 46
15 48
15 49
15 51
15 52
15 59
15 61
15 63
15 64
15 66
15 69
15 70
15 74
16 3
16 6
16 7
16 9
16 10
16 12
16 18
16 19
16 22
16 23
16 24
16 26
16 27
16 32
16 33
16 34
16 36
16 40
16 45
16 47
16 48
16 50
16 51
16 53
16 54
16 55
16 57
16 58
16 59
16 60
16 61
16 65
16 66
16 67
16 70
16 72
16 73
16 74
16 75
17 3
17 4
17 5
17 8
17 11
17 19
17 21
17 27
17 28
17 29
17 30
17 34
17 35
17 38
17 39
17 42
17 49
17 50
17 53
17 55
17 56
17 59
17 60
17 61
17 63
17 65
17 67
17 68
17 69
17 74
17 75
18 3
18 4
18 9
18 12
18 14
18 16
18 27
18 28
18 30
18 34
18 37
18 39
18 40
18 42
18 45
18 46
18 48
18 51
18 57
18 58
18 63
18 64
18 66
18 70
18 71
19 3
19 4
19 5
19 6
19 7
19 16
19 17
19 20
19 21
19 22
19 25
19 26
19 32
19 35
19 39
19 42
19 44
19 45
19 47
19 50
19 51
19 54
19 55
19 57
19 58
19 59
19 63
19 64
19 65
19 67
19 68
19 69
19 70
20 1
20 4
20 6
20 7
20 9
20 12
20 13
20 19
20 21
20 24
20 26
20 28
20 30
20 33
20 37
20 38
20 51
20 56
20 57
20 58
20 62
20 63
20 64
20 65
20 66
20 73
20 74
20 75
21 1
21 2
21 4
21 5
21 6
21 8
21 13
21 17
21 19
21 20
21 22
21 26
21 27
21 28
21 31
21 32
21 33
21 36
21 38
21 39
21 40
21 41
21 44
21 45
21 47
21 50
21 53
21 55
21 58
21 59
21 65
21 68
21 69
21 70
21 71
21 72
21 74
22 7
22 8
22 13
22 14
22 15
22 16
22 19
22 21
22 23
22 24
22 25
22 27
22 30
22 31
22 32
22 33
22 34
22 36
22 38
22 39
22 43
22 45
22 47
22 49
22 51
22 52
22 53
22 58
22 60
22 68
22 71
23 1
23 7
23 13
23 14
23 16
23 22
23 24
23 27
23 31
23 35
23 36
23 38
23 40
23 41
23 42
23 43
23 44
23 46
23 47
23 48
23 50
23 58
23 59
23 60
23 61
23 63
23 64
23 65
23 66
23 68
23 73
23 75
24 1
24 2
24 3
24 6
24 7
24 9
24 10
24 13
24 14
24 15
24 16
24 20
24 22
24 23
24 25
24 26
24 30
24 31
24 32
24 38
24 40
24 41
24 44
24 49
24 50
24 51
24 52
24 54
24 60
24 63
24 68
24 75
25 2
25 3
25 5
25 8
25 10
25 14
25 15
25 19
25 22
25 24
25 27
25 28
25 29
25 31
25 33
25 40
25 44
25 48
25 51
25 53
25 55
25 58
25 62
25 63
25 65
25 66
25 67
25 69
25 74
25 75
26 1
26 2
26 4
26 8
26 9
26 14
26 16
26 19
26 20
26 21
26 24
26 27
26 33
26 36
26 37
26 39
26 40
26 48
26 52
26 53
26 54
26 62
26 63
26 67
26 71
26 72
26 73
26 74
27 1
27 2
27 4
27 6
27 9
27 11
27 16
27 17
27 18
27 21
27 22
27 23
27 25
27 26
27 28
27 29
27 34
27 37
27 38
27 39
27 43
27 46
27 48
27 50
27 51
27 53
27 56
27 57
27 58
27 60
27 65
27 69
27 71
27 73
27 75
28 2
28 3
28 5
28 6
28 7
28 10
28 14
28 17
28 18
28 20
28 21
28 25
28 27
28 30
28 34
28 37
28 38
28 39
28 40
28 42
28 45
28 48
28 51
28 52
28 53
28 54
28 57
28 59
28 63
28 65
28 66
28 67
28 69
28 70
28 71
29 1
29 4
29 7
29 9
29 12
29 13
29 14
29 17
29 25
29 27
29 30
29 31
29 35
29 37
29 38
29 39
29 40
29 41
29 43
29 44
29 45
29 46
29 49
29 51
29 52
29 53
29 55
29 56
29 57
29 65
29 69
29 70
29 73
29 74
30 3
30 4
30 7
30 8
30 12
30 13
30 14
30 15
30 17
30 18
30 20
30 22
30 24
30 28
30 29
30 31
30 34
30 38
30 40
30 41
30 43
30 45
30 46
30 49
30 50
30 52
30 56
30 62
30 65
30 66
30 69
30 70
30 74
30 75
31 2
31 4
31 5
31 7
31 8
31 11
31 12
31 13
31 14
31 21
31 22
31 23
31 24
31 25
31 29
31 30
31 33
31 36
31 37
31 38
31 45
31 46
31 47
31 50
31 57
31 61
31 64
31 68
31 75
32 1
32 3
32 10
32 16
32 19
32 21
32 22
32 24
32 43
32 44
32 56
32 57
32 62
32 63
32 64
32 67
32 68
32 73
33 1
33 3
33 8
33 11
33 14
33 15
33 16
33 20
33 21
33 22
33 25
33 26
33 31
33 38
33 42
33 44
33 46
33 47
33 52
33 57
33 58
33 60
33 62
33 63
33 73
34 2
34 7
34 9
34 15
34 16
34 17
34 18
34 22
34 27
34 28
34 30
34 40
34 46
34 49
34 51
34 52
34 56
34 57
34 59
34 60
34 61
34 64
34 65
34 70
34 71
34 73
35 1
35 3
35 6
35 9
35 14
35 17
35 19
35 23
35 29
35 40
35 43
35 49
35 54
35 57
35 58
35 61
35 62
35 68
35 74
35 75
36 2
36 3
36 6
36 7
36 11
36 13
36 15
36 16
36 21
36 22
36 23
36 26
36 31
36 37
36 41
36 44
36 46
36 49
36 51
36 52
36 55
36 57
36 58
36 60
36 61
36 64
36 65
36 66
36 68
36 70
36 71
36 72
36 75
37 2
37 6
37 12
37 14
37 15
37 18
37 20
37 26
37 27
37 28
37 29
37 31
37 36
37 41
37 44
37 46
37 49
37 50
37 51
37 54
37 57
37 58
37 60
37 63
37 65
37 66
37 70
37 72
38 1
38 4
38 5
38 8
38 10
38 13
38 14
38 17
38 20
38 21
38 22
38 23
38 24
38 27
38 28
38 29
38 30
38 31
38 33
38 39
38 43
38 44
38 47
38 48
38 51
38 52
38 53
38 54
38 56
38 58
38 59
38 61
38 64
38 72
38 73
38 74
39 1
39 10
39 17
39 18
39 19
39 21
39 22
39 26
39 27
39 28
39 29
39 38
39 42
39 43
39 45
39 47
39 49
39 50
39 52
39 54
39 60
39 61
39 62
39 64
39 69
39 72
40 3
40 4
40 6
40 7
40 10
40 12
40 16
40 18
40 21
40 23
40 24
40 25
40 26
40 28
40 29
40 30
40 34
40 35
40 41
40 42
40 45
40 49
40 50
40 51
40 52
40 54
40 55
40 56
40 58
40 59
40 62
40 65
40 72
40 74
41 4
41 5
41 11
41 12
41 13
41 14
41 15
41 21
41 23
41 24
41 29
41 30
41 36
41 37
41 40
41 42
41 43
41 44
41 45
41 48
41 51
41 52
41 55
41 59
41 60
41 62
41 65
41 66
41 69
41 70
42 5
42 7
42 8
42 10
42 11
42 12
42 14
42 15
42 17
42 18
42 19
42 23
42 28
42 33
42 39
42 40
42 41
42 44
42 50
42 56
42 61
42 64
42 66
42 67
42 70
42 71
42 74
43 3
43 5
43 6
43 7
43 8
43 9
43 11
43 14
43 15
43 22
43 23
43 27
43 29
43 30
43 32
43 35
43 38
43 39
43 41
43 44
43 46
43 50
43 53
43 54
43 57
43 58
43 59
43 60
43 69
43 70
43 72
43 74
43 75
44 5
44 8
44 9
44 10
44 12
44 13
44 15
44 19
44 21
44 23
44 24
44 25
44 29
44 32
44 33
44 36
44 37
44 38
44 41
44 42
44 43
44 45
44 46
44 47
44 48
44 52
44 55
44 58
44 59
44 60
44 61
44 63
44 64
44 68
44 69
44 70
44 73
45 6
45 7
45 10
45 11
45 12
45 16
45 18
45 19
45 21
45 22
45 28
45 29
45 30
45 31
45 39
45 40
45 41
45 44
45 51
45 54
45 58
45 59
45 60
45 62
45 63
45 65
45 67
45 71
45 72
45 75
46 1
46 3
46 5
46 8
46 9
46 12
46 13
46 15
46 18
46 23
46 27
46 29
46 30
46 31
46 33
46 34
46 36
46 37
46 43
46 44
46 48
46 51
46 53
46 54
46 55
46 57
46 58
46 60
46 62
46 69
46 70
46 71
47 2
47 3
47 5
47 10
47 12
47 13
47 16
47 19
47 21
47 22
47 23
47 31
47 33
47 38
47 39
47 44
47 48
47 50
47 51
47 52
47 54
47 55
47 57
47 58
47 60
47 63
47 64
47 74
47 75
48 1
48 13
48 15
48 16
48 18
48 23
48 25
48 26
48 27
48 28
48 38
48 41
48 44
48 46
48 47
48 53
48 54
48 55
48 56
48 58
48 61
48 62
48 63
48 64
48 67
48 68
48 70
48 71
48 72
49 1
49 3
49 5
49 6
49 8
49 10
49 14
49 15
49 17
49 22
49 24
49 29
49 30
49 34
49 35
49 36
49 37
49 39
49 40
49 51
49 52
49 54
49 56
49 57
49 58
49 67
49 69
49 72
49 73
50 13
50 16
50 17
50 19
50 21
50 23
50 24
50 27
50 30
50 31
50 37
50 39
50 40
50 42
50 43
50 47
50 52
50 53
50 54
50 56
50 57
50 58
50 59
50 62
50 64
50 65
50 70
50 73
51 3
51 4
51 5
51 6
51 15
51 16
51 18
51 19
51 20
51 22
51 24
51 25
51 27
51 28
51 29
51 34
51 36
51 37
51 38
51 40
51 41
51 45
51 46
51 47
51 49
51 56
51 58
51 62
51 67
51 69
51 71
51 73
51 75
52 1
52 2
52 5
52 8
52 10
52 11
52 13
52 15
52 22
52 24
52 26
52 28
52 29
52 30
52 33
52 34
52 36
52 38
52 39
52 40
52 41
52 44
52 47
52 49
52 50
52 54
52 55
52 60
52 62
52 65
52 66
52 69
52 75
53 3
53 7
53 8
53 9
53 11
53 13
53 16
53 17
53 21
53 22
53 25
53 26
53 27
53 28
53 29
53 38
53 43
53 46
53 48
53 50
53 54
53 55
53 56
53 57
53 60
53 63
53 64
53 66
53 68
53 70
53 71
53 72
53 73
53 74
54 3
54 4
54 5
54 9
54 16
54 19
54 24
54 26
54 28
54 35
54 37
54 38
54 39
54 40
54 43
54 45
54 46
54 47
54 48
54 49
54 50
54 52
54 53
54 55
54 57
54 59
54 61
54 65
54 66
54 67
54 68
55 1
55 3
55 6
55 7
55 9
55 11
55 12
55 14
55 16
55 17
55 19
55 21
55 25
55 29
55 36
55 40
55 41
55 44
55 46
55 47
55 48
55 52
55 53
55 54
55 56
55 57
55 61
55 63
55 74
56 3
56 4
56 7
56 9
56 12
56 13
56 17
56 20
56 27
56 29
56 30
56 32
56 34
56 38
56 40
56 42
56 48
56 49
56 50
56 51
56 53
56 55
56 57
56 58
56 63
56 67
56 68
56 69
56 70
56 72
56 73
57 2
57 3
57 4
57 6
57 10
57 12
57 16
57 18
57 19
57 20
57 27
57 28
57 29
57 31
57 32
57 33
57 34
57 35
57 36
57 37
57 43
57 46
57 47
57 49
57 50
57 53
57 54
57 55
57 56
57 59
57 60
57 62
57 64
57 65
57 67
57 68
57 73
58 1
58 2
58 3
58 4
58 5
58 14
58 16
58 18
58 19
58 20
58 21
58 22
58 23
58 25
58 27
58 33
58 35
58 36
58 37
58 38
58 40
58 43
58 44
58 45
58 46
58 47
58 48
58 49
58 50
58 51
58 56
58 59
58 60
58 62
58 64
58 65
58 72
58 73
59 3
59 6
59 11
59 13
59 14
59 15
59 16
59 17
59 19
59 21
59 23
59 28
59 34
59 38
59 40
59 41
59 43
59 44
59 45
59 50
59 54
59 57
59 58
59 65
59 67
59 70
59 71
59 72
59 73
59 74
60 2
60 5
60 6
60 7
60 8
60 9
60 11
60 16
60 17
60 22
60 23
60 24
60 27
60 33
60 34
60 36
60 37
60 39
60 41
60 43
60 44
60 45
60 46
60 47
60 52
60 53
60 57
60 58
60 62
60 66
60 69
60 70
60 72
60 74
60 75
61 2
61 7
61 8
61 9
61 10
61 12
61 14
61 15
61 16
61 17
61 23
61 31
61 34
61 35
61 36
61 38
61 39
61 42
61 44
61 48
61 54
61 55
61 65
61 66
61 68
61 70
61 73
62 3
62 5
62 6
62 7
62 8
62 10
62 12
62 13
62 20
62 25
62 26
62 30
62 32
62 33
62 35
62 39
62 40
62 41
62 45
62 46
62 48
62 50
62 51
62 52
62 57
62 58
62 60
62 63
62 65
62 69
62 70
62 71
62 74
62 75
63 2
63 3
63 5
63 9
63 12
63 14
63 15
63 17
63 18
63 19
63 20
63 23
63 24
63 25
63 26
63 28
63 32
63 33
63 37
63 44
63 45
63 47
63 48
63 53
63 55
63 56
63 62
63 70
63 72
63 74
64 3
64 5
64 15
64 18
64 19
64 20
64 23
64 31
64 32
64 34
64 36
64 38
64 39
64 42
64 44
64 47
64 48
64 50
64 53
64 57
64 58
64 66
64 67
64 70
64 71
64 75
65 2
65 6
65 7
65 9
65 10
65 16
65 17
65 19
65 20
65 21
65 23
65 25
65 27
65 28
65 29
65 30
65 34
65 36
65 37
65 40
65 41
65 45
65 50
65 52
65 54
65 57
65 58
65 59
65 61
65 62
65 67
65 68
65 72
65 74
65 75
66 1
66 2
66 3
66 4
66 7
66 9
66 13
66 14
66 15
66 16
66 18
66 20
66 23
66 25
66 28
66 30
66 36
66 37
66 41
66 42
66 52
66 53
66 54
66 60
66 61
66 64
66 68
66 70
66 74
66 75
67 1
67 3
67 5
67 10
67 13
67 14
67 16
67 17
67 19
67 25
67 26
67 28
67 32
67 42
67 45
67 48
67 49
67 51
67 54
67 56
67 57
67 59
67 64
67 65
67 68
67 72
67 73
67 74
67 75
68 2
68 3
68 7
68 10
68 11
68 12
68 14
68 17
68 19
68 21
68 22
68 23
68 24
68 31
68 32
68 35
68 36
68 44
68 48
68 53
68 54
68 56
68 57
68 61
68 65
68 66
68 67
68 69
68 71
68 73
68 74
69 3
69 4
69 5
69 7
69 9
69 12
69 15
69 17
69 19
69 21
69 25
69 27
69 28
69 29
69 30
69 39
69 41
69 43
69 44
69 46
69 49
69 51
69 52
69 56
69 60
69 62
69 68
69 71
69 73
69 74
70 2
70 4
70 6
70 8
70 12
70 14
70 15
70 16
70 18
70 19
70 21
70 28
70 29
70 30
70 34
70 36
70 37
70 41
70 42
70 43
70 44
70 46
70 48
70 50
70 53
70 56
70 59
70 60
70 61
70 62
70 63
70 64
70 66
70 71
70 72
70 75
71 3
71 5
71 8
71 9
71 11
71 12
71 14
71 18
71 21
71 22
71 26
71 27
71 28
71 34
71 36
71 42
71 45
71 46
71 48
71 51
71 53
71 59
71 62
71 64
71 68
71 69
71 70
71 72
71 74
71 75
72 2
72 6
72 7
72 9
72 16
72 21
72 26
72 36
72 37
72 38
72 39
72 40
72 43
72 45
72 48
72 49
72 53
72 56
72 58
72 59
72 60
72 63
72 65
72 67
72 70
72 71
72 73
73 1
73 9
73 12
73 13
73 16
73 20
73 23
73 26
73 27
73 29
73 32
73 33
73 34
73 38
73 44
73 49
73 50
73 51
73 53
73 56
73 57
73 58
73 59
73 61
73 67
73 68
73 69
73 72
73 74
74 1
74 2
74 3
74 7
74 8
74 14
74 15
74 16
74 17
74 20
74 21
74 25
74 26
74 29
74 30
74 35
74 38
74 40
74 42
74 43
74 47
74 53
74 55
74 59
74 60
74 62
74 63
74 65
74 66
74 67
74 68
74 69
74 71
74 73
75 6
75 7
75 12
75 14
75 16
75 17
75 20
75 23
75 24
75 25
75 27
75 30
75 31
75 35
75 36
75 43
75 45
75 47
75 51
75 52
75 60
75 62
75 64
75 65
75 66
75 67
75 70
75 71
