75
1 2
1 6
1 11
1 16
1 18
1 20
1 23
1 25
1 28
1 29
1 30
1 33
1 35
1 36
1 37
1 41
1 50
1 57
1 59
1 66
1 69
1 70
1 71
1 74
2 1
2 3
2 7
2 8
2 9
2 12
2 13
2 14
2 15
2 17
2 18
2 22
2 28
2 29
2 31
2 32
2 33
2 35
2 37
2 38
2 39
2 46
2 47
2 49
2 50
2 52
2 53
2 57
2 58
2 62
2 63
2 67
2 68
2 71
2 74
2 75
3 2
3 5
3 12
3 13
3 14
3 15
3 25
3 33
3 36
3 37
3 38
3 40
3 42
3 47
3 49
3 52
3 54
3 56
3 57
3 58
3 60
3 62
3 65
3 67
3 70
4 5
4 6
4 9
4 12
4 16
4 18
4 20
4 23
4 25
4 26
4 28
4 35
4 36
4 37
4 39
4 43
4 47
4 48
4 50
4 51
4 52
4 54
4 55
4 56
4 59
4 60
4 61
4 63
4 65
4 70
4 75
5 3
5 4
5 7
5 10
5 12
5 14
5 16
5 19
5 20
5 21
5 29
5 30
5 32
5 33
5 35
5 36
5 41
5 42
5 43
5 45
5 54
5 59
5 62
5 64
5 67
5 70
5 71
5 72
5 74
6 1
6 4
6 7
6 9
6 11
6 15
6 16
6 24
6 26
6 29
6 32
6 33
6 35
6 37
6 39
6 43
6 47
6 48
6 52
6 54
6 58
6 62
6 64
6 65
6 68
6 69
6 71
6 72
6 74
7 2
7 5
7 6
7 10
7 11
7 12
7 13
7 16
7 17
7 22
7 23
7 24
7 25
7 29
7 31
7 32
7 37
7 40
7 47
7 48
7 50
7 51
7 53
7 56
7 57
7 59
7 67
7 70
7 71
7 74
8 2
8 9
8 12
8 14
8 16
8 17
8 18
8 19
8 20
8 22
8 23
8 24
8 25
8 28
8 29
8 34
8 37
8 40
8 44
8 46
8 47
8 48
8 49
8 50
8 51
8 58
8 62
8 63
8 65
8 67
8 68
8 71
8 72
8 73
8 75
9 2
9 4
9 6
9 8
9 10
9 15
9 19
9 21
9 22
9 25
9 26
9 27
9 28
9 30
9 31
9 34
9 36
9 38
9 43
9 44
9 47
9 48
9 49
9 50
9 54
9 55
9 60
9 63
9 64
9 72
10 5
10 7
10 9
10 11
10 15
10 16
10 17
10 18
10 21
10 22
10 23
10 26
10 27
10 28
10 30
10 38
10 45
10 52
10 54
10 55
10 60
10 63
10 68
11 1
11 6
11 7
11 10
11 14
11 18
11 20
11 21
11 22
11 23
11 24
11 25
11 28
11 29
11 35
11 37
11 40
11 41
11 49
11 51
11 53
11 54
11 56
11 57
11 60
11 61
11 64
11 70
11 74
11 75
12 2
12 3
12 4
12 5
12 7
12 8
12 13
12 14
12 16
12 17
12 23
12 24
12 27
12 28
12 29
12 32
12 35
12 36
12 38
12 39
12 40
12 43
12 46
12 47
12 48
12 51
12 57
12 58
12 61
12 62
12 63
12 65
12 66
12 68
12 70
12 71
12 72
13 2
13 3
13 7
13 12
13 18
13 24
13 25
13 26
13 27
13 31
13 37
13 38
13 41
13 44
13 46
13 53
13 55
13 57
13 58
13 59
13 63
13 65
13 67
13 69
13 71
13 73
13 74
13 75
14 2
14 3
14 5
14 8
14 11
14 12
14 15
14 16
14 17
14 18
14 20
14 21
14 25
14 26
14 34
14 36
14 37
14 38
14 41
14 42
14 43
14 44
14 45
14 48
14 51
14 54
14 55
14 56
14 62
14 64
14 69
14 70
14 72
14 74
15 2
15 3
15 6
15 9
15 10
15 14
15 17
15 21
15 23
15 26
15 30
15 35
15 39
15 41
15 45
15 47
15 50
15 51
15 52
15 55
15 56
15 65
15 67
15 71
15 73
16 1
16 4
16 5
16 6
16 7
16 8
16 10
16 12
16 14
16 17
16 19
16 20
16 29
16 30
16 32
16 33
16 34
16 38
16 39
16 43
16 45
16 47
16 48
16 50
16 51
16 53
16 55
16 59
16 66
16 69
17 2
17 7
17 8
17 10
17 12
17 14
17 15
17 16
17 18
17 19
17 21
17 22
17 23
17 24
17 32
17 34
17 35
17 39
17 42
17 47
17 50
17 51
17 53
17 57
17 59
17 60
17 62
17 63
17 64
17 66
17 69
17 70
17 71
17 74
18 1
18 2
18 4
18 8
18 10
18 11
18 13
18 14
18 17
18 24
18 25
18 34
18 37
18 39
18 41
18 42
18 46
18 49
18 50
18 53
18 54
18 57
18 61
18 68
18 69
18 70
18 71
18 72
18 74
19 5
19 8
19 9
19 16
19 17
19 23
19 26
19 27
19 30
19 32
19 34
19 35
19 36
19 37
19 40
19 41
19 44
19 45
19 46
19 49
19 50
19 58
19 63
19 64
19 68
19 71
19 73
20 1
20 4
20 5
20 8
20 11
20 14
20 16
20 22
20 27
20 29
20 33
20 36
20 37
20 40
20 41
20 48
20 49
20 52
20 56
20 57
20 58
20 61
20 62
20 63
20 64
20 67
20 68
20 72
21 5
21 9
21 10
21 11
21 14
21 15
21 17
21 22
21 23
21 24
21 26
21 31
21 32
21 33
21 39
21 41
21 44
21 45
21 46
21 47
21 53
21 56
21 58
21 62
21 63
21 65
21 67
21 68
22 2
22 7
22 8
22 9
22 10
22 11
22 17
22 20
22 21
22 24
22 30
22 32
22 35
22 36
22 37
22 40
22 41
22 47
22 48
22 49
22 50
22 56
22 62
22 65
22 68
22 70
22 74
23 1
23 4
23 7
23 8
23 10
23 11
23 12
23 15
23 17
23 19
23 21
23 24
23 25
23 26
23 28
23 29
23 30
23 41
23 49
23 51
23 54
23 55
23 58
23 64
23 65
23 67
23 70
23 72
23 73
24 6
24 7
24 8
24 11
24 12
24 13
24 17
24 18
24 21
24 22
24 23
24 25
24 27
24 31
24 32
24 33
24 34
24 36
24 39
24 41
24 42
24 44
24 45
24 48
24 49
24 50
24 52
24 55
24 56
24 58
24 63
24 66
24 67
24 69
24 70
24 72
24 73
24 74
25 1
25 3
25 4
25 7
25 8
25 9
25 11
25 13
25 14
25 18
25 23
25 24
25 29
25 31
25 35
25 36
25 39
25 44
25 45
25 46
25 47
25 51
25 52
25 53
25 54
25 56
25 58
25 61
25 64
25 67
25 69
25 70
25 74
26 4
26 6
26 9
26 10
26 13
26 14
26 15
26 19
26 21
26 23
26 27
26 28
26 33
26 34
26 38
26 40
26 41
26 42
26 45
26 46
26 49
26 51
26 53
26 57
26 60
26 67
26 69
26 71
26 73
26 75
27 9
27 10
27 12
27 13
27 19
27 20
27 24
27 26
27 32
27 33
27 34
27 36
27 38
27 39
27 45
27 50
27 53
27 55
27 56
27 58
27 59
27 60
27 64
27 70
27 72
27 74
27 75
28 1
28 2
28 4
28 8
28 9
28 10
28 11
28 12
28 23
28 26
28 29
28 30
28 31
28 32
28 33
28 40
28 42
28 43
28 45
28 48
28 51
28 53
28 55
28 57
28 58
28 59
28 60
28 61
28 63
28 64
28 66
28 72
28 73
28 74
29 1
29 2
29 5
29 6
29 7
29 8
29 11
29 12
29 16
29 20
29 23
29 25
29 28
29 38
29 40
29 41
29 43
29 46
29 49
29 51
29 54
29 61
29 62
29 67
29 69
29 70
29 72
30 1
30 5
30 9
30 10
30 15
30 16
30 19
30 22
30 23
30 28
30 32
30 36
30 38
30 39
30 40
30 41
30 43
30 48
30 52
30 53
30 57
30 59
30 65
30 67
30 68
30 69
30 74
31 2
31 7
31 9
31 13
31 21
31 24
31 25
31 28
31 32
31 38
31 43
31 45
31 46
31 49
31 54
31 55
31 56
31 57
31 63
31 64
31 65
31 68
31 69
31 70
31 72
31 73
32 2
32 5
32 6
32 7
32 12
32 16
32 17
32 19
32 21
32 22
32 24
32 27
32 28
32 30
32 31
32 34
32 35
32 38
32 39
32 40
32 42
32 45
32 46
32 54
32 55
32 58
32 59
32 63
32 65
32 66
33 1
33 2
33 3
33 5
33 6
33 16
33 20
33 21
33 24
33 26
33 27
33 28
33 37
33 38
33 41
33 43
33 44
33 50
33 52
33 53
33 55
33 61
33 62
33 63
33 67
33 68
33 69
33 71
34 8
34 9
34 14
34 16
34 17
34 18
34 19
34 24
34 26
34 27
34 32
34 35
34 37
34 39
34 40
34 42
34 43
34 45
34 47
34 51
34 52
34 53
34 55
34 57
34 58
34 59
34 60
34 61
34 63
34 66
34 72
34 73
34 74
35 1
35 2
35 4
35 5
35 6
35 11
35 12
35 15
35 17
35 19
35 22
35 25
35 32
35 34
35 36
35 39
35 41
35 47
35 48
35 49
35 50
35 54
35 55
35 57
35 59
35 61
35 62
35 63
35 69
35 70
35 72
36 1
36 3
36 4
36 5
36 9
36 12
36 14
36 19
36 20
36 22
36 24
36 25
36 27
36 30
36 35
36 38
36 41
36 43
36 44
36 45
36 46
36 50
36 53
36 58
36 61
36 65
36 66
36 73
36 74
37 1
37 2
37 3
37 4
37 6
37 7
37 8
37 11
37 13
37 14
37 18
37 19
37 20
37 22
37 33
37 34
37 41
37 43
37 45
37 47
37 49
37 50
37 51
37 53
37 55
37 56
37 57
37 58
37 59
37 60
37 61
37 63
37 64
37 67
37 68
37 69
37 70
37 71
38 2
38 3
38 9
38 10
38 12
38 13
38 14
38 16
38 26
38 27
38 29
38 30
38 31
38 32
38 33
38 36
38 40
38 45
38 47
38 49
38 50
38 51
38 54
38 55
38 57
38 61
38 62
38 63
38 64
38 65
38 66
38 69
38 74
38 75
39 2
39 4
39 6
39 12
39 15
39 16
39 17
39 18
39 21
39 24
39 25
39 27
39 30
39 32
39 34
39 35
39 43
39 50
39 52
39 53
39 54
39 55
39 59
39 60
39 61
39 63
39 64
39 70
39 71
40 3
40 7
40 8
40 11
40 12
40 19
40 20
40 22
40 26
40 28
40 29
40 30
40 32
40 34
40 38
40 42
40 44
40 47
40 48
40 50
40 52
40 56
40 60
40 62
40 66
40 67
40 69
40 74
40 75
41 1
41 5
41 11
41 13
41 14
41 15
41 18
41 19
41 20
41 21
41 22
41 23
41 24
41 26
41 29
41 30
41 33
41 35
41 36
41 37
41 44
41 45
41 49
41 50
41 51
41 55
41 59
41 61
41 63
41 64
41 65
41 66
41 70
41 72
41 74
42 3
42 5
42 14
42 17
42 18
42 24
42 26
42 28
42 32
42 34
42 40
42 43
42 44
42 47
42 49
42 55
42 56
42 58
42 60
42 61
42 65
42 66
42 67
42 69
42 74
43 4
43 5
43 6
43 9
43 12
43 14
43 16
43 28
43 29
43 30
43 31
43 33
43 34
43 36
43 37
43 39
43 42
43 45
43 46
43 51
43 52
43 53
43 56
43 62
43 64
43 65
43 67
43 72
43 73
43 74
43 75
44 8
44 9
44 13
44 14
44 19
44 21
44 24
44 25
44 33
44 36
44 40
44 41
44 42
44 45
44 49
44 50
44 52
44 53
44 54
44 55
44 58
44 61
44 63
44 64
44 65
44 66
44 68
44 70
44 72
44 73
44 74
44 75
45 5
45 10
45 14
45 15
45 16
45 19
45 21
45 24
45 25
45 26
45 27
45 28
45 31
45 32
45 34
45 36
45 37
45 38
45 41
45 43
45 44
45 46
45 48
45 49
45 51
45 52
45 53
45 56
45 58
45 59
45 60
45 63
45 67
45 68
45 70
45 72
45 75
46 2
46 8
46 12
46 13
46 18
46 19
46 21
46 25
46 26
46 29
46 31
46 32
46 36
46 43
46 45
46 47
46 49
46 52
46 57
46 59
46 60
46 62
46 65
46 66
46 69
46 70
46 72
46 73
46 75
47 2
47 3
47 4
47 6
47 7
47 8
47 9
47 12
47 15
47 16
47 17
47 21
47 22
47 25
47 34
47 35
47 37
47 38
47 40
47 42
47 46
47 49
47 52
47 53
47 54
47 55
47 57
47 60
47 61
47 63
47 66
47 68
47 71
47 72
47 73
47 74
48 4
48 6
48 7
48 8
48 9
48 12
48 14
48 16
48 20
48 22
48 24
48 28
48 30
48 35
48 40
48 45
48 51
48 57
48 58
48 59
48 63
48 64
48 67
48 69
48 70
48 71
48 75
49 2
49 3
49 8
49 9
49 11
49 18
49 19
49 20
49 22
49 23
49 24
49 26
49 29
49 31
49 35
49 37
49 38
49 41
49 42
49 44
49 45
49 46
49 47
49 51
49 53
49 54
49 55
49 56
49 57
49 59
49 63
49 64
49 65
49 66
49 67
49 72
49 74
50 1
50 2
50 4
50 7
50 8
50 9
50 15
50 16
50 17
50 18
50 19
50 22
50 24
50 27
50 33
50 35
50 36
50 37
50 38
50 39
50 40
50 41
50 44
50 51
50 52
50 53
50 55
50 59
50 60
50 61
50 63
50 67
50 72
50 73
50 74
51 4
51 7
51 8
51 11
51 12
51 14
51 15
51 16
51 17
51 23
51 25
51 26
51 28
51 29
51 34
51 37
51 38
51 41
51 43
51 45
51 48
51 49
51 50
51 53
51 54
51 56
51 61
51 63
51 64
51 69
51 70
51 73
52 2
52 3
52 4
52 6
52 10
52 15
52 20
52 24
52 25
52 30
52 33
52 34
52 39
52 40
52 43
52 44
52 45
52 46
52 47
52 50
52 57
52 58
52 63
52 64
52 65
52 66
52 68
52 71
52 72
52 73
53 2
53 7
53 11
53 13
53 16
53 17
53 18
53 21
53 25
53 26
53 27
53 28
53 30
53 33
53 34
53 36
53 37
53 39
53 43
53 44
53 45
53 47
53 49
53 50
53 51
53 55
53 57
53 60
53 61
53 62
53 67
53 74
54 3
54 4
54 5
54 6
54 9
54 10
54 11
54 14
54 18
54 23
54 25
54 29
54 31
54 32
54 35
54 38
54 39
54 44
54 47
54 49
54 51
54 56
54 62
54 67
54 68
54 72
54 73
54 74
55 4
55 9
55 10
55 13
55 14
55 15
55 16
55 23
55 24
55 27
55 28
55 31
55 32
55 33
55 34
55 35
55 37
55 38
55 39
55 41
55 42
55 44
55 47
55 49
55 50
55 53
55 56
55 58
55 60
55 64
55 65
55 67
55 70
55 73
55 74
55 75
56 3
56 4
56 7
56 11
56 14
56 15
56 20
56 21
56 22
56 24
56 25
56 27
56 31
56 37
56 40
56 42
56 43
56 45
56 49
56 51
56 54
56 55
56 57
56 58
56 59
56 60
56 61
56 64
56 66
56 71
56 72
57 1
57 2
57 3
57 7
57 11
57 12
57 13
57 17
57 18
57 20
57 26
57 28
57 30
57 31
57 34
57 35
57 37
57 38
57 46
57 47
57 48
57 49
57 52
57 53
57 56
57 58
57 59
57 61
57 65
57 67
57 68
57 71
57 72
58 2
58 3
58 6
58 8
58 12
58 13
58 19
58 20
58 21
58 23
58 24
58 25
58 27
58 28
58 32
58 34
58 36
58 37
58 42
58 44
58 45
58 48
58 52
58 55
58 56
58 57
58 59
58 66
58 69
58 71
58 72
58 74
58 75
59 1
59 4
59 5
59 7
59 13
59 16
59 17
59 27
59 28
59 30
59 32
59 34
59 35
59 37
59 39
59 41
59 45
59 46
59 48
59 49
59 50
59 56
59 57
59 58
59 60
59 63
59 64
59 67
59 70
59 75
60 3
60 4
60 9
60 10
60 11
60 17
60 26
60 27
60 28
60 34
60 37
60 39
60 40
60 42
60 45
60 46
60 47
60 50
60 53
60 55
60 56
60 59
60 62
60 65
60 67
60 73
61 4
61 11
61 12
61 18
61 20
61 25
61 28
61 29
61 33
61 34
61 35
61 36
61 37
61 38
61 39
61 41
61 42
61 44
61 47
61 50
61 51
61 53
61 56
61 57
61 65
61 70
61 74
62 2
62 3
62 5
62 6
62 8
62 12
62 14
62 17
62 20
62 21
62 22
62 29
62 33
62 35
62 38
62 40
62 43
62 46
62 53
62 54
62 60
62 63
62 65
62 67
62 69
62 71
62 72
63 2
63 4
63 8
63 9
63 10
63 12
63 13
63 17
63 19
63 20
63 21
63 24
63 28
63 31
63 32
63 33
63 34
63 35
63 37
63 38
63 39
63 41
63 44
63 45
63 47
63 48
63 49
63 50
63 51
63 52
63 59
63 62
63 65
63 66
63 69
63 70
63 74
64 5
64 6
64 9
64 11
64 14
64 17
64 19
64 20
64 23
64 25
64 27
64 28
64 31
64 37
64 38
64 39
64 41
64 43
64 44
64 48
64 49
64 51
64 52
64 55
64 56
64 59
64 67
64 69
64 74
64 75
65 3
65 4
65 6
65 8
65 12
65 13
65 15
65 21
65 22
65 23
65 30
65 31
65 32
65 36
65 38
65 41
65 42
65 43
65 44
65 46
65 49
65 52
65 55
65 57
65 60
65 61
65 62
65 63
65 69
65 75
66 1
66 12
66 16
66 17
66 24
66 28
66 32
66 34
66 36
66 38
66 40
66 41
66 42
66 44
66 46
66 47
66 49
66 52
66 56
66 58
66 63
66 67
66 68
66 69
66 70
66 71
66 72
67 2
67 3
67 5
67 7
67 8
67 13
67 15
67 20
67 21
67 23
67 24
67 25
67 26
67 29
67 30
67 33
67 37
67 40
67 42
67 43
67 45
67 48
67 49
67 50
67 53
67 54
67 55
67 57
67 59
67 60
67 62
67 64
67 66
67 68
67 70
67 73
67 75
68 2
68 6
68 8
68 10
68 12
68 18
68 19
68 20
68 21
68 22
68 30
68 31
68 33
68 37
68 44
68 45
68 47
68 52
68 54
68 57
68 66
68 67
68 69
68 73
69 1
69 6
69 13
69 14
69 16
69 17
69 18
69 24
69 25
69 26
69 29
69 30
69 31
69 33
69 35
69 37
69 38
69 40
69 42
69 46
69 48
69 51
69 58
69 62
69 63
69 64
69 65
69 66
69 68
69 70
69 74
70 1
70 3
70 4
70 5
70 7
70 11
70 12
70 14
70 17
70 18
70 22
70 23
70 24
70 25
70 27
70 29
70 31
70 35
70 37
70 39
70 41
70 44
70 45
70 46
70 48
70 51
70 55
70 59
70 61
70 63
70 66
70 67
70 69
70 74
71 1
71 2
71 5
71 6
71 7
71 8
71 12
71 13
71 15
71 17
71 18
71 19
71 26
71 33
71 37
71 39
71 47
71 48
71 52
71 56
71 57
71 58
71 62
71 66
71 73
71 74
71 75
72 5
72 6
72 8
72 9
72 12
72 14
72 18
72 20
72 23
72 24
72 27
72 28
72 29
72 31
72 34
72 35
72 41
72 43
72 44
72 45
72 46
72 47
72 49
72 50
72 52
72 54
72 56
72 57
72 58
72 62
72 66
72 74
72 75
73 8
73 13
73 15
73 19
73 23
73 24
73 26
73 28
73 31
73 34
73 36
73 43
73 44
73 46
73 47
73 50
73 51
73 52
73 54
73 55
73 60
73 67
73 68
73 71
74 1
74 2
74 5
74 6
74 7
74 11
74 13
74 14
74 17
74 18
74 22
74 24
74 25
74 27
74 28
74 30
74 34
74 36
74 38
74 40
74 41
74 42
74 43
74 44
74 47
74 49
74 50
74 53
74 54
74 55
74 58
74 61
74 63
74 64
74 69
74 70
74 71
74 72
75 2
75 4
75 8
75 11
75 13
75 26
75 27
75 38
75 40
75 43
75 44
75 45
75 46
75 48
75 55
75 58
75 59
75 64
75 65
75 67
75 71
75 72
